# reward.txt contains number of transitions:cumulative reward
60 -108.41305802654288
151 -102.05660003175105
224 -101.5488703445367
1824 -109.8533472728825
1898 -101.71127298412875
1977 -104.2435727247688
2060 -103.75572802643602
2152 -119.811398726567
3752 -119.33744489955997
3813 -120.05455485878016
3902 -123.16453622707725
3960 -102.37277850271389
4029 -101.75651136297725
4091 -101.9372367043461
5691 -116.79339746592593
5766 -121.92700712293137
5811 -113.19679284885494
5937 -104.19478928794153
6011 -102.69954482833808
6072 -103.60241432103965
6164 -101.44609880378097
7764 -125.23610119550031
9364 -106.51845713531527
10964 -100.98561756738107
11017 -104.52739788970041
11080 -105.35733830570057
11155 -107.96386194145214
12755 -104.10280581076023
14355 -109.48071619765085
15955 -105.5932862535318
17555 -108.78926549836135
17631 -108.3494303336752
19231 -115.88094172324317
19289 -109.18883312932775
19365 -113.98869807924889
20965 -115.07589390591053
21034 -109.55958444538899
22634 -105.5246885906644
22677 -108.73916706128233
22763 -99.32018417479345
22865 -110.07071948829727
22939 -117.64593072632017
23017 -115.3017363444542
24617 -106.10676775485506
24684 -119.81375809481368
24747 -114.48192839889911
24805 -102.12047471771886
26405 -109.54338278214388
28005 -110.05470963321876
29605 -107.97624475966522
31205 -106.6286871643673
32805 -101.2642406375465
34405 -105.73260468173102
36005 -93.64819956983567
36102 -105.97548200718438
37702 -109.31984874176734
37758 -105.69770836583214
39358 -105.67116561005884
40958 -96.64213122700036
41037 -111.27376641974288
42637 -89.3755462246911
44237 -87.50979974980035
45837 -94.96177552406463
47437 -94.90477715264583
49037 -103.95328483097244
50637 -92.80142870815045
52237 -84.00506432081696
53837 -91.35498263797598
53968 -113.38625285198043
55568 -78.37170299600245
55616 -107.17489733151471
55672 -108.9440782772756
57272 -88.63512166975323
58872 -83.96725785359794
58945 -119.52156223748935
59046 -107.22715411398994
60646 -89.94467054580126
62246 -81.8122790257483
62295 -111.84600297991746
62415 -115.97991338217491
64015 -83.5553420708247
65615 -83.631734888568
67215 -87.50359335154593
67282 -102.38020423345267
68882 -84.82851366424927
68978 -118.61376380711049
70578 -76.63066859135957
72178 -79.96691844809051
73778 -88.64676985556437
75378 -77.79967048086397
76978 -81.78743528689816
78578 -84.33768789292121
80178 -79.26070377960589
80219 -112.62725918975161
81819 -75.81040511666671
83419 -81.94046504778039
83486 -112.12006108458402
85086 -89.56087265945769
86686 -86.6219244774069
86771 -107.11403689679628
88371 -77.81769165506455
89971 -87.34375080490683
91571 -82.13661069022486
93171 -73.62083604112397
94771 -66.5125844208231
94824 -107.9864585588295
96424 -71.46263136035341
96469 -104.48140500750641
96531 -106.4815283829042
98131 -65.81920830462695
99731 -83.26191940245903
101331 -60.52025658409984
102931 -69.18177400720809
103002 -107.48943547684141
103087 -100.71308659402281
104687 -73.49611089086231
106287 -76.41154367890586
107887 -70.26228920881503
109487 -72.55627005549879
111087 -71.13825463530303
111160 -113.01066632482969
111210 -117.05926945713456
111343 -125.3598268717192
112943 -69.87897729190203
114543 -83.68213642135332
114585 -114.77974199262138
114636 -116.71191895151138
114727 -114.8694356768603
114783 -111.41900479783801
114832 -117.13987777389089
116432 -78.06368435689066
118032 -80.42968673149446
119632 -81.91426870844325
119702 -114.65099406092739
121302 -72.04378189838182
122902 -81.66677789884743
122965 -124.10927223842964
124565 -66.44364761863083
124616 -107.13369498266653
126216 -66.43849555978916
127816 -70.62927381236295
129416 -64.26407237634011
131016 -74.79943377993493
132616 -61.078121570184905
134216 -76.97286582774444
135816 -62.63261953733989
137416 -58.593116650765694
139016 -64.79481812792325
140616 -60.111220608423814
142216 -59.60589986894409
143816 -58.8822830626293
145416 -45.60616851005174
147016 -53.86065196625398
148616 -57.1134006317798
150216 -48.250731622879684
151816 -49.38686669303038
153416 -34.626011084072836
153460 -108.0582924409012
153599 -129.17297560057293
155199 -42.010058831043615
156799 -38.75145919933051
158399 -45.33032729590069
159999 -40.96845461743704
161599 -53.168823270813206
163199 -34.95505832325235
163271 -110.79901364008833
164871 -35.420969185215725
166471 -31.49302478274079
168071 -29.02661828364182
169671 -19.85351500297925
171271 -22.324134617611126
172871 -17.974297753623972
174471 -20.921405477677805
176071 -13.929678224563014
177671 -0.4872036401555134
179271 0.3604639032476954
180871 -5.304920332135013
182471 0.7548244542411103
184071 1.292964444914838
185671 22.802437711423543
185912 -103.71121653953567
187512 14.665794323110314
189112 21.63031733945632
189651 -103.68126882139408
189710 -114.58591954796576
191310 -0.5333422321236373
192910 35.87795639828779
194510 26.12584783672656
196110 16.34512386105519
197710 24.34627348330803
199310 23.18417743944814
200910 20.470128947533656
202510 32.872577032375396
204110 32.747345169539855
205710 61.644621056590886
207310 63.832716329074636
207362 -112.12496101956629
208962 49.31179267544733
210562 88.4574607939645
212162 68.03186678504969
212218 -122.35534859687151
212300 -106.12352616616649
213900 64.77392654632037
215500 59.226221693955964
215558 -113.46494934002652
215611 -108.61986381579997
217211 56.68665154976537
218811 57.24274058093973
220411 54.613494032618995
222011 69.07864029089833
223611 66.3744164234785
225211 57.159425372745744
226811 75.23141212845032
228411 66.78690379729683
230011 88.41394813793958
231611 112.0675792135255
232021 -96.52856709531014
232089 -112.83326999883974
233689 75.73739923778977
235289 83.9863734517594
236889 90.83396986426351
238489 86.73172881752052
240089 100.34068926993528
241689 131.8469872931534
243289 112.95021889197135
244889 139.28472984979283
246489 128.59807457174162
247971 -3.4390827063672873
249571 83.07659061126725
251171 132.36641368929358
252436 -4.306637208108015
252807 -76.74750117321872
254407 115.35357916493703
256007 120.41848346632052
256062 -111.61412050741663
257662 112.29212831829618
259262 109.60279696696631
260862 116.70900092905431
262462 85.88282044038931
264062 117.65939881575589
265662 91.62483967209404
265884 -106.00822446328961
267484 114.75792184920981
269084 107.1763572551142
269185 -105.51386827295646
270785 115.30936042196751
272385 104.34471094442836
272455 -104.25677792337413
274055 101.00150056421126
275655 103.01296619462944
275716 -115.41303944326751
275785 -111.36995243465466
277385 108.00435508134095
278985 118.1093075158954
279082 -117.62179043943249
280682 125.338948342233
282282 125.40833308278467
283882 125.56121499482043
285482 143.066553912202
287082 154.01337899913304
287156 -113.96207004691784
288756 130.2168732368839
290356 131.87344113592744
290404 -110.20021967472384
292004 142.27518279026282
293395 26.408419799972606
293998 -75.56902518371614
294883 -32.00407974472701
296361 15.317414148207064
297961 141.4147046320712
298015 -107.4219084048327
299615 146.8994230201091
299922 -97.86783482241196
301522 150.80603262608855
301691 -119.50109636498553
301877 -117.77559651682526
303477 159.96791833920037
303630 -102.27313949796248
303694 -117.4533340156041
305294 139.00116935032796
306894 168.40944297892915
308494 114.52033872866463
308559 -109.26361063649506
310159 145.96596712935906
311759 147.17777365903183
311816 -105.28382794643753
313416 147.2872886095879
313482 -102.88593358058172
315082 136.73428236323153
316682 150.64914942330938
318115 39.72306113136867
318398 -85.18499887448488
319998 174.29151028070672
321598 158.4660166051449
323198 152.35392372016693
324798 153.0575107225617
326398 150.59535005283675
327998 151.82757848733
328071 -103.74547894416253
328156 -111.76348799339682
329756 169.82989973430068
331356 133.32919120133286
332956 157.37280908605916
333753 -43.47734284331769
333875 -134.73976092395807
335475 177.5657494762573
337075 148.73837252190643
338675 152.38664167496054
340275 150.58066649192943
340367 -116.60704321199407
341188 -30.87261072166072
341600 -58.723565265104355
341675 -117.7312846659422
343275 167.1560563751443
344647 4.633228256814206
346247 133.57364246135782
346314 -110.6725182642558
347914 191.02563307149978
349514 157.8349735755647
351114 128.89244084366834
352036 -40.66150709859593
353636 145.97280357660156
355236 144.18755018008238
356836 148.7395325277167
356890 -105.22405502565454
358490 142.2933293888937
360090 138.5091938462941
361690 135.46619567311626
363290 170.73723834130848
363365 -111.82836815312629
364965 138.5798137167611
366565 139.380237886003
368165 152.13339757485724
369765 157.75317199978033
371365 143.4654994788796
372965 143.813668855643
374565 156.24585998061633
374658 -116.86499531400142
374709 -109.58183690925439
374777 -115.73544238015265
376377 145.45782051184895
377977 159.15261811029026
379577 167.05591611461406
381177 145.70237337210753
382777 142.14020868058762
384377 168.91296509362195
384498 -106.40008934670811
384577 -121.04518536309214
386177 157.51414268125168
387777 138.0660684730868
389377 152.83248487688172
390977 122.5979953457211
392577 175.19895721032225
394177 133.80451002950255
395777 148.64076431489573
397377 175.79891859680012
397445 -116.93517065330222
399045 191.66733438766414
400645 153.19471892047528
400707 -113.8943630494848
402307 174.16179019855414
403907 166.69122721660264
405507 155.3523331622162
407107 167.93327146896985
408707 159.7492989510853
410307 166.43645696974713
411907 173.61891058135797
413507 166.44627864616976
415107 174.61453635942468
416707 181.23799752207844
418307 182.60910918506917
418375 -111.74202700321314
419975 179.62127014001473
421575 152.98023609511225
423175 185.09854492779672
424775 169.57714630564294
424936 -133.74264290507696
426536 171.66697341536155
428136 165.2853738110424
428196 -117.15528895720529
428261 -117.7464709507556
429861 186.96264287173764
431461 157.4497379253709
431519 -109.20263389498554
431579 -109.3325701786702
433179 166.03997327187105
433245 -114.69173866522746
433316 -119.23061084197896
434916 170.98126025941386
436516 179.7339259707491
438116 171.47384455558458
439716 189.99820775259568
441316 169.3577834736446
442916 198.64356859221633
444516 169.3359258569426
446116 188.48889958947981
447716 147.10515057064532
449316 196.58264020756366
450916 190.32078242195064
452516 186.91996704748342
454116 174.70760458886463
455716 177.86408703985617
457316 157.2828023939803
457450 -103.93681007238912
459050 174.8215232744588
460650 186.9589926455259
462250 205.8537694030707
463850 210.52390070430425
465450 193.58068069195758
467050 202.8899490392843
468650 211.45488674128217
470250 163.69296597605685
470301 -116.62129606702925
471901 207.52758680099996
473501 193.89739468478732
474185 -30.8516381071949
475785 179.3418279538778
477385 196.71395673937053
477450 -111.27246197766686
479050 226.39360144193415
480650 199.6918509626986
481884 37.66492645786016
483484 215.7721739100179
485084 214.72523745644003
486684 227.5098304354852
488284 171.06231389726042
488400 -128.972322241785
490000 193.12637513573972
490060 -118.7097727230688
491660 176.94842257426203
493260 188.91043676827832
493330 -120.07874325140193
494930 209.70950766056728
496530 207.7052512343617
498130 206.75000607817236
499730 191.1690406613546
499865 -123.2194340027378
501465 205.68539709159296
503065 179.0901799939651
503126 -119.84524155687788
504726 192.12587069996638
506326 182.635175323929
507926 200.16906063752975
509526 202.58658834408695
511126 205.3792338422792
512726 182.8759549588331
514326 215.32970936234292
515436 15.230482730287477
517036 219.31525502229445
518636 208.37257081191558
520236 203.47994621076697
521836 219.41022456054387
523436 203.79043936226955
525036 201.97540050122916
526636 194.8917915543798
526702 -116.32191341351779
528302 195.70680077204497
528628 -76.04952001444872
530228 209.16913218096474
531828 202.70806115711176
533428 204.43872804895125
535028 193.63860128602633
536628 205.3998006305491
538228 196.2032633052282
539828 223.41168987709804
541428 213.88372390811705
543028 208.0632528659038
544628 236.49527590172536
546228 209.67662610110526
547828 216.09303273948026
549428 197.1651613187882
551028 231.00454696215502
552201 35.52985057679132
553801 224.80929645188277
553874 -124.5600188398926
554891 8.640720584702649
556213 74.64008113162521
557813 201.97430195910528
559413 198.65430037337478
561013 213.14752672852768
562613 193.88882169320112
564213 213.4821575891544
565813 213.48315152017204
565910 -125.99350706634112
567510 218.55296883836323
569110 223.77986662794441
570710 185.63845796863743
572310 211.34557232368024
573910 225.73760652390754
575510 186.80308909660698
577110 204.22351481880045
578710 205.55846195660402
580310 186.40322878464212
581910 204.22219122921175
583510 232.3898087233175
584792 47.03001240652105
586392 201.15995197232826
587992 199.62722130098157
588136 -99.35258049513648
589736 221.88712532562803
589822 -118.58554511333008
591422 210.13978983971452
593022 231.2109592742625
594622 244.1071806805918
596222 216.0909617054255
597822 203.32674175202052
597878 -108.1128261387106
599478 212.4992949128228
599850 -74.56674258607191
601204 63.31943647229414
601267 -115.44028786097964
602867 219.29245961512217
603040 -94.11853496680968
604533 69.25305830118054
606133 216.43079783338243
607733 241.63306721631005
607820 -122.14801600865772
607883 -110.65030177368223
609483 226.23174475425512
611083 198.6534696342693
611158 -123.36356879174213
612758 213.03326127083199
614358 228.57567646643798
615958 224.06032984197995
617558 216.65873424069974
619158 209.27214633570068
620758 211.82492285864802
622358 200.70407825764005
623958 233.11726134858995
625558 229.5588258830792
627095 99.12574595837907
628695 242.93169430629536
630295 235.86605556202113
631895 243.3641089840395
633495 200.01626111845405
635095 235.24747525087284
635365 -93.42815472373056
635884 -45.19707027662857
637484 220.36658359737578
638783 85.0210793613146
640383 191.6337910576483
641983 209.96665070355272
642594 -55.72646687638823
644194 225.68476513338544
645794 240.05971212646506
645851 -117.79460760001032
646284 -53.1782722842886
647884 211.75216241947498
647942 -112.90902975738483
649542 218.42817275736252
649857 -95.42775763210217
651457 223.39524646909638
651551 -120.90612340758555
653151 227.47244230765136
654751 222.4302826841741
656351 225.71860025684657
657951 222.52012133419817
659551 226.69607406211486
661151 249.85528502894255
661926 4.114262545350286
662481 -44.77602934736004
662542 -105.51473891867634
664142 233.16367041917206
665742 235.0195038583296
667342 239.2518900995758
667437 -103.17664794294785
668703 63.956419343146194
670303 214.50381182499274
671903 225.15824397922015
673503 238.49805135229585
673596 -103.05852433171745
675196 201.32197372110411
676796 236.73283857625205
678396 230.88669851819506
679996 216.58795126758926
681596 218.85632725354355
683196 246.2034744260019
684796 242.11523748068885
686393 251.06476490190252
687993 251.80289148056443
689251 59.585734659546745
690277 22.430563722055396
691877 219.94744451766033
693477 234.25938591404753
695077 241.97337011327804
696656 252.82457954724248
698256 230.44029152102445
699796 254.6002010783042
700357 -32.81016705272533
701387 26.61883855371302
701464 -119.51115572623536
703034 253.54523495405635
703166 -88.0473919613231
704766 246.37002223289977
705766 37.51364020118251
707366 219.80859176083084
708966 247.7709336855552
710566 228.83332140240418
712159 251.29147402817944
713717 254.83501738627538
715314 250.73287886886212
716914 211.81822425343105
717017 -131.49440360634773
717374 -56.86008040654658
718943 253.93683840048192
720508 253.47397153704182
722108 249.40245963092576
723708 233.6284523770693
725308 246.04279822907782
726908 242.66125305495137
727026 -108.8734305849218
728594 255.4272185283034
730194 249.50845093876578
730980 11.76867032525685
732566 253.2354337913737
734166 224.7794724517364
735745 252.7656738048534
737308 252.8724296539044
737553 -81.550207049851
739135 253.99570919045985
740697 254.70646751960163
742297 239.6402789089857
743860 255.81945085836077
745350 257.92984870887346
745481 -89.77947066626885
747081 249.19725997902862
748681 244.70368332534497
750257 254.078522099794
751788 254.40456631980203
753388 231.43943575572706
754988 249.95208420410762
756564 256.24791092767265
758164 243.87645224925745
759764 241.83348268861462
761364 243.28180351632395
762936 253.6951354125013
764536 240.94512161950274
766087 257.2197918342705
767651 256.3138402791427
769200 256.3910116772748
770747 255.60041989707258
772278 257.60640147131716
773878 246.74405969390182
774012 -98.59210969258535
775612 243.4226624007085
777185 255.3781467820232
778770 252.68039633532172
780316 257.85520426073776
781879 255.22134287185324
783479 248.68118149680458
785062 251.10004573295578
786662 238.43388494672215
788262 248.32326051309914
788903 -36.12936912971047
790503 241.32826329177345
792055 255.61246270185364
793650 255.2967154103201
795169 258.38565808489153
796769 241.1893514678836
798369 236.7205387370186
799887 257.7850911372503
801390 261.4051224467857
802932 255.44432551097964
804532 229.41321731214475
806029 261.29912361797193
807569 258.6751608484789
809119 255.71431486350124
810719 239.52300690624187
812301 252.27053021519978
813784 261.66827751880567
813946 -138.1494214677289
815478 259.2253682830027
817078 219.9828238633182
818611 257.7165440382285
820211 244.16424206586893
821811 243.28999861801395
823307 261.07561260434034
824817 258.2250055924064
826315 261.86087537657426
827915 237.00885805494676
829010 54.11518401796636
830610 228.76222340733466
830680 -115.75374940098325
832171 259.4673204173198
833771 247.63227215708662
835339 254.2087234454181
836861 258.14187587924073
838397 258.0997733390074
839975 256.0634651237319
841540 255.74235052686365
843069 258.51153972183675
844669 223.94398314260323
846269 250.48038264125944
847869 251.1517796574763
849469 231.14707337480286
850946 261.9123840821272
852546 242.72069765734463
854099 255.249313812188
855670 253.61242390614132
857179 261.31709660798026
858779 247.75667795194644
860222 263.30583266789006
861816 250.90063514132493
863286 262.3323222825018
864770 260.3427507239162
866220 262.0914558978069
867705 260.11957917622266
868752 77.58015547070204
870347 253.19470644593375
871021 -10.54026345537764
872613 252.54031049056786
874028 264.09129108056743
875585 255.48419367738435
877142 256.4271265789985
878703 256.1937552112159
880171 261.698866388187
881604 262.78131291833074
883204 253.0731495647744
884697 256.00108464900813
884754 -113.27931446389978
886229 260.41495880197886
887708 260.7522416348676
889242 258.60862882180174
890814 255.35261886561472
891598 15.914958021243535
893090 258.8954616193542
894267 86.599498176722
894744 -41.041892823504924
896282 257.4218632073585
897849 254.76178335486895
899449 245.79605814784819
900976 256.14649490666517
902491 254.82561596368936
903987 259.6411550661125
905502 255.26722596832616
907029 254.30610376644353
908522 258.5252955563235
909148 -19.439721352630784
910669 257.40413636310166
912191 258.2173872026415
912375 -98.90855987856041
913860 258.74135197322835
914931 60.22188718388608
916531 238.68551642370724
918130 250.61443910967608
919650 257.7686388562646
921132 261.95623799154856
922649 258.041711331642
924164 258.63731994648236
924497 -53.26193296196064
925972 261.1314310001146
927461 259.3316093673456
928354 37.85593364401035
929855 257.1430875601049
931388 257.22347324710995
932882 257.1502107929165
934482 249.5140098058998
935639 84.13345772809481
937024 269.06812467854036
937767 10.88097388528773
939315 255.61982249997254
940853 257.9891463825881
942331 260.70296390261996
943875 254.01409979310927
945475 250.80628229160502
946954 260.0025216341032
948392 261.15365723218616
949043 -13.309284820323114
950606 252.92642677537768
951477 2.702300723331632
953077 249.52828499449964
954567 260.0800475378138
956167 212.95353165921625
957681 257.5637537747894
959217 252.30968413841768
960707 260.23445833297416
962307 242.24889650982348
963864 255.69320279888515
965344 261.4410796444456
965525 -119.98966041701597
967092 251.83390322755744
968623 253.95466706340207
970197 253.23356028688082
971719 258.41129053301376
973262 254.7030204399168
974791 254.27623494882582
976330 253.60153298814345
977930 251.01744367432659
978069 -135.01718891708305
979592 256.35336021782666
981070 258.4831582769839
982561 257.31257212922935
983746 71.3336517833142
985270 256.34257414274526
986739 259.98352884459035
986860 -109.79639819788358
988316 261.1610667889198
989073 -25.929803386372186
990673 244.2409430917147
992224 253.48161277882213
993824 245.86367611163385
995315 259.58314685029603
996915 195.92684781537878
998418 258.3510353412216
999912 257.2883030527821
1001512 252.60467163703314
1003108 249.55710213581756
1004655 252.66845664322653
1006165 257.41428681396116
1007715 255.5258519895464
1009315 249.97861881726507
1010812 258.5059183818927
1012378 253.27150674726394
1013933 254.46909278730018
1015474 253.82033860366676
1016922 262.87088861264976
1018457 255.83491424393475
1020005 256.07752679454643
1021539 257.07825414785515
1022201 -39.010967871562215
1023786 254.45577451179685
1025224 264.5519619248899
1026772 253.46592738650088
1028265 259.80271915374084
1029694 261.54500648951796
1031256 251.59094783195476
1032761 258.4223321581203
1034328 253.85632139155578
1035767 259.323606595747
1037366 250.23738422315463
1038966 242.3436132821561
1040094 40.51776889067955
1040875 -13.262001570316713
1042418 253.8276145195776
1043891 261.1390465937387
1045475 251.7030821656951
1046984 254.12619160794404
1048526 253.90492950336937
1048843 -66.29309885679436
1049828 16.74821892668693
1051334 254.9643088211581
1051887 -39.37750110874317
1053405 255.38764356955858
1054913 255.22999599047645
1056387 258.41581273555704
1057870 261.1238891379558
1059470 247.80671002414482
1060920 261.84780434918844
1061141 -80.09896270736368
1062678 256.4144970199832
1064176 255.5844279922628
1065678 258.0223051722307
1067182 253.4241836738672
1068706 253.65563181128525
1070254 253.6317438682386
1071757 256.1430431337263
1073254 257.54490305327744
1074787 253.73814168442652
1076303 254.67851384285515
1077771 260.84924398818
1079302 253.80561711676765
1080825 256.42693164379466
1082378 251.57472760321852
1083920 253.0433022919482
1085410 258.55153356927536
1086852 261.35048986092283
1086932 -109.29630612127607
1088400 256.7748138691932
1088495 -116.63460009768481
1090095 224.7258312643542
1091615 255.96249008852632
1093143 255.79497102519736
1093926 10.330647891253179
1095344 262.7491320819628
1095433 -117.97987442268618
1096972 252.7612895776085
1098494 256.81833153785936
1099924 263.18181804376803
1101401 260.3863084207174
1102856 257.8402947983737
1104348 260.00226068624556
1105721 131.54883804478982
1107238 256.1298687680119
1108738 259.8655259265925
1110154 263.68453532172686
1111609 260.9485194848864
1113102 258.65408767238324
1114561 262.0978879863684
1115122 -31.29935065775547
1116646 252.36893757365593
1118168 254.7096196138
1119705 255.1735361167197
1121257 253.39600391754354
1122748 260.27027401379314
1124022 85.73761566691257
1125464 128.04845535845823
1126926 259.8324095195224
1128453 256.0523712982537
1130029 252.1830265848692
1131495 260.09111302842365
1132989 260.05087858933666
1134572 249.04951562928795
1136075 258.503012477809
1137509 261.27057467652116
1138989 260.3404865443442
1140468 260.1257014822638
1141957 255.99616335317603
1142167 -121.72535555115343
1143683 255.16349596150107
1145195 255.1324346525694
1146720 255.2659300750991
1148165 262.5508675094657
1149024 29.681084247539985
1150431 265.8280930688563
1151965 251.6658912292958
1153292 88.49243805853607
1154749 259.779954293324
1156273 256.92653317723824
1157523 100.41898872885403
1159012 259.0134858398536
1160416 265.13344243361837
1161923 257.8511560933571
1163436 257.27880292565675
1164967 254.6121024244369
1166534 254.44580176439894
1168005 260.66978738709224
1168793 -5.770109763136503
1169882 83.69773075953773
1171412 256.4575849266967
1172919 256.98679979596875
1174415 260.24477532218344
1175488 50.418131979689434
1175996 -38.00149403624175
1177491 258.50132251217656
1179055 255.6062930028471
1180484 262.5458022454925
1181929 262.1151965020647
1182262 -67.18796095774016
1183328 75.51727653099144
1184806 260.8324147565817
1186302 256.8575204082063
1187849 254.81968809899982
1189322 258.48811552531237
1190817 259.0136942822343
1192296 258.61880354479865
1193784 256.76147443731986
1195314 256.31058324886845
1196818 258.2459628750992
1198403 253.4671681833509
1199893 256.3893878449625
1201433 256.8731013946203
1203019 252.73203735303713
1204452 261.92888887977176
1205910 260.14909339870314
1207409 259.86529581835026
1208991 253.92338823303663
1210430 259.42591733121697
1211954 254.4338055107408
1212838 31.119953516471014
1214349 257.05852652330526
1215805 261.35818024922554
1216624 7.257842184408588
1218041 263.72398924322664
1219561 256.0588161024229
1221161 246.0585740810747
1222664 255.41155316194258
1224264 229.84549636284308
1225766 257.52524889374035
1227220 261.26159778344305
1228717 258.83970115474733
1230303 252.05840643344882
1231800 258.2901860188412
1233251 260.04775870717805
1234690 263.0564415341226
1236147 260.3483308515692
1237566 260.60812621118004
1239078 258.5781637245129
1240647 253.4193902273145
1242142 257.22267305229167
1243698 252.97954859440978
1245190 259.3640793190832
1246668 259.6281137555363
1246747 -111.51295690940259
1248239 256.6035545146279
1248351 -115.90572057893935
1249864 256.4917300965183
1251352 258.04513171286044
1252846 257.12245952537927
1254301 260.28829682835845
1255843 253.12349827412092
1257362 256.5123027528004
1258804 258.6279197520877
1260363 251.28340452121566
1261797 261.8904262083922
1263256 258.42102748847964
1264722 259.92969966287814
1266216 256.8944012845027
1267653 258.228354033617
1269093 262.14544237974474
1270529 263.0054365600521
1272058 254.5775022780532
1273529 256.526285967212
1275031 257.8968027643228
1276622 251.54766323603457
1278084 257.7562928577726
1279524 258.7845138688679
1281033 257.4730413814651
1282552 256.16061249318034
1284016 260.6666135786948
1285616 233.94851864302294
1287134 255.40316892955158
1288724 248.6692728448962
1290264 254.37330412573365
1290824 -32.51236769965351
1292323 258.6038280412534
1293792 259.533507449432
1295328 253.59973208359872
1296844 255.39651285698662
1298376 255.9441273516894
1299927 253.35120581279912
1301425 259.1315467383243
1302934 258.30550437175435
1304403 260.1990573993513
1305832 264.38660531399216
1306886 32.83268824424866
1308418 256.672572358306
1309827 123.13476669683502
1311344 256.5584364099382
1311529 -122.37616212683481
1313046 257.9660088753777
1314517 260.92281547504825
1315933 264.84051707395656
1317469 253.6072068664392
1318936 257.6794909841262
1320364 262.53170184440916
1321878 256.19698184515227
1323399 255.69410274289692
1324873 260.2785913211851
1326371 255.52440460988242
1327874 258.23850698537603
1329452 251.92812913510653
1330884 260.0208288247492
1332370 257.3248544263628
1333864 256.6584921863551
1335259 264.21456998397446
1336781 257.680995324323
1338309 253.72447038153112
1339848 255.90526240289915
1341367 257.24388100984936
1342835 261.17479140889924
1344334 254.6215488576295
1344737 -51.75052703548036
1346239 259.0824909166333
1347749 255.67235729799748
1349232 260.288342603881
1350634 266.1124757243403
1352114 258.5805988795262
1353023 42.06444474929509
1354458 263.68893353055
1355938 258.9126280327456
1357406 262.00743153938276
1358879 258.13250485853337
1360361 258.82578490543796
1361828 260.36330100926256
1363341 256.2254335447802
1364800 261.95898054518995
1366337 257.23328213535507
1367779 261.36088936214986
1369277 258.26347722569653
1370771 255.73541844721626
1372194 263.2216277973301
1373757 253.72152196242112
1375245 258.0692817673755
1376732 260.3218478250901
1378289 253.64007490608725
1379743 260.27866267162835
1381193 259.7916514545508
1382603 265.46581191979436
1384077 261.4012181526567
1384189 -112.9257712992144
1385657 261.2487485892546
1386810 98.91181299769966
1388320 257.68146825219
1389886 252.88977754659086
1391373 260.332278575374
1392909 256.3514039196755
1394429 254.7150812052711
1395972 255.46201600743478
1397472 256.3821826592585
1399006 256.7701231410991
1400471 260.0606196888281
1402038 252.97460222861565
1403578 254.61454971435404
1405009 261.40242309633254
1406447 261.72560949814755
1407886 261.7934692304872
1409434 253.12141646085828
1410930 259.91267833142564
1412509 253.29532004462615
1414005 255.91723089484933
1415562 254.81048398462082
1417069 258.1048397447991
1418584 257.74547608454145
1420028 261.52304983291725
1421521 255.8169891179164
1423043 253.89821902053592
1424362 96.244759558424
1425895 255.73782489000104
1427360 259.02990674401514
1428925 254.20359681613664
1430382 259.0871318195809
1431847 256.2566338827603
1433304 256.92265927050573
1434796 256.5237747615357
1436276 256.2977871655577
1437715 260.772277587162
1439120 264.73305887205834
1440550 260.80985816477863
1442082 254.87800036125446
1443628 252.99865692299386
1445212 252.837568726258
1446683 259.24062458010116
1448132 262.61997109453984
1449582 256.9943582630749
1451086 254.30566339207977
1452549 262.0239822968543
1454063 255.95872280761557
1455531 262.2729298441346
1457009 261.7442040613571
1458446 262.56017619166875
1459926 262.21810912979015
1461344 263.0885965894684
1462772 262.9894731824045
1464266 255.074941046716
1465715 260.69845641705535
1467178 261.46151237018785
1468624 263.1767477813999
1470124 259.56948092216834
1471567 262.0015231986879
1473016 262.497180639427
1474426 263.78935319534264
1475858 264.84077738755826
1477313 261.062862608638
1478768 106.40270887644394
1480037 116.67235039914115
1481497 127.61697874061886
1482916 261.86636254649886
1484376 261.86909337872635
1485801 263.8165839752019
1487283 257.98625613479305
1488722 261.7364461303403
1490131 265.03923849254966
1491071 23.98050633107796
1492472 265.13077548976497
1493933 259.58541358407314
1495333 263.1503320362966
1496749 263.10497276426
1498167 265.6754763950672
1499562 266.32232224778323
1501026 257.5925161506997
1501798 8.374221050631803
1503224 263.51253797657085
1504007 15.53557716850193
1505557 253.48776817123232
1506023 -33.73992319522482
1507464 261.09082292349234
1508935 257.5600233101398
1510375 262.7939293469233
1511843 261.1079285631795
1512265 -42.30213429895108
1513685 263.11820781958556
1515116 260.69531911506164
1515855 -1.599375661580595
1517395 251.82102173704678
1518812 260.6386936937971
1520296 257.38454226948534
1521718 263.2459449481724
1522128 -41.268911102560374
1523531 262.06342107606235
1524991 259.77164907089883
1525432 -35.47132801618737
1526421 3.615228602212696
1527790 266.38500310846723
1529240 261.75118497926553
1530687 261.8709013773654
1532144 257.81220735348273
1533592 259.58384237191547
1535117 254.50494302641425
1536520 261.2416808993998
1537989 261.64231476058734
1539450 262.23129559787185
1540858 264.33254799260857
1542322 258.1697343542835
1543735 262.47698513400246
1545281 254.3673282631263
1546710 261.70940089530103
1548101 263.98818590359025
1549576 258.41045745132607
1551095 144.43205393823945
1552543 261.7031557763186
1554037 257.2888403587274
1555493 259.03567071228855
1556968 258.78484398126324
1558406 263.8291460716794
1558754 -62.11488153320423
1560173 265.0960036666007
1561638 261.16475063790745
1563051 262.66422868851714
1564526 259.15239721041996
1565950 260.4746210195122
1567360 263.5418427359847
1568793 261.34747880496974
1570270 257.7382558002988
1571668 264.55460969852123
1573042 266.2929200155911
1574508 259.0817688854485
1575967 257.6504357516735
1577383 262.96779289260604
1578810 261.89225295410506
1580207 262.55508542701807
1581653 258.3089894107073
1582722 81.56553000086316
1584144 261.7876213074934
1585614 259.2161522089179
1587055 262.20535630923234
1588445 263.2512322450831
1589958 254.160539292096
1591414 259.7579147225541
1592899 257.8969880323876
1594320 262.0818598646605
1595743 260.0861539716999
1597153 263.22833790372164
1598643 257.8199513259769
1600097 260.50063104811187
1601493 265.21627165838873
1602922 261.61347471567103
1604317 264.339448983565
1605708 262.57665793658026
1607101 266.13272385816214
1608554 258.4090817928545
1609953 264.6392955008999
1611377 262.39782014451
1612858 260.59829645294303
1614276 263.6017323303581
1615673 264.9678999821392
1615941 -77.40455725822288
1617381 259.6571057205943
1618871 261.17645977783604
1620275 263.54829919065463
1621659 264.08669102998783
1623075 263.33887849576945
1624487 263.7018808230795
1625900 265.3174686646303
1627313 261.445715982299
1628717 264.820770026423
1630289 249.19713811295273
1631806 255.14459368577485
1633321 256.2340181560875
1634783 256.95572978225357
1636170 266.5305491376224
1637628 261.20404793375144
1639121 256.67947171154543
1640546 259.6990486565798
1641934 262.3554695696449
1643407 259.11367359802637
1644828 264.4316088134343
1646330 257.3047132762472
1647814 259.9744947763379
1649222 265.21687429068646
1650624 263.4665353642598
1651991 268.19003043390586
1653448 259.43248191641214
1654833 266.2139156777892
1656340 255.82956216419697
1657752 262.04904641700097
1659164 263.49546419585226
1660572 262.77680128545654
1662108 253.86833407327106
1663554 261.765543858479
1664969 262.62471636516415
1666498 255.71086504091127
1667889 264.19726173599577
1669303 260.75940694213165
1670760 259.40315421575343
1672211 261.93900355565296
1673640 261.41892539901886
1675055 264.2884368158893
1676423 267.1256698469603
1677866 259.26271881172215
1679283 260.7037966670784
1680720 262.28006426884366
1681159 -56.98152644660946
1682586 261.98108178429214
1684014 260.93272667242354
1685464 263.6663601782996
1686911 260.34021420394174
1688280 268.7037073757143
1689763 258.7730014469256
1691199 261.9785954808111
1692618 263.13424984050295
1694017 263.5226286572863
1695458 263.59355367308444
1696883 262.08283926912094
1698354 257.90812594984175
1699265 39.04346911817049
1700698 262.97017259003826
1702150 260.5701059567892
1703540 263.83003987186567
1705007 259.5249436901476
1706475 258.51388901463247
1707955 255.83432247555032
1709318 267.63951067092654
1710729 260.86570639962275
1712169 261.85669528233615
1712589 -37.1946155311447
1714029 261.51740985692055
1714863 29.455131641271862
1716374 255.36792604353795
1717834 258.8456977662845
1719334 257.38901548974377
1720777 260.722963649545
1722219 259.46690803866124
1723701 258.3942851583301
1725071 268.50578972964917
1726537 257.63900478865173
1727945 265.4141785451661
1729374 259.5663113869861
1730844 260.50789173866883
1732286 260.3564696678514
1733748 258.6495736074207
1735130 266.70884813331935
1736595 259.9327921661009
1738014 263.37530053931573
1738894 39.926953795907934
1740326 258.0054444711259
1741788 260.4930223454235
1743195 265.1218549758721
1744585 266.49662107840396
1746015 259.87834178694106
1747433 263.7064397271337
1748878 259.36481638770175
1750365 259.44757038261764
1751862 255.5287487309423
1753266 266.0362306881445
1754697 261.50757797377065
1756084 261.71882713463515
1757546 260.8922310234836
1758973 265.16303663646596
1760423 262.637339124187
1761916 257.97712996544203
1763303 263.57330949761996
1764815 257.9025595541033
1766257 263.9930526163735
1767658 266.50062714754654
1768574 48.675020451800975
1770025 262.2269495044715
1771479 148.93151997178626
1772861 266.3058865123603
1774324 259.2676414799451
1775743 264.1008787703833
1775859 -92.17540439271058
1777301 262.7866059359937
1778731 259.93579414042307
1780182 258.01024013192716
1781587 263.8617650560658
1782957 263.7433504781444
1784456 256.34359853053604
1785898 260.72222864610535
1787353 259.9832745076351
1788821 260.7634430870807
1790230 265.71175557022866
1791752 256.41845588659174
1793138 263.07448773243107
1794555 262.8915548191462
1795976 261.43636854422846
1797391 263.7049539233036
1798155 6.38895524762323
1799629 259.48065222750296
1801034 265.8383634343557
1802062 68.48442897770715
1803520 262.57149290146435
1804945 264.49380142463775
1806375 263.29230835332174
1807813 261.7595701789296
1809280 261.7067864359024
1810713 264.03292332582225
1812268 252.0178916232467
1813648 268.0829598960389
1815054 265.6725540270446
1816575 255.69731262393228
1818047 262.7660953564957
1819525 140.5761358453125
1820927 264.53432219747066
1822399 260.4761076937092
1823909 257.95828565291515
1825308 263.6916180016789
1826711 266.1688557024709
1828169 262.1881890030508
1829620 260.4117392693546
1831065 264.51551447149075
1831974 60.85647015598889
1833434 259.26427873705285
1834924 259.9090971023959
1836319 268.11347267873407
1837764 262.89433342177165
1839173 260.82773311386615
1840597 263.6127079288691
1842026 263.445119939475
1843457 261.93990621862804
1844880 263.0194972584807
1846354 260.08325099875606
1847809 260.90846993486355
1849212 265.1115009635059
1850678 262.09105997655524
1852090 263.7904531894209
1853530 264.25212141496957
1855002 259.0945594659528
1856420 265.103197062938
1856866 -41.93114183410942
1858301 260.7952355937097
1859749 264.13031004770767
1861180 264.11864628321723
1862685 258.61886060840794
1864095 267.05728541295855
1865514 262.7282825186051
1866983 260.31403366303056
1868425 258.89927665195535
1869863 264.4799957828553
1871274 264.4110910611441
1872671 266.66406003529266
1874132 261.9397849195958
1875543 264.33751637758377
1876956 264.28061043813693
1878342 265.26424855419856
1879808 263.16111639064434
1881215 263.0042376553017
1882666 262.5190391607204
1884074 263.1990252455267
1885442 267.56951496538
1886845 267.4598054044872
1888232 264.67654444160206
1889640 265.207569175615
1891064 262.0035636043475
1892621 256.81944640899445
1893992 267.36562999759553
1895407 267.69568732107126
1896890 258.41678333034855
1898405 259.56244087683444
1899892 258.8292027953428
1901281 264.40665888529696
1902710 262.7633633614151
1904215 256.3498010365896
1905723 259.35040421074933
1907198 263.07071887074926
1908675 259.757552773488
1910145 262.01397659407985
1911586 258.8557227975154
1913009 262.67002488260664
1914492 260.5495361464523
1915971 261.74683870384547
1917451 262.1012718808525
1918944 259.9719522724045
1920414 260.62857414107856
1921872 262.6262286936784
1923314 262.12993228446
1924732 265.56083487697475
1926186 262.4287424602403
1927623 263.19539889300074
1929051 263.34956672386187
1930550 259.8887854506075
1931997 262.705107208962
1933493 260.4414446132776
1934076 -45.325787461827844
1935525 260.5481584946038
1936943 263.6359320714524
1938383 261.1628252349004
1939841 261.6570743622491
1941284 265.0189292687138
1942712 263.94489552355464
1944212 258.2592567697876
1945614 265.972260582391
1946987 269.56187551461824
1948463 260.9750151289596
1949868 265.85361619851557
1951308 263.4569517055997
1952746 262.27349519426053
1954144 268.6447585716441
1955580 263.80964146632704
1956956 268.9280468655952
1958340 266.5083224150434
1959731 268.5747296194085
1961149 266.12070119531137
1962619 264.24529198850104
1964034 268.12724110368936
1965443 266.2684596953891
1966871 265.12097568057817
1968342 262.6945474646394
1969770 267.98102362823454
1971126 269.90581649676534
1972580 260.5660256937276
1974012 266.74855565155224
1975401 267.8235733222524
1976869 261.4840695089496
1978314 262.138098595871
1979733 263.5124792705207
1981159 264.2116510007731
1982592 263.20882607753134
1983972 267.5932013198868
1985429 262.0836717738412
1986837 264.0249543568887
1988272 265.88802751936106
1989706 264.4393401692029
1991090 266.98784301402384
1992550 263.0654455468128
1993908 269.12717848553785
1995277 266.795719491938
1996718 265.5240607838685
1998111 269.9902769917807
1998734 -33.36399755379993
2000138 267.0253430907261
2001567 267.6797291731671
2003016 263.12897668213384
2004428 266.9600832467307
2005853 263.0417808259598
2006409 -49.031705482846824
2007883 264.13566562305897
2009345 261.3489433176875
2010746 268.47229616191856
2011794 70.35064758364999
2013252 265.10596777142155
2014736 261.08162957890204
2016117 269.16634701898795
2017578 261.39168304284084
2019101 259.2229660570863
2020460 271.4329823869426
2021900 266.8356259044761
2023296 267.7450350985069
2024703 268.1612993125202
2026159 263.4008642386686
2027540 267.4244999867862
2028916 270.08146406889455
2030367 264.3806311596739
2031761 268.01696865868666
2033162 267.08846648575627
2034597 266.801815756734
2036073 263.28642291563466
2037477 266.5230682283349
2038907 264.3793789140622
2040316 268.4086671657915
2041793 261.6663712587896
2043218 264.19200937505684
2044629 268.4616309044931
2046020 267.53235789598523
2047473 263.8479710432506
2048847 271.60863574040286
2050204 271.44958886509596
2051611 267.02889872098353
2053000 268.7106796716738
2054380 266.12733556401565
2055756 271.7829087865735
2057191 267.0125441265436
2058563 268.4830391603016
2059936 268.731885585413
2061377 263.03160548436534
2062796 263.50488014027684
2064222 264.7365187057845
2065660 267.37876453213187
2067069 269.95486077564965
2068479 264.1238046312267
2069927 265.35922838355316
2071360 264.2263731824594
2072754 268.7638194068113
2074191 263.1413115067063
2075614 263.8040893865199
2077024 266.39521776795
2078528 263.0168150161909
2079923 271.06063838301554
2081340 269.8652608781009
2082747 264.66940133746687
2084124 270.30446508478855
2085489 268.6299762199414
2086914 267.75925657900933
2088328 265.61851318934987
2089742 265.198212865246
2091166 267.9528287594896
2092558 268.29269542661746
2093923 271.7264392303148
2095361 262.2920074157301
2096763 265.95093968816474
2098181 268.2282160544515
2099555 269.0595421727481
2101011 266.06734741069016
2102365 271.1904659688759
2103777 265.13619002939555
2105173 267.346139624478
2106545 269.6037448326457
2107955 263.94884854704236
2109270 273.40725223921913
2110627 272.52660506803505
2112041 266.5151778991258
2113447 266.145565877813
2113657 -129.80189754654776
2115071 266.40776340887135
2115126 -116.16271685224585
2116602 262.0859055453206
2116710 -123.76201152016968
2116793 -120.93983910460523
2116860 -118.28258791802885
2116923 -117.48718943622956
2116984 -114.23464029763826
2118372 270.7307415143326
2119834 263.1517323955206
2121256 267.08745261773106
2122686 265.31318095534294
2122752 -117.40364011414287
2122866 -120.83904990676977
2122923 -116.43646812175959
2124458 258.0697006254327
2124520 -119.32676804104447
2124587 -112.51868548447825
2126005 268.32161420167904
2127333 273.2628276951723
2128734 268.8484946949417
2130115 268.689923863152
2130193 -120.91969828313775
2130275 -119.94410214157962
2131719 266.424329292097
2133078 271.8077598055894
2133136 -121.86396844159812
2134532 269.66738689761956
2135890 272.02181426218414
2136457 -31.516941281626643
2136522 -118.11672586437066
2137888 267.64239706462104
2139405 256.8912216005276
2140807 265.12113842717923
2142161 273.29496726520176
2143561 264.240261848605
2145010 267.59103741800834
2145081 -120.41478446601455
2146448 269.47054629092816
2147794 273.25612895197764
2149170 270.6941080853775
2150579 267.4950574359249
2151990 265.1638526222769
2152066 -119.58739050272231
2153426 270.85290349191934
2154849 259.6307891660328
2156247 269.6317021154987
2157635 270.175071220542
2159048 266.3112926394894
2159201 -121.4366926409509
2160631 265.3684822032286
2162001 272.1030296168582
2163360 270.7729295883302
2163420 -112.72510548926331
2164851 264.7882875922327
2166237 269.86672872845696
2167662 266.09260724051643
2169087 267.0131092129656
2170503 264.82725221428944
2171879 268.51109406730046
2173287 264.7252984105573
2174658 268.69306688054843
2176073 263.3511170033729
2177411 273.8302333899218
2178777 267.5694158804562
2180215 265.8736586110815
2181600 270.75808219354667
2183007 265.31156574693836
2183071 -117.90127036693133
2184452 267.5480094485505
2185839 265.92546343246556
2187280 266.3753823116155
2188642 269.27321945396
2190134 263.6426209098463
2191599 263.1553285728129
2192977 272.0717703349184
2194409 267.5248052400673
2195818 266.7028537378681
2197187 269.24204479545347
2198669 262.6299234524675
2200128 263.7813360974409
2201531 269.6567977678317
2202912 268.4549738668086
2204339 267.8002861822747
2205731 270.36674940639114
2207163 265.31005248440755
2208560 268.3346896371417
2209981 267.7759727941259
2210053 -112.66119316957828
2211437 271.1091350384414
2212801 270.65391254573166
2214209 267.7541489685382
2215554 270.10340091032833
2217003 265.7602384988957
2218463 265.77989843296365
2219849 266.2867561916145
2221190 267.3314580742842
2222629 267.02246911942393
2224135 261.3243829934702
2225523 269.0409168516434
2226924 269.75432807476795
2228353 266.0811892919185
2229719 268.10201096859623
2231084 268.96388904627895
2232511 267.37213998511766
2233884 266.37223651671684
2235296 264.27579710668283
2236636 274.7537096377206
2238051 267.48680018372926
2239416 272.6294481996015
2240828 267.86799421302015
2242235 270.0853348676861
2243632 269.8341534182675
2244993 271.0210569949329
2246404 267.1475941176611
2247751 272.28193825329697
2249138 267.7080777725511
2250543 267.7832719345419
2251952 267.73749469775106
2253313 271.67145188949297
2253667 -66.1306730604988
2255108 265.8329038997202
2256465 269.90695253218036
2257893 267.17952257439566
2259270 268.49250076265963
2260689 268.18022440822904
2262043 271.21502782223246
2263499 261.3642052787413
2264868 270.6887963938313
2266224 270.54215733467055
2267600 269.92539238655735
2268157 -53.91652835423375
2269633 259.5890286699682
2271028 267.5175686281518
2272452 267.41230262678135
2273837 266.0582223257731
2275195 269.16382560990195
2276594 269.83613163683185
2277960 267.85820145157817
2279359 264.97542997025437
2280754 265.95992381908553
2282163 265.44770627095573
2283582 265.29736575586656
2285050 264.06868118787486
2286433 269.74908105996207
2287820 265.5072005461167
2287936 -103.69381178632379
2289280 270.44126261257054
2290681 267.5549844427063
2292119 266.4177331503388
2293582 263.7861117002128
2294979 269.8298350453769
2295045 -117.06919948549569
2296411 270.91256403156353
2297873 265.32299759949854
2299272 267.99750257615824
2299345 -115.55063323656842
2300761 267.1815183008941
2302164 268.6265834633224
2302884 31.966068113862832
2304234 269.04445640961046
2305616 267.25526536654576
2306957 271.8697498377589
2308337 269.2708305823976
2309669 268.26103557307067
2311046 269.1719240500773
2312508 265.83713671975613
2313839 271.23365604486895
2313980 -119.06997919384081
2315411 264.06302029711094
2316820 268.36726847710514
2318249 264.01541108897726
2319613 272.05763829677767
2321059 266.38260550012717
2322478 265.60423666836243
2323888 270.14856712581303
2325278 265.2969078305498
2326652 269.98087364664775
2328051 265.9185176880813
2329495 261.96163523352516
2330903 266.63375050904136
2331389 -68.93278104851271
2332757 269.4763891365988
2334205 265.4512892325093
2335589 270.9333816994564
2337020 265.3346368899027
2338414 269.14844196984205
2339791 270.1560069725088
2340385 -48.530711966263695
2341791 266.74195827279976
2341872 -118.82331023898783
2343285 268.6289790545127
2344657 270.7692649709509
2346121 262.1262143561566
2347487 272.2641237989377
2348980 261.4041472512685
2350330 268.9278681236246
2351723 270.6051828389759
2353124 267.5352310738579
2354502 272.89720450396067
2355922 267.1533154324987
2357359 264.9025026376763
2358785 266.76649815255286
2360120 274.2111002619114
2361533 269.57189307778873
2362848 272.8391719579315
2364255 269.65491224291804
2365768 264.7515161046995
2367108 274.21152704238415
2368500 268.4759891867025
2369884 269.7191344996218
2371281 270.64772672935567
2372655 272.77173794824273
2374075 270.21684485446576
2375449 271.292455960703
2376836 271.8321855545985
2378195 270.3787474915433
2379651 263.6176150926846
2381070 267.4137372785643
2382393 276.2722524613679
2383760 271.9686777691979
2385139 271.43306088170345
2386545 269.3216472378587
2387919 269.72115424380553
2389343 266.6541599318534
2390856 261.8912291815819
2392324 263.0477365765031
2393714 270.96272578021126
2395110 270.0161532283481
2396532 265.24482605275807
2397917 270.71831262107634
2399276 272.19010298399843
2399333 -110.7662897700773
2400695 137.55681678192371
2402165 263.87602904723275
2403514 272.9743863605641
2404880 273.0715358319067
2406236 271.94183894025167
2407644 268.00680597442073
2409046 270.34040905929936
2410407 271.49204602342985
2411787 270.27588740181704
2413163 267.73741849043245
2414505 274.5070317685943
2415973 264.2702904348545
2417410 267.1592401824731
2418829 265.5508741438178
2420280 265.63105182966945
2421652 272.9197686021398
2423037 270.50070919257496
2424400 270.6034640386663
2425777 266.8748422504895
2427152 270.75284254848185
2428517 272.0430421232249
2429878 272.77741737327926
2431287 270.6490284787252
2432664 267.91396092579316
2434041 267.44554258077756
2435432 268.39488230932056
2436827 267.5118629007138
2438262 268.0921225871856
2439691 268.1290456229423
2441129 267.1729228747874
2442526 268.48149011390666
2443889 272.76794487709554
2445299 266.0185072118357
2446717 268.19030240406477
2448087 268.4086715980242
2449496 269.8147933660603
2450986 262.61157234492464
2452336 273.268163999866
2453731 269.1369032065738
2455145 269.03884450186246
2456506 271.3549248677165
2457908 269.8194952949767
2459315 267.3350846581485
2460656 272.3272326104813
2462032 270.82525606650864
2463387 270.529118530798
2464761 273.0428859553252
2466158 268.4979932994881
2467504 272.04615699658325
2468896 271.60769456575747
2470257 274.14558630278316
2471608 274.4915626449478
2472991 267.7642832539867
2474399 269.41127253176273
2475787 271.6340103990131
2477102 271.50027423363105
2478433 273.64094016269365
2479788 274.2497454367339
2481188 268.46330296880404
2482608 267.0691457406777
2484049 264.69287041671345
2485411 272.3697552290616
2486756 273.7014924554434
2488118 271.05997075798524
2489430 271.94257327075627
2490755 274.314844579304
2492156 270.3362312142654
2493558 269.2344919425616
2494928 271.7248627756819
2496251 271.0101509105119
2497602 270.08756261730025
2498958 273.65932700082016
2500299 275.3298704334708
2501698 269.1098468801655
2503155 265.3345124441178
2504498 269.6241767562727
2505840 274.264147904189
2507301 266.4101680098127
2508703 266.7253602457711
2510137 265.7319721084211
2511499 269.66044990751334
2512944 264.9157386588614
2514325 269.4098371659218
2515699 272.11557895068745
2517097 270.8794564835247
2518471 272.18734058452196
2519793 274.5968173999151
2521131 273.5459771290195
2522493 272.01087495641457
2523827 275.18150204152647
2525209 270.81380057625563
2526588 270.2112867462632
2528007 269.7020580702148
2529353 273.77194026420995
2530783 269.1956141364394
2532164 270.308137962598
2533560 271.99198940144834
2534924 271.3579888273642
2536169 97.4674518297553
2537485 274.7068855112016
2538876 272.3834079300289
2539376 -39.70429676807364
2540722 271.72228400893755
2540836 -117.48517889776329
2542193 274.3087533510764
2543613 269.1967033254749
2544987 273.17842731456693
2546391 265.7388706907885
2547784 269.3985384622831
2549151 271.05581606604085
2550501 274.41305007766704
2551862 272.4345854819346
2553227 270.68334438519406
2554603 270.7941913085237
2555963 272.7009023869302
2557333 272.66093424790193
2558720 269.58857586011885
2560070 272.1471945349355
2561389 272.75834162349577
2562744 275.1566894929811
2564105 274.02543313760304
2565437 273.2826439170637
2566814 272.5067054150801
2568211 267.740886517657
2569586 272.51852915070003
2570950 270.0281997187443
2572360 270.7542553958848
2573742 272.67247187131017
2575133 270.2408765890785
2576472 270.456792068656
2577792 276.05862842214145
2579225 266.8380763445599
2580566 275.70901080664964
2581922 270.5816275460991
2582886 69.45717318999081
2584342 267.0499921110037
2585721 269.55483810985857
2587055 275.2328033586168
2588429 274.35175775496407
2589790 274.854484113935
2591119 275.0727642167703
2591190 -115.33311865082383
2592536 272.68921402137755
2593914 269.0064813238363
2595226 273.3505050917166
2596607 271.70012975615543
2597938 272.1525348518087
2599285 274.19027525039235
2600680 269.86428179388633
2602077 266.82025710279544
2603499 269.2344498712075
2604871 271.35273167274954
2606199 272.04458980746756
2607575 270.084454591592
2608997 268.3326117220021
2610379 270.53010798644937
2611766 272.15692437367187
2613079 277.5432197157874
2614416 272.187779560499
2615764 272.51499520744045
2617195 267.7391465526348
2618599 269.78221356525455
2620012 266.3617885890664
2621330 273.8113293802962
2622662 272.5544444737906
2624005 272.97068056857836
2625420 267.353812631163
2626820 269.34744214190556
2628165 271.6629141019557
2629544 272.8562699162842
2630901 271.9421712091479
2632243 275.28148574542433
2633607 274.09297297805466
2634969 271.88497527511413
2636325 270.59741543493755
2637654 276.6942886850404
2639089 263.898406182341
2640393 278.4670309521666
2641734 272.39291328828705
2643093 273.9024289181024
2644269 127.45309630481094
2645641 273.68007982718865
2646989 272.7022780629384
2648324 276.2323854601271
2649731 268.0710804770122
2651093 270.97262569237233
2652528 265.42035225546556
2653875 273.1037628549876
2655230 271.13614674618736
2656614 270.77820025582116
2658002 269.02635203214584
2659306 275.8838757172629
2660722 271.33246987040724
2662040 273.1662460340145
2663351 274.23972800255723
2664728 272.0918154546665
2666067 272.2150316932704
2667481 267.4669792660459
2667896 -62.624217925829804
2669292 268.5895474443873
2670669 272.2613297701072
2672055 270.59047349154827
2673380 273.4247133735299
2674770 272.1568091403444
2676148 270.9629739972619
2677495 272.0024130417314
2678878 272.44470322701955
2680247 273.5344884719958
2681621 269.11651171301656
2682054 -59.130255058334505
2683462 270.8963001517521
2684803 274.67323546259496
2686170 272.61896201969176
2687552 273.4596941933609
2688897 274.0146842829845
2690210 276.95267538258076
2691604 267.8802336205504
2692983 270.6444715377765
2694350 273.21422157009096
2695717 273.00272651610527
2697070 271.2115159948294
2698438 273.8127575934327
2699848 268.0194615969577
2701166 273.92531595341876
2702520 271.8392754043
2703860 274.5432042235395
2705256 267.5938206078993
2706616 268.13459322356704
2707974 273.58793293661284
2709316 273.78312757874295
2710700 271.9909144343329
2712018 274.4799106585275
2713429 264.5593762482016
2714843 268.4855580051983
2716247 270.2197980595494
2717534 275.9981620349301
2718849 276.4097105713928
2720202 272.34180780475435
2721585 270.01762150190393
2722979 267.60060381763
2724329 273.99421354520007
2725678 275.79713108207244
2727015 272.22717368023615
2728374 272.68629453685537
2729758 271.2901361736798
2731069 277.20612348810386
2732415 269.76774868564735
2733843 269.864036992421
2735230 271.796791859525
2736627 273.6054878002811
2737964 276.22155006924504
2739369 268.8508090246039
2740731 275.4341890085402
2742078 274.34987456105665
2743488 267.9444678698215
2744829 271.35219580387275
2746190 272.68542691817964
2747583 270.192958908631
2749048 263.94557645327694
2750383 270.91745108770004
2751719 273.40105117075296
2753119 272.1426899665195
2754451 276.67525926974446
2755801 270.6951444309932
2757160 276.4351687269144
2758510 271.1969928869093
2759851 269.40042819539406
2761223 273.2569845275513
2762535 275.21966659265865
2763999 267.86131001215097
2765311 277.45892274636304
2766656 274.18750730275343
2768042 271.79613430154495
2769362 271.0530964254694
2770696 276.6369690654579
2772054 273.5330524232523
2773408 274.03564861137625
2774790 272.3908893604916
2776193 270.94342942929194
2777525 273.86861218231945
2778872 275.1172524688232
2780227 271.1987868844945
2781566 276.1958925724864
2782913 273.17704465561627
2784288 273.0481419432444
2785653 270.8505021922997
2787026 270.6445342197618
2788464 267.99441931951156
2789808 272.5038593964848
2791203 268.1144742489744
2792501 278.8575027817675
2793925 271.2883959456103
2795258 273.2258157375737
2796606 270.15307949251815
2798016 270.6779000962832
2799344 274.02025179336687
2800743 271.06096534379174
2802158 266.8255517751982
2803554 269.9510640651578
2804881 273.5284294772804
2806299 270.81688044858606
2807670 269.1686502920742
2809055 272.8046760652285
2810358 276.05832182350866
2811697 273.3329312468168
2813101 271.80733433430964
2814457 270.88736581252004
2815790 274.69963586448824
2817179 269.8399300244832
2818549 274.9303876926514
2819876 276.22206956334765
2821229 270.3071185496868
2822580 273.1630212115786
2823912 274.9240003509387
2825235 274.72260764186683
2826592 273.09116030246935
2827904 272.6355917675356
2829227 273.95788106247375
2830589 273.28017879481945
2831874 279.6493485417438
2833221 273.91346881292003
2834553 276.16844875324136
2835935 270.5150671101644
2837318 270.93283215149205
2838662 271.84905014672114
2840033 270.15734101119745
2841367 275.7311362761696
2842065 -10.125270648483948
2843463 271.0130344750799
2844892 271.92803960771244
2846259 276.625925320935
2847621 274.3523014654113
2849041 271.57132427404065
2850418 272.65033505666884
2851775 275.1642084363552
2853092 278.5196308308012
2854423 274.180847883809
2855782 274.06973846226634
2857151 274.7068486814495
2857779 0.9353190066541686
2859165 272.5640693841655
2860528 274.03498330729093
2861894 272.59038202639255
2863232 273.8408095788997
2864565 136.5093191131446
2865961 272.36754364043645
2867256 278.95275175225055
2868603 275.03602721266145
2869979 271.5368281430396
2871343 275.12418359728315
2872709 273.46318799292834
2874036 277.4820951198742
2875334 275.4427338195049
2876763 267.1960130904691
2878119 275.5439145336883
2879530 270.72364441359554
2880932 268.0379214090829
2882273 272.51189432884917
2883567 277.41670859321323
2884980 270.8745431347884
2886344 274.27881047931834
2887663 277.10348353439446
2889017 276.09730000530135
2890386 269.40579124986243
2891789 270.5373238032372
2893159 271.6135745635367
2894565 267.5223726811965
2895910 274.7466368078369
2897264 275.2630308846882
2898607 274.9097609570042
2900122 263.68919692039725
2901524 274.6137213450162
2902877 276.1194475899529
2904125 127.038181813004
2905454 276.2755966318936
2906815 271.3470585891433
2908175 275.80880952870564
2909578 267.3078389264013
2910951 274.4238300659502
2912284 274.5064014855204
2913639 276.68062519978747
2914934 275.71843192165557
2916293 274.9192568659223
2917658 271.78632164778014
2919058 269.8830554760306
2920398 276.76872638840547
2921804 269.1158864642302
2923175 274.9961554896525
2924394 93.80446641320663
2925803 271.9046510404167
2927156 271.1191220155064
2928484 277.49537951328665
2929786 278.9754356804451
2931189 272.22361604252455
2932559 272.6032962417859
2933885 272.41630890351666
2935290 271.03293158173113
2936692 272.94935972679025
2938060 272.35436683022635
2939393 274.4054355374545
2940753 272.24782632884654
2942148 271.45240265495397
2943463 275.37990125173485
2944824 271.6150195886477
2946160 277.0345173362001
2947489 276.9543476363765
2948871 268.08899541464916
2950188 277.37808595763863
2951516 274.4726012541897
2952920 269.0456190271279
2954282 275.30812661570576
2955682 271.42315793324826
2957037 272.59902913846116
2958428 272.74684853494523
2959776 272.89696828102615
2961167 272.1857568622712
2962649 267.7141570428862
2963939 277.76246809686734
2965300 275.0114608608678
2966716 269.3850428513327
2968073 272.40887925870413
2969423 272.5789967815965
2970794 272.25506100906927
2972141 272.53835423532513
2973508 272.1454668429061
2974934 270.8833462678995
2976293 270.2817632559483
2977629 275.10936284334895
2978950 278.38182544450973
2980330 272.8360235480989
2981701 272.01190402674905
2983030 276.69392289374343
2983400 -67.43137543182016
2984781 271.6233150849567
2986157 273.02803560086386
2987577 271.2110820480198
2988955 271.18111233330995
2990368 270.58828835075246
2991750 268.73751387795886
2993092 274.5120699897386
2994479 274.2299693149107
2995820 273.60375442748773
2997241 266.33892237878
2998587 276.7284462350966
2999928 272.73220649418283
3001327 274.54151640208676
3002724 272.548644039465
3004076 273.22409393952813
