# reward.txt contains number of transitions:cumulative reward
85 -121.08974387325301
1685 -111.04030500466195
1778 -100.79790297397909
1856 -102.83328015090153
3456 -110.71418419645059
3529 -102.7609770542377
5129 -106.26268703328502
5198 -103.28010115309804
5305 -100.75877030089063
5367 -113.11126594997383
5445 -104.34746916551329
7045 -104.00407108109907
7122 -99.92254538684836
8722 -97.11347337673041
8790 -116.7320103256063
10390 -104.93412198220463
11990 -114.64891663181164
12122 -101.62333122426271
13722 -111.31295182483166
13789 -103.86445850548071
13879 -107.57520263377515
13945 -101.53015850780562
14082 -97.96281478767098
14142 -103.92195654860356
14200 -108.26683421307803
15800 -107.81342564721754
15915 -100.33396060077473
16006 -123.35955159555097
16069 -104.00831987294865
16129 -115.59692078977824
16203 -109.40598311564605
16293 -113.31745258910581
17893 -97.47369872108906
17971 -107.37245090996846
18050 -101.05106462355704
18122 -115.59685263431258
18206 -113.90157208803545
18274 -116.26715818032561
19874 -116.44231548905576
19958 -100.2655943128628
21558 -94.48655903989913
21630 -103.23244147670455
21811 -127.7076850672747
23411 -89.05332246838088
23470 -115.12155113890084
23542 -105.01889814181844
25142 -101.48237379396825
25224 -109.91443405320496
25309 -107.9666424371237
26909 -114.20983288846146
26952 -110.83459232888713
28552 -111.19459266155901
30152 -91.84426089472872
31752 -94.03002995115658
33352 -120.8198391705806
33412 -102.70895144785878
35012 -90.4305676766947
36612 -90.23454972988124
38212 -86.64275344589352
39812 -88.50734772765936
41412 -90.4703057156087
43012 -119.87838533061549
43106 -101.57740636488361
44706 -97.69030147043051
44768 -108.62273020192546
44812 -107.9783026689229
44876 -101.29672132812068
46476 -88.79340284798388
48076 -94.84014379870635
49676 -81.51421183366945
49769 -121.21611429817757
51369 -90.53007546411204
51470 -107.43775275875814
53070 -85.59942255120653
54670 -87.26828873848163
54747 -98.11270579522414
56347 -101.3810612084801
57947 -88.26554524886163
58018 -117.37360544264068
58114 -117.95532693762644
58274 -107.77940811172004
59874 -71.66653358475214
61474 -74.88517266780264
63074 -72.9773191484847
64674 -64.93951300263974
64756 -108.01051348510633
66356 -65.73959639447739
67956 -76.02844722201435
69556 -65.12775712096136
71156 -72.53647298147467
72756 -65.03617711279368
72848 -103.58839649544223
74448 -57.90202400177398
76048 -65.6921546821209
77648 -58.19614418725793
77771 -127.44555197558304
79371 -68.10497904087775
79426 -104.23835971917026
81026 -60.75920453997082
81086 -116.13744096966522
81178 -108.65074471276377
81280 -109.27865326951351
82880 -63.566176484128384
84480 -63.68565913501972
84534 -107.87481217768602
86134 -68.89345497693986
86187 -112.78767815405938
86252 -112.52812091937514
87852 -60.57379642093792
89452 -66.75868738568022
91052 -69.07449373239601
92652 -59.181985393731544
94252 -66.11453471778582
95852 -76.09920975728258
97452 -60.02759616972869
99052 -62.954086981267814
100652 -53.342055920458726
102252 -68.87035430749613
103852 -67.30464518091388
105452 -65.23507685901474
107052 -65.79773517984957
108652 -59.65433729351618
110252 -62.602386533344784
110338 -104.32414963304437
111938 -57.32162139891506
113538 -54.761696320842276
115138 -47.8320664985621
116738 -57.017074325704336
118338 -44.02048100190492
119938 -38.28651803229281
121538 -49.4857807264523
123138 -48.59501065688109
124738 -53.117646657335314
126338 -40.66126577292819
127938 -34.023943438932854
129538 -36.34075912420212
131138 -36.241939835174584
132738 -34.705827657078665
134338 -24.56302345706876
134430 -111.61447804271243
136030 -32.18829137356951
137630 -34.52499347097297
139230 -39.68322219867446
140830 -24.033248759465955
142430 -34.80576874753906
143486 -116.0178781533266
143600 -118.41545194615671
145200 -17.417753671612626
146800 -15.769675439096378
148400 -10.904919468964133
150000 -18.051272454569766
151600 -15.466458569624791
153200 -21.882501769273798
153248 -105.9181923537242
154848 -14.423888689784967
156448 -15.480846148403884
158048 -18.084940737118913
159648 -6.522019310526573
161248 -22.17001816955396
162848 -10.595752021268622
164448 -9.849412513062363
166048 -14.97487514003121
167648 -0.8351103741979983
169248 -7.794902914717181
170848 4.61042048596403
172448 8.468884325750167
174048 10.49244035358599
175648 9.635386841683967
177248 7.889044866539445
178848 7.465393552242457
178927 -105.88113806157932
180527 12.201073273299247
180619 -103.76867307566354
182219 6.66947548485918
183819 18.16914041728094
185419 4.675106096803527
187019 32.9980645432932
188619 29.85493927571487
190219 31.037131383727637
191819 31.465582247811046
193419 35.73881808963167
193510 -118.17885939052825
193614 -102.83207505944868
193663 -107.95322553630918
193776 -99.08806400407137
195376 22.736613698784268
196976 26.057340292219052
198576 39.17075387241262
200176 26.865047819471588
201776 37.97448294037203
203376 37.594538341409276
204976 39.85511542148443
206576 42.25452139486495
208176 35.813656626307164
209776 49.54006248281653
211376 47.69033462448521
212976 44.12063516467936
214576 43.288620880278415
216176 50.51250289489013
217776 43.38425966029972
218020 -107.25442482270549
218149 -100.48776880027415
219749 42.9463440130645
221349 38.38800052214482
222949 43.02718848999648
224549 45.06113523252739
226149 53.365276171096895
226237 -102.60388344994436
227837 57.64148780797058
229437 58.73355791595646
231037 62.559822855850136
232637 56.78124162306792
234237 48.147091256610366
235837 46.11577428069711
236828 -75.77534572051371
238428 62.19254018784508
240028 46.12521851589278
240882 -74.98944436285274
241581 -94.55214498641963
243181 41.813086906744765
244781 37.236174283949
246381 46.02703094878969
247981 42.673140065605985
249581 42.47627953893556
251181 55.96653891223367
252781 59.53114987952564
254381 62.66999856027958
255981 63.07282808912972
257581 62.305657162816814
259181 61.04014400947522
259275 -102.2942386967279
260875 69.94331753099098
262475 64.1098162104494
264075 78.58006167073424
265675 80.80056272911021
265816 -110.87434153014422
267416 74.24615322677373
269016 58.43018140562066
270616 64.25837172004456
272216 64.48338897568105
273816 65.99667829800092
275416 73.66678377009866
277016 72.48624401132773
278616 69.46713895653738
280216 83.31559400564504
281816 63.22178768308467
283416 66.81620707134968
284849 -34.96426792004766
286449 74.71703691634222
288049 52.09770269507726
289649 92.2383494480928
289736 -116.21501709047209
291336 74.90007976760774
292936 83.65256218377984
294536 72.50450125875909
296136 95.40254358991075
297736 99.9227620190215
299336 97.50827294097219
300936 97.01507716198886
302536 96.16290996979801
302609 -107.71003365251546
304209 86.30920128203613
305809 75.46705002876072
307409 104.08002778298567
307504 -107.32244452036359
309104 80.10836561059153
309200 -118.63092537345986
310800 70.89763801665048
312286 -26.70122865473033
313886 74.87667200399507
315486 108.8063570594911
317086 93.09249737550498
317160 -109.63300757097267
318760 93.72142151983051
320360 102.79952250281764
321960 88.36189650242396
322056 -97.81288511406444
323656 113.00875415533093
325256 96.928604816731
326856 75.89226406452153
328456 100.06080959821121
330056 104.1539683699505
330157 -124.31158238565301
331757 89.84837400278893
333357 77.6422551055669
334957 89.73238154636934
336557 99.5095707055101
338157 95.05950282131869
339757 91.57227441556357
339831 -108.42677413772606
341431 88.74915444572771
343031 78.70406774829348
344631 107.39095055028739
345291 -63.18629402927369
345345 -101.97053086313232
345875 -100.32524118108272
347475 107.17226829435558
349075 105.42209992131023
349201 -112.56444936437781
349955 -72.38624851440765
351555 93.8237743835308
351627 -109.93246920617545
353227 93.22873950808125
354827 71.28929076561273
356427 103.0023663406143
356510 -96.32231329648756
358110 90.01663856306055
359710 109.02413014165064
361310 98.357953593672
362910 94.85156263502242
364510 105.35238198632341
366110 78.90646571013147
367710 107.96543184904701
369310 97.89945667028039
370910 95.71503453709019
372510 96.36783111111224
374110 140.96216247164472
374167 -108.01930642041812
375767 104.71167587881303
377367 104.89775403455334
378967 122.10581827830437
380567 146.71205168972347
381891 -4.395434373925582
383491 124.40219153793157
385091 129.60633715344667
386691 130.96202430742025
386774 -112.9117826662641
388374 138.30784913300914
388846 -72.21049507489118
390446 149.4581800586012
392046 140.0261886198327
393646 94.0806535723079
394091 -78.58341694332101
395691 128.60737543097295
397291 134.25091544620204
398891 122.39169237235201
398957 -101.75063651529389
399504 -69.11010893528663
401104 116.09399834260095
402704 144.3139183630812
404304 104.70348832051715
404938 -53.64552323225575
405030 -95.79861344418676
406630 117.51996966145155
408230 130.0028646371228
409830 132.030679775549
411430 142.80806030449017
413030 146.29544954238017
414630 126.66249566907676
416230 138.4427604868151
417830 140.87278083428416
417920 -112.96086065980249
419520 158.6745121898483
421120 152.9699630980592
422720 130.77799090349447
423718 -36.03760702964353
425016 9.764482896034224
426616 149.21805083593188
428216 146.16944323065846
429816 152.3065639424656
431416 145.75085175731547
431694 -80.28733724524638
432641 -35.365838348047134
434241 161.96564993988122
435841 163.29456046714697
436892 -23.374619083902758
437007 -114.07199268023483
438607 157.87088259628788
440207 146.25087275554242
441807 139.149407069929
442167 -79.9482593070399
443767 155.32607711936708
445367 135.0163180980861
446967 133.8287664467592
448567 138.4785605702296
450167 151.95331533308772
451505 10.577505761007572
453105 131.70514811765284
453905 -31.38772119504459
455505 137.84275168150677
457105 148.90996720116183
457243 -87.02937048336678
457471 -80.28337347811583
459071 147.64725240566156
460671 139.32137611435397
462271 129.84003385496953
463871 157.00863684579468
464320 -77.1837310860635
465920 136.56700826079106
467520 159.34982372692764
469120 160.2264402889683
470720 166.7111260596342
470810 -98.8650846569085
471855 -9.888353178927161
473455 139.94762900564464
474504 -10.774191037674044
474768 -85.29509919579327
476079 32.49966515301287
477679 142.38266076124822
479279 165.28274545968756
480879 152.4771133409671
482479 159.04438645395598
482862 -88.52351910151417
484462 137.54373188562255
486062 143.96813320431647
487662 159.8624553426423
489262 151.1626563498744
490862 163.04418944547498
492462 157.81190028409233
494062 150.1320913040799
495662 148.1999822829777
497262 158.0307448476642
498862 176.74128234782344
500462 154.9073981338176
500784 -77.50766891284783
502384 155.16083908491
503984 137.20197450593582
504560 -55.710364159472896
506160 164.5862303125605
507760 171.28273556737395
509360 161.93131688108568
510960 162.34699143826398
511945 -14.59462082000573
513545 163.9738891859488
514428 -22.993821684883912
516028 177.1602510990758
516496 -60.60491879281899
517664 15.861623620843162
519264 181.75871711170157
520864 168.10177668583984
522464 135.00233369937118
524064 174.41788147673148
525664 156.27655656280484
527264 169.57221433828238
528864 181.4904290229835
530464 159.74750302209145
532064 169.0599482389059
533484 53.20940572405681
533920 -67.95464283656455
534057 -99.70383906718654
535657 179.9313538055909
537257 160.46434173147665
538857 175.25401404377797
540115 27.133910028127985
540616 -60.42858186492326
541373 -20.907663996982706
542973 163.48332425529577
544573 159.24980039183478
544901 -74.20402510715277
546127 31.201188034602154
547727 169.04675595549884
549327 179.58761277925535
550351 25.957692974916483
551214 -27.105400643248757
551885 -63.10524731538442
552033 -98.20650687229758
553633 163.03945869014535
554452 -42.68382517137131
554795 -84.76228552140108
556395 173.3388523721039
557995 187.33218478923027
559595 182.39398620865504
559716 -102.18660596708146
560469 -48.62425862161871
561910 24.885339810322918
563510 140.31917867467243
565110 166.06706228958822
566710 143.32568328890832
567057 -75.36685628878325
568657 159.15733463627427
569335 -34.172274818342814
570868 52.74981131887981
572468 152.7447592267481
572613 -96.20169120293049
574213 136.71940394826416
575813 160.88886308310734
577413 169.80172483953896
579013 156.38435313170262
580613 179.09003421770748
582213 164.27747575182684
583813 161.61359441254305
585413 163.2395376988882
587013 150.73969638678653
588613 152.78246515081997
590213 152.75966723369467
591813 155.0851219842217
593413 163.17679183669682
595013 182.71194085154633
596613 141.95074280513327
598213 143.6672761113461
599813 170.13059300956022
601413 151.82066904922456
601525 -114.21255507350341
603125 156.9879176060895
604725 171.32906154350607
606325 174.1763324877989
607925 174.1468292400333
609525 178.2263826656599
611125 178.841589905627
611603 -74.04678418546789
613203 174.30553017886905
614737 60.63025202843639
616337 180.57091883341303
617937 173.81528454365073
619537 171.25554233121974
621137 164.3228509322594
622737 175.4520873027931
624337 178.63888964806276
625937 175.87240642525964
627533 68.84044170379894
629133 180.4780229011831
630733 167.03601783080995
632333 177.523905700567
633933 167.26224287391355
635533 178.393470039316
637133 183.81322295816707
638733 175.71900171947183
640071 57.26815241752206
641671 194.57962105929292
643271 174.26306754814811
644871 178.21254856445242
646471 161.10233070317724
648071 172.4594726804262
649671 193.65731821300628
651271 179.135087042654
652871 204.01056889792102
654471 180.2556283355206
654604 -102.55505894737195
655197 -57.05469804574548
656257 11.845793901109317
657857 188.87836152724933
658502 -36.517229786734454
660102 179.54882408886704
661702 193.9518468678959
663302 168.3241719321003
664902 188.05429129863677
665486 -40.93948704023164
665992 -53.760126548963946
666298 -79.59449288977498
667898 186.0477145433952
669498 167.33755783584203
671098 170.9235725898463
671610 -60.76614336447849
673204 56.811438787935316
674804 177.87900853031405
676404 183.1204231382208
678004 189.71986349086978
679604 179.45570022162764
681204 179.05817167547536
681567 -76.9078663658419
683167 188.44708394536866
684767 181.91001780100729
686367 176.9120516569803
687967 185.11740781109773
689567 176.66548667867093
691167 186.75566907988465
692767 192.9722891253404
694367 188.99522644823497
695967 169.8713905179069
697567 185.51297026585627
699167 183.94605374627596
700767 183.9526847698938
702367 189.4587999655641
703967 185.09499968036374
705567 190.23916604977077
707167 171.41460089078967
708767 195.31090962151524
710367 185.28821347941172
711967 202.4935685959611
713179 40.616703606383936
714779 185.55700181535565
716379 192.1691484202574
717979 190.3995579877066
719063 32.756090345740375
720582 71.94240544823253
722182 172.83454409847855
723782 199.0981911012655
725112 39.36394710738273
726712 204.3975695829713
726907 -90.21830182019373
728507 194.05801780416397
730107 196.49463872679516
731707 190.95412640009812
733307 193.85381942862372
734907 190.7200794066644
736507 192.76776400616507
738003 68.37126855467488
739603 186.63477173509295
741203 191.20191578368465
742803 195.8896913295486
744403 198.43484190055221
746003 191.01405374552954
747603 190.3947435684768
749203 204.26633896773913
750803 192.89369972493506
752403 194.9002322813885
754003 196.47683656909248
755603 200.21427618426097
757203 210.25037924309083
758803 198.82583714040467
759659 -9.266161943113431
760841 32.80676258750012
761939 32.58059496838541
762302 -74.33276275109252
763227 13.36586115951836
764027 -4.809766561850282
765627 220.8691262667081
767227 208.70940470768403
768827 201.19695869667194
770427 205.20461102206954
772027 199.61898795509669
772599 -54.31055228253208
774199 178.95668534673553
775799 207.89293296167858
777399 194.62089651921016
778999 206.7936465484176
780599 193.0953232344999
782199 200.0500106452045
783799 208.12678595485195
784954 27.406238172692085
786554 214.0868325215347
788154 210.33676476267203
789754 202.09209264884146
791354 206.62433985159032
792954 192.3645292156442
794049 25.01225072872286
795649 195.1369990839152
797249 196.55706861554495
798849 206.47519243244298
800449 207.6008839700985
802049 209.55804377046226
803649 208.7531158017954
805249 212.53010264356823
806388 30.396787271435585
807988 213.47747282580477
809234 35.64806449454906
810834 220.7095768763549
812114 66.99339782941016
813714 213.92767774790912
815314 207.69090899112746
816914 190.76978809852585
818514 202.83238621823452
820114 217.2627113401727
821714 208.8169165567984
823314 207.21628616235157
824914 207.63758291104438
826514 200.06578598834403
827573 26.848279996022058
828151 -43.026701011853255
829751 212.04109919740853
831351 205.1886637397853
832951 202.4089660294998
834551 191.6460054461629
836151 204.0590829472711
837419 42.70327412987345
839019 203.52479449813146
840619 210.31896891823283
842219 193.3440497451685
843819 206.17299175836783
845419 207.23137515313613
847019 212.9168297054249
848619 207.3089354225323
850219 215.76456165386642
851819 212.03037966157535
853419 213.31333195871986
855019 200.78002784967867
856619 216.14742763086008
858219 211.5332200745119
859819 207.048972723217
861419 182.99990015993603
863019 212.5571748108449
864619 193.5299360291901
866219 208.31964455167957
867819 210.3956518025206
869419 201.08618180711508
871019 203.47002259872602
871306 -76.11065650548849
872906 207.55390826648096
874506 203.20536923381778
876106 191.99026112594296
877706 201.28432387019598
879306 210.76047515109872
880906 210.12390143783125
882506 211.27299196407387
883129 -38.870853487679156
884241 1.578461063001754
885841 200.03002118613483
886051 -93.6241158491044
886517 -57.13083521536244
888117 202.28975575883456
889717 195.064160669747
891317 198.1009571301354
892917 200.85906289463205
894517 198.04431450341337
896117 203.12235961387793
897717 192.45496754476918
899317 200.15287975553207
900917 191.67483959377378
902517 192.08671995244754
904117 209.0057216019584
905717 207.24611763594226
907317 198.3145431071807
908917 202.48144387697238
910517 211.53100615106587
912117 211.20489083511822
913717 194.7732448328607
915317 217.55191955023503
916917 189.3466211971673
918517 212.72145438516395
920117 203.15712942639666
921717 220.2119709588732
923317 197.9002229277209
924917 214.77038333466342
926517 219.24224060171227
928117 218.62197823394973
929717 209.37734214938868
931317 220.66025941881045
932917 218.03553196257806
934517 199.5747153093655
936117 209.840994152791
937717 218.73210804401674
939317 210.01214573026968
940917 208.74424610904936
941579 -25.516723165015435
943179 222.0447262009862
944779 215.99730212697358
946379 210.43471196527088
947979 214.30902246830928
949579 212.60302885603414
951179 210.50408982109997
952779 210.25915488528898
954379 214.7848008537352
955979 214.02246740448976
957579 197.84145448034855
959179 187.0712208447411
960779 212.98355022757067
962379 210.2053829987656
963979 203.12801081958816
965579 207.241473338627
967179 214.89792620796166
968779 218.97112636291823
970379 213.89154208765322
971979 224.632396229865
973579 212.22126503963983
975179 211.67331274806412
976779 216.7812394148038
978379 206.15019749359007
979979 222.8185559459372
981120 41.016045170887224
982720 216.45974685477233
984320 210.68539635813596
985920 219.1371955762665
987520 204.2088365210107
989120 217.94458440143836
990720 216.89431093071389
992320 220.24151420287112
993920 219.05271067465063
995520 210.01583286307243
997120 226.05895060955362
998720 216.37969893864138
1000320 225.26124713716513
1001920 223.42348161277482
1003520 222.15216743044013
1005120 221.38914754906125
1006720 222.2926124754721
1008320 209.8074602728516
1009920 224.64257331716348
1011038 37.03945339952412
1012638 233.42988908516358
1014238 227.51134290822972
1015838 192.00817726359287
1017438 229.04503484366026
1019038 216.74898558971995
1020638 221.65664051406495
1022238 214.88986004041956
1023838 228.2051875845835
1025438 229.73523106485854
1027038 225.85767747557034
1028638 227.36861408158336
1030238 220.4888737777082
1031838 228.44522888858302
1033438 220.8030134078538
1035038 206.46683255676757
1036638 221.7919165370617
1038064 87.73785148938734
1039664 210.03244402579594
1040534 14.43869222657392
1042134 225.7588412299876
1043734 209.0313122049097
1045334 215.16937964815224
1046934 217.55823465208462
1048534 225.53401396891803
1050134 234.96523517901483
1051734 227.66344081920374
1053334 208.49176471552107
1053624 -78.46708191477816
1054398 -5.194193989521622
1055975 141.17436686171004
1057575 222.46884572179417
1059175 224.22175462380946
1060659 117.78240104121502
1062259 228.9566546226771
1063859 225.48656683933055
1065459 236.76994713353395
1067059 220.8977190276588
1068659 217.86361724472155
1070259 229.12162447629834
1071859 220.61814600104302
1073459 231.21459568592226
1074565 57.60995604186297
1076165 228.48127925863042
1077479 69.66143381481191
1079079 230.26733947005428
1080679 237.9806852709285
1082279 227.13312891332419
1083119 -16.268366669170973
1084719 230.77385777475436
1086319 216.71847985491544
1087919 231.53726344027035
1089519 233.00837656064368
1091119 227.30191738460698
1091212 -97.506186969636
1092812 213.40291905194167
1092930 -99.50827053284397
1094530 230.22529287389804
1096130 228.56555553115055
1097730 225.9036152891921
1099330 229.1821188215404
1100930 224.62291186499314
1102530 225.64950914908678
1104130 228.03704110464514
1105730 230.08023530414633
1107330 232.7499789669038
1108930 223.50108752375078
1110530 215.83866212249467
1112130 232.9790919938096
1113730 221.1194886070374
1115330 231.39548824269514
1116930 239.04020136205065
1118530 225.81308393067633
1120130 220.26832253335192
1121730 220.48000968713404
1123330 239.89465934409392
1124930 233.48086492299743
1126530 227.70716181867058
1128130 219.6920401205779
1129425 69.3325094762676
1131025 231.095541062557
1132625 231.6301857493297
1133923 74.22652104334432
1135523 221.76994663591202
1136499 30.15874857745871
1136724 -82.75110987216917
1138324 237.7622458060982
1139924 220.2785109804375
1140460 -43.528554963520456
1140927 -42.397564098624485
1141310 -75.97586963605009
1142910 221.57700888356433
1143020 -97.60328618315421
1144620 230.24619474874865
1146220 226.50481940098624
1147820 237.4164449908297
1149420 227.49358895373
1149540 -99.4068189517803
1151140 224.55354122068476
1152740 231.6954801862318
1154340 238.7064995942042
1155940 224.395498154325
1156944 34.02376275955419
1158544 197.65905519469638
1158650 -104.73857767968687
1160250 231.83592516903795
1161850 221.41449545220095
1163450 233.05505377625056
1165050 236.0315660799475
1166650 227.33994852181473
1168042 83.6947563341977
1169642 223.2893065456467
1171242 220.22092081420087
1172842 216.1613198455191
1174442 224.21438545516654
1176042 216.7615042860795
1177642 220.34979835809122
1177759 -98.68542863622432
1179359 226.8798270456283
1180959 228.92093348263805
1182559 220.28280013353998
1184159 237.25591771242887
1185759 223.49269717706053
1187359 214.8442016504069
1188959 226.03457103030348
1190559 222.18149145660325
1192159 222.71799305308218
1193759 239.36450313968217
1195359 211.71798163288378
1196959 213.24768734687822
1198559 221.37459477643597
1200159 239.5205055194406
1201759 224.2782299755302
1203359 224.64593962774484
1204959 244.4563980058858
1206559 223.19349361352087
1208159 238.41379309041182
1209759 231.1398112909834
1211359 232.9640909292192
1212527 60.42963002929338
1214127 238.32093024223826
1215727 239.0020773097813
1217327 243.97220531056348
1217938 -34.12784454689417
1219538 227.4465009527884
1219862 -65.08539821792081
1220554 -6.214000619370381
1222154 228.35748056746755
1222711 -46.56676756704634
1224311 229.13776205927851
1225319 52.324573353061965
1226919 222.691304542764
1228519 244.83552427210037
1228708 -94.9513851717754
1230308 240.23517762226942
1231908 231.29166133505822
1233508 226.88695178211233
1235108 225.37546522341387
1236708 232.40407029210036
1238308 233.5128314972636
1239908 232.1659907142217
1241508 237.99029275276638
1243108 245.39688802105442
1244708 233.59261047544427
1245684 15.452652395009721
1245816 -92.31192040647753
1247416 230.85024057099545
1249016 226.49095069033694
1250616 233.4085622257566
1251617 43.59219666660343
1253217 233.30471192928943
1254817 224.53603558416435
1256417 229.81060409234746
1258017 221.1496805358978
1259617 229.04960012523586
1261217 225.8138122665914
1262817 211.54486394854558
1263552 -10.569000861346709
1263624 -98.06885993124234
1264895 77.87817178563358
1266495 235.6076214450993
1268095 228.40656236999118
1268175 -97.9017714560659
1268280 -97.78176178402578
1268357 -98.40675627495287
1269957 230.70777729028129
1271557 242.34788523724015
1272537 7.004468154022874
1272628 -100.83849855239069
1274228 225.77829485538214
1275828 240.72458331772918
1275929 -99.1278827219947
1277529 207.1015433423422
1279129 234.18248438661468
1280729 234.96608393299078
1282329 230.45471707260532
1283929 241.86647960518752
1285529 241.77545522443418
1286772 73.4994028080533
1287479 -22.6000331885014
1287876 -56.88620770151726
1289476 237.66318553543172
1291076 215.10141121430104
1291987 23.987819837382474
1293587 232.419510432803
1295187 242.29438722090802
1296337 50.74741655447107
1297123 1.1119867302109299
1298723 248.4911021429566
1300323 225.22161404118506
1301923 229.85537845017382
1303523 234.7563662969773
1305123 243.2382786866273
1306723 235.62971308381796
1308323 237.72904136708476
1309923 232.47687061297754
1311523 233.20526754164854
1313123 226.86276870291903
1314723 239.3998521774307
1316323 241.5208348071111
1317923 229.99284911488297
1319523 220.09432131574556
1319797 -79.75642753775169
1321397 244.51823461887378
1322997 238.3890853322783
1324597 241.92512343584116
1326197 238.41530715311936
1327797 241.39427417629895
1329397 230.179076648346
1330997 226.65181812721832
1332597 237.2740298446665
1333247 -16.610543537969335
1334847 234.4056532214931
1336158 93.52549197793621
1337758 225.21037554286488
1339358 232.564180588913
1340958 233.49329697284648
1342558 242.6866877979892
1344158 242.4006685462534
1345758 247.89408975209236
1346290 -42.13365534557212
1347890 250.79901252310833
1349490 250.70988230319688
1350945 104.99827562998823
1352022 36.31507626651353
1353622 234.3251831680956
1355222 237.56401241234178
1355327 -98.30501645070315
1356927 239.57489587804963
1358527 239.90506302027194
1360127 232.7354183931663
1361727 237.13082801919575
1363327 229.2635478032061
1364927 241.82358174731561
1366527 235.6993674323117
1367842 88.62410387478948
1369442 237.41536140314165
1371042 238.42044910324725
1372642 243.1602974586523
1374242 240.02658301866177
1374603 -51.48518676110482
1376203 245.134328851691
1377803 239.90117639348966
1379403 232.26104515441702
1381003 238.13661527450049
1382603 241.08979482931292
1384203 236.86193054649337
1385803 251.67525468031482
1387403 245.36235841019223
1389003 244.39981524220454
1389938 27.519122030710847
1391324 94.86384651018014
1392924 241.2772867463039
1393534 -23.403060924380355
1395134 238.14565744270834
1396734 242.77418198222193
1397930 72.0562597333626
1398694 0.17317808722464179
1400294 236.34858410893438
1401894 233.57068545262
1403494 240.34250213289056
1405094 233.00119609465483
1406694 225.90084611682065
1408294 236.17927575285387
1409894 243.40611867198132
1411494 234.73963690186673
1413094 239.8332429476663
1414694 230.15482090722554
1416294 241.3428257146336
1417894 233.7330394332943
1419494 238.9232520954361
1421094 243.15539449446987
1422694 246.1996459625786
1424294 218.26975094468384
1425894 227.7551218138316
1427494 238.11111470929762
1428057 -35.27136753192546
1429657 248.02826119539571
1431257 232.12791976614932
1432857 243.53932131837817
1433467 -30.71347139572299
1435067 227.03790706253238
1436667 246.62118727854198
1438267 242.44262273917565
1439102 18.947388799032737
1440563 102.12339602700294
1442163 242.26997421581677
1443763 241.3715040788236
1445363 233.88527680959186
1446963 219.86229886377888
1448563 233.79230412260597
1450163 238.0462002127005
1451763 225.88480650867456
1453363 232.8244554965271
1454963 236.95702283922836
1456563 233.56543183814424
1458163 243.24199765892502
1459030 7.7802838241681656
1460630 247.94246567943972
1462230 247.72974835435886
1463830 244.47752787847796
1465430 252.02818497442044
1467030 248.37436291610643
1468630 240.7790710598617
1470230 244.89104726718844
1471830 235.50698368347057
1473430 238.12037279941015
1475030 242.67693523639124
1476630 240.76993031505276
1478230 241.15527987645694
1479830 258.7822510233232
1481430 244.4852517161085
1483030 246.03701668806303
1484435 87.5342986555784
1485158 -5.493984376894801
1486758 242.02217929017073
1488358 252.1098330724124
1489958 236.40250613790582
1491558 246.37598857716074
1493158 244.80812421795514
1493762 -22.489306900011954
1495117 97.96561439403868
1496717 252.01050530514766
1497148 -56.90290631037448
1498748 243.22793744739332
1500348 237.4146994188399
1501381 35.10369039774429
1502981 245.7747819665884
1504581 232.70735036054066
1504717 -110.35644267716322
1506317 233.15719302038934
1507917 244.29559040312765
1509517 242.80287426301174
1511117 243.74495524230554
1512115 21.894714807910873
1513143 26.56743981059992
1514743 247.8995031755656
1516343 240.0831806481684
1517930 137.53744744732865
1519217 73.3436745798848
1520817 241.9898464786299
1522417 240.67425542466015
1524017 242.88569814231926
1525617 237.62797588940154
1526773 65.50581736971719
1528373 245.32728555857773
1529973 242.01303412231712
1531573 238.9466476423862
1532626 30.237651963663552
1534226 240.1610959868197
1535826 249.53051124484332
1537426 243.39773964312232
1539026 240.88632166723448
1540626 255.87493902476646
1542226 243.31996489472215
1543826 248.34873928604517
1545426 237.4818684997481
1547026 246.55454441701886
1547500 -50.984389840627706
1549100 244.2824494648177
1550151 56.33516050178639
1551751 253.76765096297117
1553351 253.20904473229592
1554951 248.69287509166327
1556551 249.8941522009374
1558151 243.41519455154
1559751 251.45868747979293
1561351 222.6098608381977
1562951 239.09634880230323
1564551 246.9764313512159
1566151 245.31191641962198
1567751 235.13888860315848
1569351 228.89543393701618
1570951 240.96226976099058
1572551 235.9058176475736
1574151 232.01009316023382
1575751 250.30098977120826
1577351 224.52963611774797
1578951 237.60302749617696
1580551 223.49906533399746
1582151 242.05944628017477
1583751 229.86206861028134
1585351 225.05543479725895
1586951 236.43447593038928
1588551 243.8170659545762
1590151 243.55877249249409
1591751 243.43750181293586
1593351 239.29179686601975
1594951 240.86636977313952
1596551 225.49020162859307
1598151 252.19007027318182
1599751 238.75909342959812
1601351 237.80750459772776
1602817 113.30745742275244
1604417 245.37954464672222
1605178 -2.108330099448551
1606778 248.4394933050784
1608378 215.8297763753444
1609978 245.43131249860892
1611578 234.4804002505889
1613178 248.0293449250488
1614778 258.6827506445193
1614917 -93.3474910657319
1616517 239.21353095151468
1617265 -5.963537481736054
1618865 254.87580973989267
1620465 239.5320624138489
1620738 -65.05974960296663
1622338 249.02851319656452
1623938 241.95207824807514
1625538 251.53835730409634
1626354 6.4852928102972385
1627538 62.80451153340948
1629138 243.86072290457577
1630534 100.91710662699555
1632131 116.66003612596165
1632405 -65.56449897644731
1634005 235.39897574955305
1635605 254.35995447190464
1637205 246.80639291428892
1638805 254.0679784466596
1639897 50.02310055322533
1641497 235.41096056997227
1643097 245.7598880328354
1644697 234.8495225833643
1646297 223.33242896998942
1647897 245.44051014019425
1649497 239.67904408971518
1651097 233.04661634554728
1652697 234.57340990375386
1654297 234.62240366510147
1655897 237.21591653174872
1657497 238.72199386768114
1659097 235.0665216687757
1660697 228.07262749167418
1662089 88.15014474623399
1663689 239.4933094437973
1665289 234.15205342254228
1666889 244.3881545027328
1667730 17.641695878592728
1669330 242.69854686532003
1670930 247.60395212289023
1672530 244.01395408087646
1674130 249.6522556014993
1675292 51.14001769466901
1676892 248.05304062202293
1678492 241.96477518236702
1680092 245.81061180917877
1681692 246.76616222741444
1683105 104.02213304401803
1684705 235.51195000715896
1686305 238.45084760642956
1687905 253.4247053947185
1689505 244.37535544847896
1690959 71.06634240849166
1692559 243.64191369704463
1694159 233.46573607605114
1695759 240.83587769356703
1697359 241.98381066632953
1698959 241.15270825111634
1700559 243.15660609743045
1702159 248.72507712238607
1703759 243.66339866385258
1705359 251.50919998869583
1706959 240.31653878914736
1707763 15.22037459101658
1709363 252.09195620952642
1710963 242.06344832424193
1711262 -86.58895335182828
1712862 249.20905536911087
1714462 240.23545542925038
1716062 251.99117127794227
1717662 243.63134242053712
1719262 246.7958134908932
1720862 250.32568623929564
1722462 255.13464771072705
1724062 252.86455499200898
1725662 254.48652623190054
1726007 -66.20928728239235
1727607 246.84072898389985
1729207 251.5307651235186
1730807 250.2153059661357
1731014 -83.08848173959058
1732614 232.8792150357755
1734214 246.46513961068527
1735814 246.41977480087237
1737414 224.70822606446376
1739014 254.52955439181244
1740614 231.99452945692448
1742214 247.21531466817075
1743241 43.31220205140684
1744841 257.4957367845335
1746441 259.9400415024407
1748041 256.40573569718094
1749641 253.3639394017748
1751241 250.36616828705985
1752841 236.22220189881335
1754441 240.50176016892493
1756041 239.36515905549638
1757641 243.279406375164
1759241 250.87815825001945
1760841 248.37814911923672
1761972 73.63753353401961
1763572 256.7214705450226
1764383 16.983758097085357
1765983 231.19738267342717
1767583 225.60571638635392
1769183 253.17759715722826
1770783 245.60755211348368
1772383 249.00003041469574
1773983 239.7190833276168
1774101 -95.15979178411327
1775701 240.61765852551622
1777301 255.64852351062
1778901 255.1408410628135
1780501 254.26543668818283
1782101 246.41088924074148
1783701 262.95001656594576
1785301 229.50914593122496
1786901 248.22686033361805
1788501 249.38003766004803
1790101 255.62017422212418
1791701 244.07864480114696
1793301 251.5104271138532
1794901 241.5763725545835
1796501 260.92389560011145
1797028 -37.372789408456555
1798628 250.5731195486025
1799023 -47.83134134639117
1799830 13.92601171421498
1801430 246.08654758498017
1803030 248.1440648083708
1803757 -10.547909120927244
1805125 108.90732124402157
1805713 -25.088911687304588
1807313 260.80120890165034
1808192 24.599560464955374
1809470 69.52407652107138
1811070 243.81233811933126
1812470 109.53926822036595
1814003 131.96089856928594
1815603 258.5476565828077
1816314 -29.87490414115649
1817914 247.12505270568187
1819514 257.94283690403813
1821114 248.7078789392508
1822714 255.25398315108703
1824314 248.65157968757322
1824673 -63.17794456609153
1826273 251.70466186389524
1827873 224.24459960948258
1829473 252.96021186500673
1829605 -95.06619396532886
1829728 -93.44634425737584
1830126 -57.42081757942897
1830219 -97.56691328216841
1830827 -17.990815206225975
1832427 248.16280605692037
1834027 254.33968068852025
1834164 -99.70734365491197
1835764 240.0107106741252
1835892 -100.7204605686677
1837492 247.3432200079917
1838620 60.78939850605181
1840220 252.61495918409528
1841820 255.43163467294463
1843420 254.78016588734747
1845020 250.31192652713077
1845090 -102.39017202480137
1845167 -101.77886559742255
1845468 -68.74336231562526
1845567 -96.84961808133436
1845648 -102.97068034950085
1845782 -104.03875038460332
1845855 -103.46599752683254
1845945 -98.90822025861591
1846057 -95.21504981879703
1846133 -106.10216613469086
1846225 -96.18436247731807
1846297 -103.07847518094628
1846396 -95.9106809288226
1847996 255.33600808309743
1848105 -98.66492384984159
1849251 59.83569117530607
1849373 -98.41426402249374
1850973 253.1051359825438
1851063 -99.8904365057908
1851137 -104.63178832840485
1852737 245.87939202935692
1854337 249.70845110694975
1855314 39.2615940082207
1855716 -53.1992506289563
1857316 260.82091607040496
1858916 238.34526299360522
1860516 250.63867598832948
1862116 244.38403681616063
1863716 256.70540630096974
1865316 231.55076252774427
1866916 241.42516796362102
1868516 240.4227099739544
1870116 243.93358838150206
1871716 245.83506568992584
1873316 236.69425295526818
1874916 242.25723081066383
1876516 233.59021631580623
1878116 247.0727090915596
1879716 248.25824490114127
1881316 249.45122929383515
1882662 92.58385674151606
1883402 -7.2528715314862495
1885002 247.5441614680654
1886602 243.82773169447074
1888202 234.0524966251356
1889802 238.6042405340102
1891402 246.3964893950223
1893002 232.41009429656586
1894602 240.24122258484508
1896202 237.98881686693235
1897802 247.149984598746
1899402 238.59440400296262
1901002 255.6985886499395
1902602 250.7933816593967
1904202 246.04875629583586
1905802 244.15876920491036
1907402 247.71307339653663
1909002 247.71309216126684
1910493 113.1209344500956
1912020 129.3588097884673
1913620 248.45273274138793
1915220 259.6135343195005
1916278 48.92045856523083
1917878 242.36178415626327
1919478 246.20813011686516
1921078 247.69756232411075
1922678 244.11601515444622
1924278 254.44890980733393
1925878 248.3278126487682
1927478 253.08503924663003
1929078 254.72291423518118
1930678 253.4028340664274
1932278 255.51630950261978
1933878 252.9122962795823
1935478 247.09226391288928
1937078 249.98959733758713
1938678 257.5346081229496
1940278 247.4697992557568
1941878 248.47004803419318
1943478 251.2334211635989
1945078 252.4667081720467
1946678 241.8311129222784
1948278 253.25721026275303
1949878 247.9401037327003
1951478 252.56896121962848
1953078 245.92040100896253
1954678 255.04399807663253
1956278 255.4814823155574
1957878 238.7293058825486
1959478 248.8911965243113
1961078 250.64772516672127
1962545 129.5184966773421
1964145 251.10423832934916
1965068 28.91685755638713
1966668 255.64168300961123
1968268 247.61181640963372
1969868 252.664209193392
1971468 247.76784731794538
1973068 246.22144720650616
1974668 245.12825063453812
1976268 255.04777966113056
1977614 97.75913608350095
1979214 251.82439796453278
1980149 34.80673786499892
1981749 244.12966808744042
1983349 254.59607755150805
1984949 248.5631010364155
1986549 238.82659610241075
1988149 248.55641042566407
1989749 235.29145382022108
1991349 243.75435040095635
1992949 238.62193764740732
1994489 103.08126539839378
1996089 249.66522152835037
1997689 244.31685072071198
1999289 246.39532113772506
2000889 245.99761517791387
2002489 254.81534632717288
2004089 238.23385532983198
2004332 -68.49370114486945
2005932 251.51518164458398
2006379 -42.8216569071505
2007979 241.17103332471834
2009579 251.56559169838857
2009706 -94.8059880578445
2011306 248.69457757601373
2012851 118.95579349278708
2014451 246.96571624719584
2016051 245.18718172215935
2017651 244.0973838541253
2019251 249.24222991356064
2019355 -93.18198543616198
2020955 252.28638942494806
2022555 240.8728126212463
2024155 250.0523962509606
2025755 244.57066634521962
2027355 248.1186628118989
2028955 246.87042305629402
2030555 247.2777126130398
2032049 119.1649616270575
2032326 -74.5846418128417
2033926 235.1692909039834
2035526 249.17099779438172
2037126 255.67334600837313
2038726 252.01418746512186
2040326 247.55815410420183
2041926 236.5755291397119
2043526 242.56289042237228
2045126 253.35014623811404
2046726 246.94229821736604
2048326 248.2092617943091
2049926 242.83849863395776
2051526 240.05656105225773
2053126 254.19205870683516
2053232 -94.23767389370812
2054832 251.04893886271455
2056432 256.60065973166877
2058032 255.92577366125596
2059632 248.8186277428681
2061232 246.9485229487654
2062832 240.909363048863
2064432 243.17759329352563
2066032 251.47784438300638
2067632 242.08847988830905
2069232 245.12314085960543
2070832 245.3033145347529
2072432 244.54718129735346
2073450 41.081737625573595
2075050 240.64236378157926
2076650 243.6552929466539
2077679 51.6049840956712
2079279 252.41213180677053
2080879 252.24150185142466
2082479 246.781149942979
2084079 251.63024237607064
2085679 248.05420862132408
2087279 249.73041282036158
2088879 248.21654727705769
2090479 253.80054676352933
2092079 259.1149570527399
2093679 241.13198259685302
2095279 246.7669123565215
2096879 249.722382273173
2098479 243.03264779821959
2100079 244.18087060131987
2101679 247.37509206460965
2103279 236.91157910955036
2104879 243.2894113757392
2106479 244.00864853604043
2108079 246.95882965168315
2109679 252.19098937130966
2111279 255.12116523671352
2112728 121.84397812024807
2114328 260.02981154718543
2115928 258.70587503726205
2117528 251.23761206367482
2119128 252.76206752492004
2120728 257.538557834431
2122328 250.9364093232378
2123928 250.91345045089358
2125528 263.8406770509467
2127128 259.53385170566395
2128728 257.08163428852396
2130328 254.18026860315143
2131320 45.417146096877474
2132920 260.3373547278488
2134520 265.00127875338416
2136120 262.649614243324
2137720 258.6388593755927
2139320 247.5689839317225
2140920 262.0784631821818
2142127 80.53426039825473
2143727 256.2605282975017
2145327 260.1430984213334
2146927 260.76439581835064
2148527 253.37483781274446
2150127 255.4235267584878
2151727 258.37725957353894
2153327 259.6617195517158
2154927 260.039992921692
2156527 263.6822963708658
2158127 253.70132765615566
2159727 245.2255549475726
2161327 264.1789406693476
2162927 251.20884192413487
2164527 239.55800263597916
2166127 250.70944221020855
2167727 265.3766632868832
2169327 247.54806127158957
2170927 252.2596576302094
2172527 240.23379468238159
2174127 238.0485733315205
2175727 252.54776671674585
2177327 245.69323084998535
2178927 254.23086245781602
2180527 254.21848040758223
2182127 247.4691090813995
2183727 252.98122068807606
2185327 249.10182166902638
2186927 254.47693944835592
2187424 -47.23403698883269
2188665 85.00055962019735
2190265 259.9310714952209
2191865 254.2970784384841
2193465 256.3946659526701
2194200 13.685943480749614
2195800 259.5035152008067
2197400 253.49785725226283
2199000 245.38870090867755
2200600 257.08266736418886
2202198 265.7973156940925
2203798 244.53282489067405
2205398 264.00917943671567
2206998 253.57084729523413
2207387 -47.18547102804731
2208987 254.18789500698276
2210581 264.8053689350405
2212181 260.9486161369068
2213781 265.3799881102582
2215381 252.3578791403977
2216981 259.43704001657534
2217437 -33.286793362865865
2219037 261.6021359600458
2220637 252.42173342917658
2221865 90.58422507771209
2223465 245.7582732850453
2225065 254.00170646213422
2226665 245.5914056123613
2228265 256.61889900740937
2229865 257.28518807184145
2231465 253.4934862419401
2233065 251.28144246337723
2234665 250.24026918124412
2236265 257.91524804751106
2237865 254.3550883284583
2239452 266.29163249679203
2241052 262.6849877426603
2242652 255.55657900363465
2244252 255.11167965076584
2245852 253.93827493572184
2246779 41.34735092143424
2248379 255.58508753094063
2249979 252.4943880940109
2251579 250.66097551960405
2253179 255.69881896052422
2254779 264.4491068575297
2256379 248.3777323469401
2257979 254.4532555827763
2259579 256.17327797761135
2261179 265.01253956929924
2262779 258.2027358325873
2264379 251.81311837582697
2264489 -94.83983495872437
2266089 264.97847853088837
2267689 259.6397378555358
2269289 249.06772472271595
2269487 -109.33228832616346
2271087 247.11176185573038
2272687 255.03839469040972
2274287 254.28008917504695
2275887 252.91462844296808
2277487 260.3103628671015
2279087 253.80880988156625
2280687 246.1891397360508
2282287 255.75068009324525
2283887 233.04681382608632
2285487 254.2629565258948
2287087 245.72027513723046
2288687 261.136221549358
2290287 255.14597689486155
2291134 14.366634087303154
2291230 -95.39390881265824
2291854 -14.076825300067782
2293454 262.7386700977871
2293980 -25.3289098823288
2294262 -85.53260079928613
2295862 259.94663628043094
2296518 -12.709434119259427
2298118 255.23165313116039
2299718 249.88104761501657
2301318 262.34497611919164
2302918 250.78085643129182
2304518 256.0775631381167
2305877 104.71002317397458
2307477 255.772009953369
2309077 261.10306106949884
2310677 255.74964306304696
2312277 254.29580312896522
2313877 243.0905633246103
2315477 250.1614886869945
2317077 255.91325201258033
2318677 236.90644449354585
2320277 260.5593891233251
2320446 -101.74027733491982
2322046 250.32675574024134
2323646 259.02873709657115
2325246 257.89023009017
2326846 248.7243518217035
2328446 254.59287642017304
2328625 -94.07437100786592
2330225 246.15694961136572
2331825 255.73548281743066
2333425 240.715815030118
2333548 -108.3506160826874
2335148 256.2023038010457
2336748 247.41294527397355
2338348 237.82352370782306
2339948 256.85126399485097
2341548 251.32330091619093
2343148 253.21005408053276
2344748 240.56620908960863
2346348 256.65778443487113
2347948 251.53939524670355
2349548 247.3687441964978
2351148 244.61644360824107
2352748 249.96287737916197
2354348 249.72600672400557
2355948 254.36857675317464
2357548 240.16551421743137
2358006 -54.49636188066439
2359097 72.21866964757112
2360697 250.9143853275926
2362297 255.15091428571793
2363897 250.21248423314188
2365497 252.0394123056777
2367097 254.56527213722717
2368697 248.62318990154816
2370297 249.65999261024905
2371897 257.83452330432095
2373497 255.94423458466392
2375097 257.6915617620836
2376697 248.16980787287906
2378297 257.3183945966489
2379897 260.4401239138364
2381497 244.1250991574639
2383097 256.33324975106524
2384697 257.06150217184785
2386297 247.5971388967129
2387897 250.46688754048145
2389497 229.55772064171308
2391097 249.82111091132367
2392697 249.30635165087352
2394297 240.06201875451632
2395897 258.2801140833879
2397497 254.46318673768303
2399097 252.78524299576324
2400697 255.27950514895778
2402297 254.0871828288328
2403897 242.0210759873622
2404734 6.754093278358354
2405492 -2.6060955790273397
2407092 251.73365610737284
2408692 251.08313948231623
2410292 263.4855323128077
2411884 267.1635137317645
2412536 -11.12420397046337
2414136 258.284326698116
2415075 29.89488389757662
2416675 257.1448283986477
2418275 252.0348012023323
2419875 257.68281049946296
2421475 261.7400418911278
2423075 264.63060124583484
2423421 -63.99489628683625
2425021 263.0264251117985
2426621 261.84628024275673
2428221 265.7078287013214
2429804 267.70165083017406
2431404 262.74106114429634
2433004 248.75269416142754
2434604 256.4837388940552
2436204 248.2646251095083
2437804 262.0589676531955
2439404 259.6404460611235
2441004 259.1121659900794
2442604 257.6140569810896
2444204 256.0502367770351
2445804 265.2478009682481
2447404 261.21851672780633
2449004 250.6190655025832
2450604 251.44607519624466
2452204 261.5251138225346
2453804 259.92040396939797
2455404 253.22812435936765
2457004 257.57904881246776
2458604 260.86675390174935
2460204 264.01577818264803
2461565 110.9763112279347
2463165 254.91583575789645
2464765 257.98566852692085
2466364 263.87565630815965
2467964 254.88117912784068
2469564 260.00055124418986
2469677 -91.34415739024493
2471277 256.026375781857
2472872 264.2206506083227
2474472 258.74866573423026
2476072 251.05605063442496
2477672 257.7426806443666
2479269 264.1209307568759
2480869 264.9573878965077
2482469 261.4785824140611
2484069 256.39546951206063
2485656 267.1420362894463
2487246 266.7726118590558
2488846 257.53476061027385
2490114 101.8163148914573
2491714 257.3094181445158
2493314 251.51736139750386
2494914 262.2490647145964
2495298 -72.80389470594434
2496898 264.41253497316654
2498498 258.1335566759828
2500098 263.7774327174105
2501698 260.9573112704672
2503298 256.3219083440476
2504898 262.2694205929725
2506498 254.1894820715243
2507108 -7.719315342961437
2508708 261.98641957721435
2510308 256.20406678225
2511908 262.6226600552135
2513508 256.09859675713267
2514911 119.92634812013623
2515147 -67.11375183900819
2516064 24.914036068858607
2517663 265.4016137385559
2519263 259.8072227391357
2519740 -46.19685501772227
2521340 262.3470175827234
2522010 -16.624956577755228
2523607 264.51726249477423
2525207 245.2601248159314
2526807 257.15363326824286
2528407 265.4492754067173
2529993 263.9370989526235
2531593 262.3444592804399
2532214 -8.893667397143062
2533814 265.99484354441216
2535414 261.1269320967323
2537014 255.42753964614158
2538614 257.8333069164458
2539985 83.27444264275704
2541585 260.0447768567022
2543185 254.24925761373527
2543694 -38.36624240667309
2545294 257.85033532030087
2546419 70.74488187795288
2546820 -49.06538855178224
2548420 254.05152387676083
2550020 253.48579124235934
2551620 252.9683848908243
2552901 101.12712007794883
2554501 256.65904680692285
2556101 258.87722099251874
2557701 247.97671342955488
2559301 252.25304339088316
2560901 236.53878918221315
2562492 264.6414624377579
2563033 -34.15561700652698
2563265 -67.98285875020115
2564865 263.7217905354922
2566465 254.89299220779674
2568065 247.86362502814615
2569665 247.269049274074
2571265 240.17792185520636
2572865 246.2707377249896
2574465 244.43672060014103
2576065 261.31362619440773
2577665 244.87316633560408
2579265 253.82976744028818
2580865 255.6856570943647
2582465 244.95823111780007
2584065 245.79591635036934
2585665 247.7346572366396
2587265 260.6129632418522
2588865 253.54566673600877
2590465 248.91423922062566
2591053 -12.247617652420587
2592653 241.4938691273076
2594253 255.08294448768802
2595853 250.94730392846319
2597453 246.9319974935571
2599053 235.37729052495496
2600653 252.62300717530746
2602253 231.254212622022
2602674 -39.79824254987263
2604274 249.51856836758648
2605874 258.29571420403573
2607474 247.41177542906223
2608176 -24.08700221881091
2609776 251.76658533683278
2611376 235.23827221197033
2612976 258.892196428457
2614576 259.9658726757326
2616176 262.01482563280507
2617776 252.28498827932398
2619376 242.4127265291889
2620976 262.2409181545894
2621598 -23.046831599667712
2623198 252.67123402463875
2624798 252.11176570017892
2626398 255.96152707916917
2627998 254.67998705242772
2629598 257.7177605984672
2631198 246.2169667346278
2632798 255.96985297010795
2634398 257.28678938557107
2635998 252.77272060429218
2637598 255.05148121647125
2639198 245.66834398003874
2640798 260.5068708279735
2642398 261.07675751014017
2643998 262.4458402485016
2645598 259.11062307447986
2647198 254.64816286358607
2648102 20.010010091452813
2649702 247.70157214240965
2649926 -71.97701785852823
2651526 248.96330779226267
2653122 265.477504367594
2654722 251.42851386551268
2656322 263.2206436563681
2657922 257.5306844368574
2659522 262.43878761819633
2661122 253.55820616382303
2662722 253.14188891052206
2664322 258.6538857255256
2665922 244.17611452519404
2667522 264.0677059047719
2669122 251.10405185124708
2670722 256.73898899352844
2672322 241.49215548390302
2673922 251.85563166065617
2675522 261.4432183709183
2677122 256.81232233032443
2678722 259.02589579963717
2680322 260.44246420564434
2681922 251.61026643912803
2683469 127.49427524862259
2685069 252.6386878289386
2686669 259.0624749699956
2688269 252.86490173188648
2689869 248.30977715061547
2691469 253.7744228923045
2691647 -79.58973835282711
2693247 250.67764153568743
2694829 264.6143877393378
2696429 259.8113957772855
2698029 248.50460037438899
2699629 256.3011751756676
2701229 259.89743824027687
2702829 257.46623732216517
2704429 255.7664321586095
2706029 252.29566264604574
2707629 254.88746334476733
2709229 252.52980651592978
2710829 228.23751417312798
2712429 259.84784245332696
2714029 260.78109408855994
2714382 -48.135608584964686
2715982 252.18455845883602
2717582 258.75113099851694
2719182 251.42210524521303
2720782 250.64246375756235
2722382 259.38999786045
2723982 258.1928709898112
2725582 253.9254657931589
2727182 259.3089603092311
2728782 247.69732011495609
2730382 249.16456894100358
2731982 254.67209527586206
2733582 256.13030995174165
2735182 217.87580040382468
2736768 265.2919051226339
2738368 263.9030894367257
2739968 257.74056909040655
2741568 228.0166940857476
2743168 209.9112336004121
2744768 231.225657281469
2744853 -100.43871250669596
2744986 -89.78482810504083
2746570 264.6029404410377
2746641 -103.91116017932879
2748229 265.38887735551384
2749822 265.7213813552715
2751421 264.69017622007874
2753021 261.2795005352897
2754621 260.4885805745851
2756221 252.05063778586975
2757821 256.0866634389639
2759421 248.87072939127552
2761021 244.42030004595657
2762621 251.95720465969418
2764089 129.92890322353827
2765689 255.65307662541278
2767289 250.57667598069733
2768889 249.75428886757598
2770486 261.59081262152995
2771087 -9.340770983192485
2772687 256.3083488117909
2774287 247.89749185128656
2775887 257.78048694255773
2777487 242.6564688360434
2779087 252.5963134820258
2780687 261.91745602517324
2782287 243.53058850541944
2783887 238.78003917840854
2785487 255.77023906703343
2787087 252.42284634447321
2788687 250.97705810536152
2790287 247.45885949198401
2791887 240.55049795435787
2793487 260.09046486321694
2795087 260.18224194938443
2796687 245.14322425772733
2798287 262.2386795775835
2799591 106.68965769031712
2801191 258.71451711626463
2802791 260.30153035760674
2803308 -29.447199647846375
2804387 48.4446804324684
2805987 253.06930583169938
2807573 262.11328380204185
2809173 257.70623176251013
2810773 252.96281223185363
2810988 -71.937149843532
2812334 91.1186785045895
2813007 -14.80770989927207
2814607 246.45329779432362
2816207 251.85720853508386
2817807 255.2659796700343
2819401 263.0052741803222
2821001 259.017104204876
2822601 247.64162310807498
2823159 -23.867094536648978
2824759 226.30991347188382
2826359 253.87540484519795
2827959 252.57590410860928
2829544 264.02729537837826
2831144 263.72899851375433
2832744 257.8502610238959
2834344 248.41986934550437
2835944 257.6079580311009
2837544 247.40014566107962
2839144 234.98364909036616
2840744 248.88200253315733
2840964 -78.28664352061784
2842564 247.80118988972154
2844164 252.73372898698815
2845764 262.257910192856
2847364 247.86893089778138
2848964 235.56395261221115
2850564 254.9014461903222
2852164 259.24307453434534
2853764 254.51535220274832
2855364 244.42637316828785
2856964 257.4110480266037
2858564 254.9509517438562
2859579 60.26746997107881
2861179 244.37370901789959
2862779 259.9959164649446
2864379 252.10850851421404
2865979 243.56630088073632
2867579 248.36224687931593
2868336 -14.778700066656896
2869936 258.68227955399317
2871536 253.44577686266413
2873136 251.97077609083863
2874736 238.90330141816764
2876336 226.5307057825899
2877093 12.132286627870641
2878693 245.92580779392625
2879897 89.61568164623665
2881497 249.97270609726556
2883097 251.69098162334072
2884697 247.17043217293065
2886297 254.88171032722457
2887897 257.6284332461657
2889497 251.4092854169022
2891097 248.20315196171686
2892697 262.19264253161106
2893670 44.2215408388023
2895270 257.1599906444625
2896870 245.42457855899045
2898470 260.51586767637434
2900070 252.82177487846772
2901670 261.49015593568384
2903270 252.10564362270242
2904870 247.88930697059524
2906470 250.22255389328416
2908070 250.68806259626768
2909670 258.33652352506124
2911270 226.95028509551267
2912870 260.98660218297255
2914470 256.12024992859557
2916070 262.0667002847341
2917670 247.68508545004246
2919270 244.7846784155971
2920870 247.57245181801855
2921376 -37.41381976719768
2922976 257.7523728317843
2923066 -94.98160954307703
2924170 70.585411880746
2924850 9.10619515634572
2926038 67.22123868019978
2927638 257.10106450393744
2929238 255.25669038065558
2929801 -10.071514509084949
2929996 -105.8562449968656
2931596 255.84446784053944
2933196 245.16538097290027
2934796 203.89818396244112
2934952 -110.88610819776481
2936552 243.3799966652561
2936638 -93.968518768978
2938238 244.17674320101227
2939838 249.2484368875474
2941438 260.14541510815457
2943038 260.921983170767
2944638 246.41449308602753
2946238 247.94292847785374
2946888 -13.978416013892243
2948488 247.2366903765942
2950088 251.9827521806935
2951688 252.51695267002052
2953288 255.06759180120187
2954237 33.43172334616759
2955837 258.4202874938879
2957437 245.5207022680907
2959037 261.5336824497126
2960637 253.4417685265223
2962237 253.23967765991418
2963837 247.25605359011936
2965081 68.01038831758999
2966328 83.83656988890056
2967928 249.5389059879744
2969528 243.67635412637674
2971128 259.1301756566756
2972728 240.09690202433515
2974328 239.3948140299339
2975928 250.44758781355225
2977528 249.92782351717992
2979128 231.60775071440446
2980728 248.59564294810164
2982328 235.430872047502
2983390 62.99221308550605
2984990 255.81325540673484
2985091 -87.58498035903648
2986691 245.8603041087733
2988291 252.1537192641637
2989891 253.82320201804689
2991491 257.08411021764226
2993091 255.46557262935954
2994691 257.9758069321835
2996291 243.90126785735026
2997891 252.24968146538728
2999491 251.29553824099645
2999939 -47.94024949706944
3000877 37.69637571141982
3002477 256.14038016771207
