# reward.txt contains number of transitions:cumulative reward
60 -108.41305802654288
151 -102.05660003175105
224 -101.5488703445367
1824 -109.8533472728825
1898 -101.71127298412875
1977 -104.2435727247688
2060 -103.75572802643602
2152 -119.811398726567
3752 -119.33744489955997
3827 -127.29018257459471
3885 -102.95648572376868
3982 -121.17935846171187
4046 -99.50181279167828
4082 -108.25285316532292
5682 -116.65714363386249
5754 -102.80363986074615
5855 -122.64114924745789
5905 -115.91774254320686
5972 -103.93548130394704
6038 -101.93822990153885
6126 -99.56073907326503
6209 -100.99277211361627
6275 -102.19853976445832
6340 -108.56642323621703
6411 -107.13566856613693
6483 -105.20401950956726
8083 -102.69815403203076
8143 -106.07605967061035
8197 -107.40139627460266
8262 -117.88301788145948
8324 -104.85549226342762
9924 -111.41617468046987
11524 -111.92160115767416
13124 -108.98752040234316
13413 -124.40347324646326
13567 -121.33408286277049
15167 -112.19251164540854
16767 -122.4803038666027
16874 -115.47395648327966
18474 -111.19462867656753
19577 -150.705113581831
19651 -119.11768990600791
19699 -112.93894754649078
19775 -118.82698890451529
19817 -108.33001104880124
21417 -110.52700618087059
23017 -92.23485827898851
23144 -117.60630568549286
23459 -97.3444522593293
24232 -127.72895527323399
24317 -119.31108030439044
24420 -118.28167053510188
26020 -102.1456669592323
26115 -120.33837761308004
26198 -103.80245691510166
26296 -106.02107693483681
26367 -106.47686712879283
26424 -110.01771918127437
26988 -143.0841486640397
28588 -115.9849872715755
28647 -117.91118618215589
28772 -118.34998337677371
28816 -110.77035718481366
28881 -100.00116938335634
28942 -111.82546231420059
29000 -111.45335964914784
29091 -100.53030470817723
29193 -98.46302941896208
30793 -69.95156833693392
30891 -105.95383100681504
30955 -114.86620770721906
32555 -93.58134251103937
32679 -103.08358527973202
32748 -112.15036042307038
32829 -113.79920961072979
33991 -170.96595993822115
34043 -109.12071413515571
34106 -102.59838265023411
35706 -97.1343971049877
35851 -118.21768861436688
35944 -103.2985947348581
35995 -118.01917609869642
37595 -103.82967403391196
37665 -103.91903236360476
37764 -118.81739044506723
37831 -100.57919520908594
37936 -101.15440718189068
39536 -91.32670503962531
39595 -98.11866298254269
39647 -108.64980987440111
41247 -93.61288806750184
41359 -98.53900293648275
41417 -110.59903091127488
43017 -109.00953876875593
43079 -96.56415053756224
43125 -108.72513274435263
44725 -98.7994253863029
44768 -109.80795129114948
46368 -107.44171115453383
47968 -94.57238658003317
48029 -112.9167044059274
49629 -100.57805400083164
49686 -109.84275029530733
49755 -100.983405466433
51355 -104.54099866843838
52955 -107.39357842242981
54555 -98.03795247282982
56155 -103.18524070754863
56242 -120.27407028108897
57842 -98.65512043246314
57904 -115.07649076747336
59504 -99.74048444232349
59618 -120.5537376084483
59806 -126.57416048781761
61406 -105.06374346177485
61472 -100.3056117171757
61600 -101.83762355394475
63200 -99.80194970382624
63268 -105.22244172299467
63350 -117.25334929040446
63429 -105.45747586911855
63520 -114.4543149824546
63577 -111.1612049437662
63644 -118.33203397986169
63774 -108.69186823647222
65374 -94.89117919499827
65450 -103.92495731406845
65523 -107.52831853416872
65602 -103.04723077718727
65696 -105.05792530884221
67296 -105.02112045583085
68896 -100.93111708895084
68975 -120.30810196601414
69029 -110.44314841118207
70629 -95.7238848391591
70692 -115.14258702882682
72292 -95.09590279883648
72367 -126.78452086775594
72443 -121.9337240524233
74043 -95.28857525112397
74106 -114.20620885028566
74189 -106.03840798875224
74263 -107.64332858690682
75863 -97.88981037582242
77463 -98.82626981314588
77531 -117.14583084852124
79131 -85.80568909045446
80731 -91.45226340866904
82331 -93.89883712303647
83931 -95.81940896564598
84052 -105.81325346995393
85652 -100.24286958405555
85716 -101.15553745570779
87316 -98.54244904862391
87380 -100.50053929953029
87470 -105.39098535584193
87551 -108.59124431196787
87615 -107.2923969968403
87725 -120.25033753512645
87806 -96.7867359208297
89406 -88.94253748910948
91006 -95.05236182865178
91051 -102.3019506585213
91133 -124.32303645499671
92733 -96.97803362308703
94333 -96.30144837892924
95933 -96.73162090875287
97533 -103.1825886226402
99133 -103.76391813213706
99199 -124.28486135325022
100799 -95.28075103147692
100881 -105.8134879116832
100957 -104.15487100039671
102557 -96.16544501321029
102630 -122.26524947879153
104230 -96.87156313366484
104318 -98.52291146277915
105918 -95.66231501998216
107518 -98.3544897273301
107606 -109.80032113107883
109206 -102.03758394943105
109289 -104.39839986439856
110889 -94.90585398219156
112489 -92.58933806129976
112546 -112.54413686889349
114146 -94.01431944590288
115746 -96.19230141134125
115805 -109.47499077510895
115862 -103.74795390689435
117462 -94.93963900424114
117503 -109.72520844975983
119103 -89.50725284052
120703 -94.63649739079547
122303 -92.85345604531172
123903 -89.12834208209205
124001 -121.33218816411588
124065 -101.82794206613427
125665 -89.5248665180082
125711 -107.81520473029278
127311 -82.54142817060911
128911 -84.30965323413066
130511 -88.45001381280962
132111 -85.78169098258437
133711 -82.7544890052644
133760 -105.72552622649508
133846 -109.03207204556962
135446 -87.72435103323672
137046 -78.50798090303323
137146 -124.84254512378442
138746 -84.04602606982792
140346 -76.91910404479616
141946 -81.66214138177952
143546 -79.4253380526598
145146 -81.96207210037323
146746 -81.50499790412739
148346 -76.88771038433848
149946 -75.85238823143901
151546 -66.9623553445439
153146 -71.57344096189311
154746 -68.90679092252697
156346 -78.53161187245338
157946 -68.32295098888808
158010 -101.11847266834664
158076 -103.4712806567202
158150 -125.07228912836375
159750 -71.9950851623808
161350 -68.25519177934775
162950 -72.30971300845962
164550 -71.78697896279394
166150 -70.37981572663047
167750 -58.26388424431147
169350 -62.1653730791937
170950 -65.65573669948617
172550 -61.635060261223494
174150 -55.601778637168984
175750 -65.97857225746161
177350 -64.42517159978115
178950 -60.429606270825275
180550 -54.18211088513189
182150 -59.027873502269436
183750 -47.35600089347456
185350 -53.48766411458202
186950 -54.430003823795765
188550 -51.92941082233501
188660 -132.01785210601489
190260 -52.12995480033321
191860 -52.77121139576461
193460 -54.90341612068854
195060 -51.99968130043565
196660 -53.153880783742956
198260 -52.29470152327062
199860 -46.14178587625924
201460 -48.83228071990665
203060 -46.18344235598175
203113 -116.19179865224412
204713 -46.02148210549103
206313 -46.77220725279607
207913 -46.40494399624173
207986 -121.41858829910805
209586 -39.092044577360504
211186 -54.09681046774984
212786 -43.90882336002402
214386 -47.04694158340176
215986 -44.280252451162134
217586 -41.2938704338738
217721 -108.09458492302771
219321 -41.355636741905805
220921 -46.032288024252026
222521 -35.306291506944234
224121 -47.62283716472458
225721 -43.04132143490593
227321 -41.93656882894843
228921 -40.26951729098797
230521 -47.85502436224808
230602 -107.43143687829857
232202 -36.6006660328284
232255 -105.66572056813104
232317 -100.69297896611877
233917 -35.274519319396454
235517 -33.31659583512382
237117 -43.380935169591545
238717 -39.80875995453543
240317 -41.14962581061815
241917 -32.98914937227036
243517 -42.52764638051889
245117 -33.711013995737474
246717 -41.025728907141314
248317 -43.839634843373595
249917 -37.7879361321476
251517 -50.43839347447031
253117 -34.801276850145584
254717 -50.702939780269816
256317 -37.407419608895324
257917 -33.970410303268274
259517 -37.42660658169318
261117 -36.41810559873288
262717 -22.863336137898894
264317 -32.976854651407024
265917 -32.44281346573034
267517 -35.884977397892314
269117 -33.555857309327095
269187 -103.10854807517677
270787 -31.26037681378238
272387 -30.5636190109119
273987 -36.01729780774637
275587 -29.936783102397413
277187 -27.30588821436559
278787 -25.456349472686618
280387 -25.174478534899038
281987 -31.692522754516023
283587 -31.58914749698087
285187 -24.001023996102283
286787 -19.50663297370762
288387 -33.12600773421191
289987 -30.473083658793154
290086 -102.50473011597681
291686 -21.773129433488176
293286 -33.224617966058155
294886 -27.02491098211329
296486 -23.17385969561457
298086 -26.904042914696
298165 -104.06288731630985
299765 -18.248513490185456
301365 -23.61112489472206
302965 -28.32227695719428
304565 -26.433825774473764
306165 -15.650346573797671
306281 -92.87304532979678
307881 -36.551722765814475
309481 -26.02036959526004
311081 -18.049365740094732
312681 -24.814700700371155
314281 -20.135092687281748
315881 -17.0089537582031
317481 -15.30126960900147
317552 -120.83681384417415
319152 -13.444354358397108
320752 -31.328322449643775
322352 -21.3296214613236
322432 -126.3896117049766
324032 -31.903198977512513
325632 -19.171611775679832
327232 -20.339561950986866
327338 -102.03223709586388
328938 -30.42086599735724
330538 -18.975967012484237
332138 -22.210486752533036
333738 -23.27935648095521
335338 -20.295760324841492
336938 -20.103372018947464
338538 -23.164972997205968
340138 -29.194684338723917
341738 -23.450099240651326
343338 -34.515700430341965
344938 -28.254663403607264
345012 -105.44753046091645
346612 -24.71321701383159
348212 -21.451141867010232
348280 -116.12933603587064
349880 -23.742632345181285
351480 -31.922472454844076
353080 -25.721759596336028
354680 -22.268902257062173
356280 -25.282117642881857
357880 -20.430168714266884
359480 -28.89375193920797
361080 -18.911302487869442
362680 -19.760059944033944
362758 -101.64872112868167
364358 -16.805873395255762
365958 -26.441149630016657
367558 -16.146564065341835
369158 -20.484403036898186
370758 -13.410673867572392
372358 -22.169621466238674
372435 -121.06211078239915
374035 -13.5847513278251
375635 -14.815422753836364
377235 -14.247269930562478
378835 -14.991141611840108
378910 -123.96374150268299
380510 -8.489610687876107
382110 -15.840257367170112
383710 -8.198677462833299
383786 -127.61847135075926
385386 -15.011135085879538
386986 -14.180090080937688
388586 -8.286382765742323
389860 -107.76693705870434
391460 -13.421370188363825
393060 -10.212441707079604
394660 -9.349649635508028
396260 -12.003837109304959
397860 -17.649941529625398
399460 -11.029472507096832
401060 -9.411394072187445
401119 -112.35776429776537
402719 -13.915081635404055
404319 -9.399470407260587
405919 -14.954465895502194
407519 -14.495519248622541
409119 -17.998359704403043
410719 -29.291607091873853
412319 -5.589596252053975
413919 -10.366972307939253
415519 -4.918564906866903
417119 -9.051775637504964
417186 -122.89230143145845
418786 -1.5336728336457173
420386 -7.82492386649798
421986 -10.924383680645976
423586 -15.39804798992038
423675 -123.96781501842788
425275 0.20070332498227472
426875 0.1963395607111483
428475 -7.241565370858816
430075 6.845774521202466
430879 -102.88330031711577
432479 -2.3991629389713895
434079 -4.527483610678468
435679 -4.916183462889871
437279 -7.009321399042234
438879 3.500816921392462
440479 1.8591186970615063
442079 -5.785198817773419
443679 -11.982412141561838
445279 -0.7957269324846629
446879 -5.300506029321476
448479 -5.5888092966318785
450079 -5.560434357532607
451679 -1.3033515163697333
453279 16.44061684292028
454879 15.85836779707547
456479 6.269491577623562
458079 13.478939111027264
459679 -4.303072455148829
459745 -113.09070199169467
459838 -113.91203800604679
461438 6.6287252736029485
463038 4.342324511196765
464638 -10.155949077197677
466238 10.48018318802494
467838 -3.1379199944855625
469438 -1.5142340448936518
471038 -1.2939228025429603
472638 9.747285191187187
474238 14.603631177066816
475838 7.398336305808586
477438 7.379717588417849
479038 12.561948471839688
480638 10.159700961955497
482238 7.87478961315488
483838 14.219395320234197
485438 8.288852968082443
487038 16.998593770803268
488638 23.09302493011981
490238 14.435705645667994
490329 -115.50095785322412
491929 17.502405763681026
493529 18.28432249580945
495129 21.55983652505483
496729 19.792592403401276
498329 10.201857518279468
498392 -111.02560347046827
498481 -114.67733447662306
500081 15.225898311614355
501681 16.80413575100805
501799 -105.60109891742157
503399 22.800955604266722
503552 -115.9580818820096
505152 -58.90918296902825
505267 -124.80202026028806
506867 -67.05419362999913
508467 19.50249956901871
510067 -66.12884525446728
510134 -113.0669596251895
510233 -103.34266525199823
510306 -111.53204291482207
510404 -116.28740794119798
510460 -111.8828393621035
512060 9.258589140678282
513660 24.40637525511906
513780 -107.36565382825148
515380 6.621382520394707
515420 -113.39783928174091
515500 -126.44206588444501
517100 19.703687832955847
517168 -117.29151258159801
518768 -8.300103245314524
520368 27.311620049201917
521968 12.838142302442982
523568 12.694683751972722
525168 18.39987097776831
526768 18.1410933809122
528368 5.267891742927299
529968 21.204726418009944
531568 21.05970986091158
533168 11.823219995281011
534768 15.698360822739076
536368 18.259942375406975
537968 20.610807161627328
539568 25.88584599273001
541168 27.989947609651853
542768 14.033231664770605
544368 49.78391863274924
545968 20.638511390321607
547568 46.84246150274665
549168 38.33961899781224
549239 -112.98336837844488
550839 38.90248187453045
552439 47.46855930061946
554039 43.20780814675395
555639 46.77643674796948
557239 53.63286860181709
558839 47.24821777171177
560439 48.22273155462305
562039 36.57345921223081
562094 -111.34827260959862
562143 -108.37253393973721
562202 -108.0594550610284
562300 -113.45170001892001
563900 -73.64291036649851
563960 -109.07722697394962
564016 -109.21823570143587
565616 15.038308610610649
565672 -109.47189040799626
567272 45.07383003494761
567365 -121.4840473624201
567414 -110.2217969875615
567489 -113.28272237754614
567556 -114.05993585116106
567635 -111.2505392647398
569235 67.4009386410085
569351 -116.87243554606849
569416 -111.34496968061353
571016 70.26333549231246
572616 49.30958571318014
574216 44.80470307310814
575005 -89.87073747324446
575185 -104.30360237761083
575235 -112.21444421396218
576835 47.43226907657327
576886 -113.72441265178969
576985 -115.0559692019665
577055 -114.18929021172164
577141 -119.47293435325659
577182 -112.78786161029774
577254 -121.35019307394512
578854 39.33621154130876
578927 -121.3997180176004
580527 69.59519739792657
582127 41.847180712163194
583727 61.21823354288499
583849 -126.86714043866283
583942 -128.2808505096218
584007 -117.96303104383932
585607 48.83137314047351
587207 53.86797895963112
588807 42.2831976945456
590407 43.83210040357308
592007 63.33862473028902
593607 70.24264860920916
595207 74.35739176443066
596807 87.94626747062017
598407 77.04313817014929
600007 45.306885844318664
601607 73.96969658665445
603207 78.25634863350507
604807 56.53292783168839
606407 42.678295880194746
608007 70.42105350879771
608084 -106.0098835089784
609684 68.78426080110289
609733 -108.33421506970437
611333 97.92600646235425
612478 -29.07009385371019
614078 71.57027132244455
615678 80.37490507447282
617278 87.18405235514476
617338 -116.70743953213282
618938 82.17312006594226
620538 96.360493662145
622138 90.13332686749527
622185 -106.18220346517985
622250 -106.86745474183435
623850 83.12261333030139
625450 64.96981692532324
627050 62.84445477301297
628650 82.28632967457476
630250 93.3659412438323
631850 84.13920974042276
633450 90.22734837647226
635050 70.08140307215336
636650 70.47781145644713
638250 77.62311782982958
639850 84.68224872974488
641450 101.71523079510332
643050 106.99744748004396
644650 116.65347246209542
646250 102.01887239614801
647850 122.78291671047273
649450 113.70936872733945
651050 111.43555711341153
652650 116.75601288344878
654250 119.35986981829669
655850 119.46489359985713
657450 103.55762206042218
659050 123.93997162105849
660650 115.57885000811697
662250 139.02727177206302
663850 167.05028712873604
665450 152.22438871171116
667050 144.0212496320348
668650 127.8612732615899
670250 126.09124728455195
671850 136.27630770661747
673450 136.8430059570046
675050 161.5276197520723
676527 6.0716829488142
677265 -33.34155540847034
678844 59.86977065039426
679970 -2.9962919901162905
681570 177.02524201621418
683170 150.583260154973
684770 173.44047827322873
686370 170.09360665921614
687970 157.85781668986755
689570 135.15770424700952
691170 144.13218532703684
692770 150.04066553078496
693631 -50.196630920022145
695231 172.87633253899426
696831 137.74436873046048
698431 145.3167422256235
700031 161.677816716842
701631 172.50596900326198
703231 170.87146868714467
704831 139.2409242522918
705847 -19.833659265677525
707447 136.04198147811857
709047 176.92007781657725
710647 154.04090079714658
712247 178.076810738583
713847 149.83059987111378
714929 21.02131055214828
716529 183.04989183715585
718129 153.61444296522987
719729 168.16123859060727
721329 140.80670335063382
722929 181.42519663445302
724529 178.28793397095293
726129 149.0835945280356
727729 143.96359786743875
729329 137.0866818505779
730929 175.78513104276405
732355 40.24828796898356
733928 16.403585140718008
735528 158.58787961309628
737128 166.0878720340515
738728 163.85353998363954
740328 170.59068266191227
741928 166.67017158093077
743528 160.0786031483696
745128 166.2719718487616
746728 151.4801532117336
748328 177.38437444856885
749928 176.6216274945383
751528 180.76904153516162
753128 164.10061252398327
754728 173.01678967588256
756328 139.8100544056628
757928 178.3446102508969
758822 -8.002915609079267
760422 160.19860125782193
762022 145.0905596837675
763622 166.42625915407856
765222 179.3416970038822
766822 161.8629753691873
768422 174.14175168285257
769444 -5.1826081053604725
771044 185.81254681223152
772644 144.6519335101652
774244 174.88577938639423
775435 -3.0554918165544223
777035 190.3468966716317
778635 168.76169367903296
780235 169.34729657331357
781835 189.21143773497084
783435 188.74204241351566
785035 163.48711673028507
786635 169.86081939259614
787087 -58.361006085909004
788687 163.21939833344325
790287 160.25603227169807
791887 146.81549447175303
793487 174.67382257777655
794427 -9.15042803053673
796027 166.51939872831835
797627 183.88431719745236
799227 164.2190278417849
800827 180.2456541543547
802427 161.804715340747
804027 173.74290272619908
805627 168.43199999116982
807227 191.83883366613313
808827 117.19262325946504
810427 144.13693878562282
812027 159.71419184626305
813627 187.38844603700807
815227 143.79929752869285
816827 172.45546372708932
818427 171.00815019768157
820027 163.80375611242522
821627 170.43970749351735
823227 165.30938184770113
824827 192.5084539826762
825808 2.0821339796007265
826054 -92.72259044636102
827654 165.80946613486697
829254 174.30690267139164
830854 188.87363885340008
832454 158.32641798808464
833876 43.132951942226526
835476 181.96651411399728
837076 174.81967749938306
838676 183.2329253679043
840276 161.74432263625124
841876 148.5731927362642
843476 181.4892439016976
845076 189.1637572280993
846676 179.17537718389082
848276 184.73035091938942
849876 190.28557252089723
851476 165.50898816772676
853076 148.15623990986492
854676 189.938728376904
856276 188.07525184412876
857876 195.78519350747422
859476 151.68758563199097
861076 179.48960123967512
862676 205.13958861766844
864276 190.342531317181
865876 201.45161201363894
866884 -6.399652716906829
868484 181.38531864668187
870084 193.28203386505152
871684 196.57067492895231
873284 193.77999323588395
874884 185.78348197097205
876484 186.71418529458617
878084 199.3521634882556
879684 185.9508407765304
881284 197.97749688256357
882884 184.84538871888861
884484 183.95146157987315
886084 203.0436991217794
887684 192.26850669134788
889284 205.69015032817404
889760 -73.35698585386017
891360 182.03017241419934
892960 197.89343399886002
894560 203.17785169087668
896160 204.72663543468593
897760 204.35978536934698
899360 192.55970945458986
900960 205.66071278398044
902560 176.7422959292324
904160 172.47547910246453
905760 174.59002762791746
907360 201.86720220321203
908960 172.1148255925644
910560 153.34871710609264
912160 168.74929582534708
913760 221.47665141093523
915360 187.3438130916464
916960 196.56026693176509
918560 192.4087321349634
920160 179.70492295942128
921760 206.59487462386224
923360 211.42045792521785
924752 6.878982369332903
926352 188.04126303736828
927078 -42.615065772375175
928678 185.15246680643796
930278 210.9028750965606
930916 -31.269561248917782
932516 182.2153494702725
934116 199.60505278015353
935716 186.63487840751833
937316 205.69929974795167
938916 200.3475454444325
940364 41.95101927889891
941224 -17.815736778472626
942824 180.24534906933243
944424 206.45324154511636
946024 99.6703969541441
947430 81.71828617822621
949030 201.4623930890378
949551 -37.49247882252246
951151 204.957231453859
952676 103.97143847168476
954276 175.9608985226103
955876 171.01759509403732
956563 -33.91541530911313
958163 184.67645878619945
959763 201.08305187750548
960333 -35.579315242271264
961398 29.021457609559803
962998 137.3053070430599
964598 165.7845166500377
966169 31.452164526528946
967769 181.09841159134572
969369 162.55837739755054
970969 180.57585031560984
972569 176.79418344038694
974169 176.73207602431378
975769 192.54000686343448
977369 198.3748670350994
978903 86.68638666746713
980503 194.77431633603277
982103 185.98934996529212
982653 -41.66970815228445
984253 204.68735654916202
985853 184.3418995650353
987453 195.7649437618635
989053 207.105662909209
990653 184.37326564932835
992253 165.51405696359564
993853 210.10446745206167
995453 194.13170794574637
997053 206.7428839969873
998402 51.4470196452653
1000002 176.23654922227254
1000318 -66.7725181627885
1001918 212.91736814293682
1002500 -52.65848474374164
1004100 185.14252546594452
1004937 -3.499359647015609
1005430 -53.32935014069919
1007030 170.854307177993
1008630 207.15365555108508
1010230 204.3083206184753
1011418 52.20001459057144
1013018 208.01470847512118
1014618 206.47585954953553
1016218 191.77902256313737
1017818 205.00543663080757
1019418 193.8096035718523
1021018 184.11620808662587
1022618 196.40282728099154
1024218 191.49757262636325
1025818 209.81895345991416
1027418 220.43705658718193
1029018 212.98896025434257
1030618 220.91231716296227
1032218 211.68106663772858
1033818 206.54360753472707
1034264 -50.99288199558424
1034603 -77.59612849152461
1035312 -41.98281020810673
1036912 215.08201057845625
1038512 219.62124457893833
1039446 16.432501992819525
1041046 212.88093080387378
1042646 187.40642862264338
1044246 196.45235822906358
1045596 55.503211394428575
1047196 212.8887832696985
1048796 206.344050794614
1050396 189.55900147462867
1051996 217.00200297443223
1053596 215.0354456721945
1055196 188.3700281520244
1056796 214.5150665915195
1057525 -34.56700839749725
1058405 15.72483293905914
1060005 218.8196567848583
1060144 -102.05999510006792
1061566 79.7123442379808
1063166 211.31373840618022
1064766 214.7358278708484
1066366 194.17786137926214
1067966 220.10220111975627
1069148 33.86166578708671
1070081 3.5383013805821406
1071681 215.30234141992275
1073281 204.66750108225483
1074881 208.9058676365525
1076481 220.7150424352189
1078081 200.45008392011317
1079681 169.04634370044735
1081281 218.13086715705987
1082881 205.98217367232706
1083426 -36.01225401956153
1085026 197.9670815910376
1086626 212.95385791868452
1088226 216.48050941551037
1089719 92.2935831918507
1091319 211.57747914038714
1092919 217.36754919539118
1094519 219.19744104274932
1095846 37.078641543936584
1097446 211.11928765673747
1098350 14.300845504118001
1099950 211.02873686470443
1100301 -67.84089561280172
1101901 153.49091072843865
1102461 -30.943878433035053
1102886 -55.64080032014783
1104486 172.91794069393822
1106086 212.59258046830655
1107686 213.45675527758033
1108694 35.52810533461599
1110294 176.96100663685692
1111894 218.42674390456835
1112357 -48.89363460998672
1113957 202.13784394194974
1115557 204.81614839611615
1116124 -31.833559342148376
1117496 55.954174025806935
1119096 176.9379623150182
1120696 152.96933410051457
1122296 215.4272046177682
1123896 218.81110257198202
1125496 227.52415348755707
1127096 211.92996126935836
1128696 210.28429480030232
1130296 214.4019365906921
1131896 213.94808074188762
1133496 202.7974712103794
1135096 227.8330762138523
1135549 -51.31577224957259
1137149 212.39834707758342
1138749 213.54836954980996
1139057 -70.70691510350817
1140657 219.70594727971897
1142257 223.4186773497328
1143857 216.29633538809946
1145457 193.17920679743602
1145743 -93.56906588890403
1147343 216.4738847141663
1148943 213.09784247634119
1150543 206.3905340670793
1152001 81.52345989429622
1153601 182.32974163785025
1155201 213.84284729122547
1156096 -3.049513920898576
1157696 196.79731998478294
1158272 -30.124756228825817
1159625 81.80296424168168
1161225 216.76252280982214
1162825 174.21459300084246
1164425 217.29787358704777
1166025 225.38126561219187
1167625 212.64078349954687
1169225 190.4575825453856
1170825 218.70288083529485
1171574 -12.291836422160955
1173174 195.32270115161145
1174774 205.84394124460982
1174902 -93.4054263933512
1176502 204.95491363600124
1176585 -107.02860371266615
1178185 215.80903988673023
1179785 195.67670163902588
1181009 55.32481260288458
1182609 210.83655684259566
1184209 210.86217546816792
1185809 211.5642681169352
1187409 190.77480469761423
1189009 206.21773460296546
1190609 208.74457657709195
1192209 216.4984748517215
1193809 213.6865233226292
1194361 -27.1505569401545
1195961 221.93495199383094
1197561 176.6806345731386
1199161 190.75543395348262
1200761 218.7641212365711
1202361 211.08284071780832
1202857 -46.36396585774234
1204457 226.47065074459408
1204976 -39.64841036964958
1205290 -83.56087090474865
1205688 -63.81471505481749
1207288 217.88793294858817
1208888 213.776154329245
1210488 206.89213613370438
1212088 201.3152258216906
1213688 195.80598664903042
1215288 194.94941502139983
1216888 193.28734575604977
1218488 215.70648122034743
1220088 219.1097614346807
1221688 208.32454897034697
1223288 210.9403890978732
1224471 -23.814085345028616
1226071 200.20261540830762
1227671 200.52158310329406
1229271 216.99818718928748
1230871 164.81643869683853
1232471 205.9646277074517
1234071 199.48859501809568
1234898 -9.479253128324288
1235074 -86.19030949942085
1236674 196.48864352785458
1238117 87.46683569165435
1239717 198.56809558236935
1240151 -68.1418431411634
1241751 200.40217638873506
1242819 18.876134231912488
1244108 48.7561162959349
1245152 17.408455295941536
1246752 206.7002080363371
1248352 210.87329789292545
1248847 -39.84025910501611
1250447 206.97716407525618
1251132 -19.678224352558345
1252732 210.79119131544755
1254332 166.44713467260937
1255932 206.39318171809322
1257532 204.79022041894945
1259132 185.35744625270937
1260732 186.3874078714771
1262332 161.98608643287156
1263932 199.48987541764407
1265532 176.1213875691426
1267132 205.0217405131589
1268732 200.7911601849372
1270332 198.1169394266556
1271932 209.78674967218564
1272692 -19.25628726752663
1274292 190.7614326552907
1275892 209.05175981707123
1277492 192.27824808767073
1279092 208.1717354104729
1280692 208.38438246124193
1282292 174.8172136123358
1283892 200.07061317841632
1285492 169.67340865329606
1287092 186.406506606194
1288692 186.46772765213734
1290292 202.80550553380786
1291892 199.48418666280514
1293492 222.7806245000092
1295092 222.39049033105368
1296692 212.76798135972095
1298292 185.70867945438215
1299892 199.8850585307813
1301492 189.4554841202727
1303092 195.95602795258876
1304692 191.0430665512561
1306292 175.9555438054214
1307892 188.87671391315766
1308798 -4.8913454152567795
1310398 186.07007219075504
1311998 199.4465573445354
1312304 -74.48140867821624
1312791 -43.95419145697974
1314391 203.4882395988231
1315991 193.83686450546406
1316484 -46.30222513582622
1318084 192.71783014223215
1319684 206.3255947639639
1321284 208.1826709577484
1322884 189.69337371515644
1324484 195.42028741969534
1326084 192.21082565251584
1327684 211.83173532432545
1329284 193.209509164853
1330884 194.98745262442833
1332484 216.88870589685322
1334084 224.35936448419895
1335684 218.27720473039986
1337284 227.61954109980408
1338884 221.74340249848507
1340206 30.192063157340016
1341718 105.18050108795902
1342382 -25.767194579781545
1343982 218.3520766939887
1345582 219.51335123206985
1347099 87.48909704682202
1348699 204.62932212541838
1350299 212.73320604050193
1350484 -91.81917877748299
1352084 196.25974738797558
1353684 217.15272459882365
1355284 184.39250447257393
1355617 -78.61059910437774
1357217 218.58180135804432
1358817 201.74681926483902
1360417 184.30263859320513
1361024 -29.010433583008094
1362624 206.41830782415056
1363409 -9.340325821325223
1365009 217.18684032914055
1366609 215.5501973521109
1368209 220.48652005179792
1369405 34.20800849252609
1371005 218.01036837315888
1372605 200.5301204045784
1373795 20.671767335607058
1375395 212.95314752447447
1375841 -66.7438806027832
1377441 218.75660729907375
1378103 -21.515795560302223
1379703 188.07728745974924
1381303 197.28710935610786
1382903 198.65908985395578
1384186 51.451184659734366
1384988 7.406411155396441
1386588 168.5696523433067
1386764 -95.86633302509908
1387597 10.426323526105605
1388561 27.144958449681553
1390161 190.2501859946096
1391761 194.6932533594046
1393361 186.4063521494201
1394542 50.54483047745501
1396142 221.8819428969523
1397742 221.18588708319763
1399342 204.2642882363423
1400942 220.4474025990836
1402139 68.17403131823096
1403739 212.03223730144083
1405339 216.33472061423782
1406939 211.08174450659487
1408539 195.02018200977554
1410139 192.963366130243
1411739 214.64349651206217
1413339 202.9877933386581
1413794 -54.60824750208235
1415394 212.26146905200898
1416476 44.99418694962546
1418076 210.73954363076055
1419676 210.4623916860476
1421276 224.71273495178212
1422876 207.2707527338362
1424476 215.69091940787462
1425373 -11.230006173309036
1426644 40.433147788031675
1427879 47.06563728595626
1429225 74.74355017800804
1430825 193.78468554349396
1431888 20.73993885668746
1432058 -100.38909280142748
1433447 76.57248937399959
1435047 216.11063008857377
1436647 207.3969117238971
1438247 213.36320928452423
1439847 213.1634887982601
1441447 215.19371987467724
1443047 223.35243204411634
1444647 219.6459689564962
1444888 -90.26480971748599
1445549 -26.459883964451322
1446807 38.93408760465621
1448407 172.3834151389468
1449087 -14.499453604244394
1450687 212.77911745273218
1452287 201.64709913226102
1453887 208.50243798152343
1455487 195.584507234535
1457087 208.20535348729692
1457803 -14.78516173033971
1459403 176.80943422891693
1461003 232.81932584871845
1462603 216.66700208876003
1464203 220.51160891975968
1465546 76.21233757212653
1466611 36.03062598388789
1468211 208.73969352519856
1469811 214.16106992990726
1470249 -54.472637925234885
1470739 -45.690100659480926
1472339 214.03557512661592
1473939 197.53898675012942
1474812 9.104663704677776
1476412 189.75343787835172
1478012 182.0261852324693
1479612 213.95349368195838
1481212 190.70119575536415
1482812 210.58130945718182
1484412 194.22839680315693
1486012 210.6709625995481
1486933 7.743600009089263
1488333 59.2786636564457
1489933 195.44231859260782
1490828 14.346433450281594
1492428 200.4885072025691
1494028 191.03699803586392
1495628 208.3719476902956
1496876 72.7951179263836
1497443 -53.94465845907357
1498271 -2.496501317235868
1498772 -72.21252660275127
1500250 69.41860280541385
1501850 194.79120950054013
1503450 216.46636024049675
1505050 210.17798447546343
1506650 205.57594630530468
1508061 66.754336979014
1509661 229.65373083406666
1511261 189.83662294266017
1512861 200.64368292115557
1514461 203.50548586115528
1515337 -12.044866714609213
1516937 189.4426877797214
1517519 -25.37647390755636
1519119 230.95904210569017
1520719 202.06920156575825
1522319 222.75365365631458
1523919 209.31497384809958
1524541 -18.918372366981004
1526141 217.40400337134045
1527741 208.4561007563011
1529341 186.78511454455068
1530941 200.30419855598015
1532541 207.3040689342786
1534141 190.12996197586136
1535741 184.35419468914455
1537341 217.71760334417348
1537536 -88.2995049429896
1539136 217.28595574223843
1540736 202.3555967705339
1542336 207.23489347375238
1543936 214.36200931564676
1545536 211.97073026160962
1546859 74.3715668729707
1548459 201.42738146637916
1548807 -68.07158903447971
1549464 -24.049399128485433
1551064 213.4335038981262
1551921 5.116707995730735
1553521 209.63960072608378
1555056 106.9432401459733
1556656 207.35865869237688
1558256 210.67314300075643
1558444 -93.83235990435723
1560044 191.24524725287492
1560487 -61.21347628478522
1562019 104.76991916833762
1562527 -48.49265673732821
1562841 -76.45869721080612
1564441 212.76416697359159
1564755 -78.91715250582682
1566355 203.6098569169255
1567955 178.90230078986096
1568965 30.533610384600905
1570565 219.01138306697365
1572165 211.8690337659109
1573765 208.2495076682986
1575365 209.42352660531319
1576965 207.7808567719436
1578565 201.66717090926323
1579093 -35.731830868305025
1580693 221.632520219189
1582293 218.4562165015868
1583893 208.93916414558208
1585493 197.969047965004
1587093 148.58634399025473
1588693 182.52434618587486
1589047 -70.06324871859574
1590647 223.71774155894332
1592247 210.11347948328253
1593847 203.26795119475025
1595447 217.47028681588648
1596016 -31.336402177115275
1597616 215.67116147177404
1599216 217.31916166236618
1600816 206.03354883006764
1601111 -72.1065445215882
1601887 -14.845448302143566
1603487 215.15521238893615
1605087 209.84913062137463
1606687 235.48001713913823
1608287 224.6925745624359
1609887 218.00863734340436
1611487 212.07589879645033
1613087 223.3761985719794
1614687 195.29855642743738
1616287 226.42930939540378
1617887 204.98312054414083
1619487 194.87289749463915
1621087 229.4803280872102
1622687 180.2264580253474
1624287 196.92577291740253
1624814 -64.29848565703878
1626414 200.95140660196185
1628014 235.26083301866947
1629614 223.30495975254243
1631214 220.94353982526064
1632814 227.17453759510238
1634414 215.04925885240317
1636014 168.8387100122279
1637614 215.24443070579687
1639214 217.93064952327464
1640814 227.7757105135447
1641422 -27.433249066532966
1642610 53.469866030228985
1643670 27.562220420957885
1645270 201.57324436553105
1646620 69.30123194458344
1648220 219.87834419216034
1649820 211.7261385555439
1650448 -39.16913635193311
1652048 204.90732147130126
1653648 199.21181524658743
1655248 210.40208727221537
1656848 230.17486878936785
1658448 227.77032368586777
1660048 203.0785272422182
1661648 227.58498481869356
1663248 225.99387831121393
1664848 242.21076687846454
1666448 210.11314327562891
1668048 236.7657536760927
1669648 204.2123926709061
1671248 190.57874436135512
1672848 227.9766684558022
1674448 216.10434113405796
1676048 237.12773638614132
1676808 -5.524109603230556
1678408 186.61403425078757
1680008 232.2133027485888
1681608 220.99968934476976
1683208 237.29600755346766
1684808 203.20328990827943
1686408 225.2337204462179
1688008 233.304195248631
1689608 230.59923901166633
1691208 231.18085957650825
1692808 218.90562715682594
1694408 211.25812023001467
1696008 210.67251748575373
1697608 225.7248427305067
1699208 208.645992748137
1700808 230.17431009500828
1702408 212.3059219249403
1704008 197.63222398076235
1704783 -5.713620574891593
1706383 226.21666561503997
1707025 -16.60156311135367
1708625 236.82117788910807
1710225 216.05467625545376
1711825 207.36242310331198
1712470 -26.945329530577084
1714070 228.55664022989623
1715670 225.79281952167526
1717270 229.93809615813086
1718870 204.33245725403137
1719763 16.010233470415727
1721363 226.4136249946229
1722963 233.2480428953854
1724563 221.9097318729788
1726163 226.53362799583
1727763 221.6871370618893
1729363 226.75295782046712
1730963 206.7384763547826
1732300 73.21016843102785
1733900 216.94294936989638
1735500 208.56987402239176
1737100 180.5540926535737
1738700 226.8653440650702
1740300 222.44150915486426
1741900 219.3425284089607
1743500 229.07782169518515
1745100 217.40181895628947
1746700 163.66983432067676
1748300 225.75760623382072
1749900 204.71183161192815
1751500 208.1420820530628
1753100 223.3484916717815
1754700 219.72172998410923
1756300 242.86370175112694
1757443 58.18037130496913
1759043 232.96653734173793
1760643 184.4796335913457
1762243 218.78533412439913
1762770 -33.436932037802436
1764370 198.31308103565746
1765970 227.18885783872298
1767570 221.20646372370118
1769170 246.58819751046715
1770770 202.48343653061806
1772370 222.69863731902333
1773970 238.081365022883
1775117 53.02898196433722
1776717 219.9606647906264
1778317 224.75072262343198
1779917 242.4229060690076
1781517 225.64084301108338
1783117 218.87597459937868
1784717 202.44635895648932
1786317 213.89436203339775
1787720 90.39178258294936
1789320 237.01004641046973
1790920 214.86657915094696
1791314 -51.73863842219549
1792914 228.47873105526028
1794514 226.4301707297501
1796114 218.9902735595227
1796493 -62.21823929395528
1798093 207.62875764817255
1799693 229.59453599421906
1801293 232.17549396432494
1802163 -11.5770628292819
1803763 210.67774584022118
1805363 235.99052683111935
1806963 231.49054567359443
1808563 185.21028023217622
1808763 -90.84490225508685
1810363 226.26779098384395
1811963 201.92899681005883
1813563 220.29764744553998
1815163 198.09598019032384
1816258 35.47311548283125
1817858 221.89556044220987
1819458 203.51980103019318
1821058 208.0884709559272
1822658 227.77125975683327
1824258 241.00423202197766
1825858 228.82660349073214
1827458 208.10147482710533
1829058 223.58911881482175
1830658 212.42365815422397
1831675 23.171590863842397
1833275 224.21490512666276
1834875 240.99812829243564
1836475 214.90186846279695
1838075 214.6191997202631
1839675 230.4339203869896
1841275 204.1615608196516
1842875 235.10146551815168
1844475 224.46673585250616
1846075 236.04751167186177
1847675 230.4157321255372
1849275 205.23962228007096
1850875 233.1600355160947
1852475 231.28795643430124
1854075 225.55439927842724
1855675 233.93788797537317
1857275 234.26742347112528
1858875 196.09764081092942
1860475 218.36203778948672
1862075 207.4788811133283
1863675 227.88212943770137
1865275 224.37858012817944
1866875 196.3679642674134
1868475 221.60009564088725
1870075 233.07787675272587
1871675 221.58120110992624
1873275 229.28055839612358
1874875 203.31982283578984
1876475 234.6850003537682
1878075 234.55293288735655
1879675 214.6398654687761
1881275 246.8214831724387
1882875 236.98962010198463
1884475 219.83688897193903
1886075 238.9165508857262
1887675 232.095846234428
1889275 224.53836302260368
1890875 226.24558902807166
1892475 244.130823679089
1894075 220.34452702046266
1895675 223.42794850901572
1897275 229.64500819867888
1898875 231.3467200333743
1900475 230.8351977705382
1902075 212.71824566645236
1903675 229.6581795105336
1905041 91.5822965450291
1906641 235.94356592264387
1908241 228.67016771309878
1909841 212.14427861850564
1911441 224.11267130169205
1913041 231.3649267275484
1914641 223.535385875327
1916241 227.16963064307055
1917449 40.637221809311484
1919049 248.84098709079393
1920649 223.8462768992637
1922249 233.57729395323614
1923849 221.89670301484153
1925449 214.41582414056373
1927049 219.98609118399767
1928649 237.8090407092726
1928902 -97.65839208023654
1930502 223.79336055002113
1932102 238.17079686990024
1933702 236.54810758542445
1935302 229.48685758916258
1936902 242.60308662772283
1938502 222.8352178558803
1940102 241.0242701863946
1941702 240.40295944117545
1943302 238.23928240056895
1944902 232.71604844804517
1946502 201.0112070203709
1948102 195.80785439053767
1949702 210.63821515014823
1951302 214.50081202096757
1952902 232.77255135510185
1954502 204.10666698461608
1956102 237.20052285915347
1957702 225.19654001543364
1957888 -93.29641436596401
1959488 211.26851268071107
1960649 56.017103851950196
1962249 211.42837529980042
1963849 215.70600877140512
1965449 203.24297448024626
1965774 -90.98727276990128
1967374 195.6538858159595
1968974 237.65190558752113
1970574 212.12859837829558
1972174 235.61111366954165
1973774 195.03527571700326
1975374 230.38130010273977
1976974 243.09873498960943
1978574 233.5999191939177
1980174 186.9484143220032
1980891 -24.290400300892188
1982491 229.97587829146306
1984091 233.38688850747175
1985691 238.34271293487808
1986994 83.31979788244914
1988594 230.78554906188006
1990194 207.02621043214708
1991794 224.0840542962976
1993394 214.81374186937666
1994994 185.62421427352737
1996594 232.07802529778323
1998194 236.86935676718872
1999794 239.6503772543897
2001394 240.82247636810234
2002994 221.18038561757
2004594 229.22170636753023
2006194 220.571533956163
2007794 197.5850555059948
2009394 233.4895637349671
2010994 243.12369886730008
2012594 221.7941330295747
2014194 239.51876844317144
2014846 -18.36837240815933
2016446 235.7034761646289
2018046 245.77824601921867
2019646 239.96044779445512
2021246 235.0743828096728
2022846 185.87601431663973
2024446 219.60307402695568
2026046 237.5522903529513
2027646 224.47468883460664
2029246 204.12944373915914
2030846 242.72828601379993
2032446 227.9022684415166
2033952 86.08003075868936
2035552 215.13265815224253
2037152 184.71512555739614
2038752 207.35023733201157
2040352 208.3768641991539
2041952 240.83846344775995
2043552 215.7490716994956
2045152 238.37908236606555
2046752 234.14672712721435
2048352 206.53880156258433
2049935 125.99695049169603
2051535 238.6381571902986
2053135 212.82495569325297
2054735 233.18109491298895
2056335 213.7861052449261
2057935 246.13252526703192
2059535 226.23678221686524
2061135 237.6652594175451
2062735 230.98295098560044
2064335 237.0887221732724
2065935 243.09466513826513
2067535 234.17847571744088
2069135 241.20271999016398
2070735 233.50955898617323
2072335 241.64478808075538
2073935 191.6579146006611
2075535 209.83115349131106
2077135 239.8350405523377
2078735 216.33123143000535
2080335 237.45951621529267
2081935 236.72871788615552
2083535 200.64303204597
2085135 209.37912978402017
2086735 230.88990352625922
2088335 228.98834667390798
2089935 236.51358126086726
2091535 246.79100334861937
2093135 226.3978762996707
2094735 197.07625303795118
2096335 244.8666640938051
2097935 245.83076264858596
2099535 216.14496325879864
2101135 232.8610884901525
2102735 197.2953911981443
2104335 228.4101959389848
2105559 54.387058255246075
2107159 224.39268548300592
2108759 204.95101256973504
2110359 237.44003602019336
2111959 242.30983241862225
2113559 184.1024072435595
2115159 168.3897277636922
2116759 241.36091577904813
2118359 249.4631451490992
2119959 215.68483888361612
2121559 243.27056637160248
2123159 225.8969551868732
2124759 234.12330670989832
2125843 37.08409719067461
2127443 211.40705027046315
2127810 -58.60677925101418
2129378 99.94585818563002
2130978 225.71178309506533
2132578 219.05187301273466
2134178 236.69358363333654
2135778 234.45823117693848
2137378 228.09626313858803
2138978 209.34643343501688
2140578 237.15722073742643
2142178 213.90233252798197
2143778 235.10091659982726
2145378 232.02155774899907
2146978 206.08836635778886
2148578 237.961575085821
2149048 -46.177865798388275
2150648 224.04586117419944
2152248 223.9825185610719
2153848 228.98802051708412
2155448 197.2659330982584
2157048 222.88474530616006
2158648 206.12210722290848
2160248 236.89546207214752
2161784 129.04842330399424
2163384 244.532153107977
2164984 249.23422827854634
2165682 -11.764593425158438
2167282 216.55666726852868
2168882 245.33283986320944
2170482 218.89540670418688
2171244 -18.25439258499435
2172844 220.0574727681202
2174444 237.59719511047842
2176044 224.79833137239578
2177644 193.63839469083837
2179244 241.46892941297992
2180844 207.5005672099689
2182444 234.5664501089703
2184044 224.10568535885932
2184371 -74.6982177639386
2185971 236.25567963861414
2187571 225.85280890848298
2189171 239.37109865244514
2189979 4.9571640469277725
2191579 231.73850320613442
2193179 224.35275301817657
2194779 241.2819259757208
2196379 230.2749089249467
2197979 241.46042254879328
2199579 243.39165522381148
2201179 247.04803068703478
2202779 238.8129823528002
2204379 234.694456188686
2205979 241.03980175815528
2207579 221.83784562269008
2209179 229.2320871949811
2210779 194.52411033375296
2212379 203.18719646746553
2213979 231.37698136763174
2214444 -46.29788175379703
2216044 208.1287980069771
2217644 246.89060044139654
2219244 242.88054814083992
2220539 76.30188810801911
2222139 221.6457765794911
2223739 220.31804138401523
2225339 217.76154570727053
2226126 1.1398989393418475
2227726 241.19553593121066
2229326 220.98947385761147
2230630 95.48199013883132
2230979 -56.516474948127424
2232579 229.63706824045133
2234179 236.88783952468776
2235779 222.31588501825166
2237379 235.87704683471796
2238822 83.77132779966783
2240422 236.63482953189515
2242022 253.53616116613006
2243622 190.9654545745161
2245222 234.88011418240825
2246822 252.98141930112106
2248422 252.60343632782192
2249224 2.4511477575884584
2250824 228.1963701106437
2252424 223.5043886244624
2254024 249.94117254965232
2255624 231.1657477880356
2257224 233.70045488911904
2258824 250.67678287621737
2260424 240.235647836481
2262024 240.8950387141414
2263624 211.3025525912488
2265224 232.17458145552237
2266824 244.16374781979022
2268424 243.37700624308076
2270024 214.5920137656861
2271624 190.8607722112172
2273224 214.27251051446825
2274824 231.54395070388617
2276424 217.1778272980614
2278024 192.41805483525383
2278763 -23.651311995560675
2280363 216.36781510587434
2281963 191.3256761930176
2283563 205.53977833350638
2285163 240.22349445398174
2286763 230.08687125847004
2288363 222.5909734614865
2289963 223.1305994617622
2291563 249.9197066688035
2293163 210.73949056872766
2294763 186.68568938685272
2296363 236.3112329233306
2297963 243.61641850627723
2299563 239.82451408380308
2300565 38.07049549434561
2302165 255.81004503547607
2303765 246.09365415901667
2305365 250.8247515808985
2306965 239.6034022527314
2308565 251.0404582256738
2309297 1.9313882706474033
2310897 225.93330176872865
2311574 -19.563095302584742
2313174 227.05141127053164
2314774 239.53042950788657
2316374 239.87693068458637
2317974 234.9454001105133
2319574 240.11708072391502
2321174 226.34398041178233
2322774 191.04809026980055
2324374 243.21234420307357
2325974 235.21901286517362
2327574 244.0750530523465
2329174 248.4493184368827
2330473 98.99946969089996
2332073 233.62216539004757
2333673 240.5247550050031
2335273 188.25755298025857
2336873 242.5163905942214
2338473 244.25573401201473
2340073 247.23271821022016
2341673 237.4096379311544
2343273 238.46681135975672
2344873 251.31965115667506
2346473 249.2120777208116
2348073 246.158767744479
2349673 240.6073779804395
2351273 238.99717446551847
2352873 236.18958395125557
2353670 -9.813460586750281
2355270 243.19067183391613
2356870 238.82533721011308
2358470 239.8497182734366
2359878 100.03005118706889
2361478 201.04970177439623
2363078 229.07751355775596
2364678 241.66193786382328
2366278 231.52997131270328
2367878 245.28059461298164
2368856 34.04048160351286
2370456 233.6155474536179
2372056 245.19353497178835
2373656 247.26807312603296
2375206 130.3304429765563
2376806 243.51057001121046
2378406 236.3086573301764
2380006 240.70709257323193
2381606 211.09692848721355
2383206 251.96514690370398
2384806 241.24856443281493
2386406 230.64060756860454
2388006 247.3612955560952
2389606 248.11512081515846
2391206 241.08630499855326
2392806 222.50025135835344
2394406 251.81789203218844
2396006 235.44054271396882
2397462 111.24826703363169
2399062 238.3420750384112
2400662 253.44818048287965
2402262 241.7254675972068
2403862 242.47774440794643
2405462 238.14338982712732
2407062 241.8895921338473
2408662 244.5231527339503
2410262 243.06671895081917
2411862 239.47163142972835
2413462 208.2835828577714
2415062 240.95071329273554
2416662 234.66752436404207
2418262 214.67000134295773
2419862 242.54191932083398
2421462 230.6751864545526
2423062 238.558384485773
2424662 254.94825034334255
2426155 115.46315809793163
2427686 103.53687943006977
2429286 238.79708250260558
2430886 216.44070146739557
2432486 256.99289701133864
2434086 248.97948213145034
2435686 242.42962601254845
2437286 251.05279253474774
2438886 238.3629223527923
2440486 242.38887208868536
2442086 236.11984743411244
2443686 217.27370513323555
2445286 254.13662306401426
2446886 241.96297952916277
2448486 211.90756127080212
2449371 16.663215687880864
2450971 211.12690800430414
2452571 251.80134190531422
2454171 261.4913897874447
2455771 246.42565062623038
2457371 242.66351776660932
2458971 245.08855275817928
2460571 249.17261097118143
2462094 119.10618373631036
2463694 237.07645613329717
2465294 234.99564950377032
2466894 239.0830913718471
2468494 243.9445398496062
2470094 246.8545381686724
2471694 246.36134416291128
2473294 252.3727723385405
2474894 220.24006911646686
2476494 246.57911786935097
2478094 245.45452845833736
2479694 248.00732110621684
2481294 235.30375073310185
2482894 228.58263711826913
2484494 240.5440610408446
2486094 232.72021564155608
2487694 241.14035445520307
2489294 252.20884085244757
2490894 238.60086670661883
2492494 241.8689185961894
2494094 242.28024966722091
2495694 252.67752447797284
2497294 230.43196491279124
2498894 208.1041013816893
2500494 245.6855797940545
2502094 244.60405904354937
2503694 249.5604330071253
2505294 257.23696127029905
2506894 246.9297546904374
2508494 229.57127220381727
2510094 238.33051566951974
2511694 252.5543202029708
2513294 239.8149787281281
2514894 232.56984948003654
2516494 247.07482420161844
2518094 242.49959291804197
2519694 247.10810274981623
2521294 247.1480156618393
2522894 245.37464204762972
2524494 251.74811261991516
2526094 239.93426964152823
2527694 244.0049328059887
2529283 139.31748498256056
2530883 220.86655399832884
2532483 246.20963012824134
2534083 246.4944713935412
2535683 250.60964597924692
2537283 246.75350510066914
2538883 239.30617286731436
2540483 219.09036188661875
2542083 245.02754945341732
2543683 250.58232338128994
2545283 257.2223406223697
2546883 240.6173417671731
2548483 246.5248959039828
2550083 243.57555777934115
2551683 239.84630121326367
2553283 247.30657483617662
2554883 248.41200541102214
2556483 241.36238194565146
2558083 243.21530220149978
2559683 238.01316125113632
2561283 243.29467298738447
2562883 262.7454736180258
2564483 238.0914687245703
2566083 251.6724168652644
2567683 250.22696144778968
2569283 224.52369941149271
2570883 252.30428053339017
2572483 255.87268070671965
2574083 244.05843400878723
2575683 254.28075039772384
2577283 222.76889423697244
2578883 236.60945805938513
2580483 253.24051100559728
2582083 257.71608084581896
2583683 246.95780937894284
2585283 237.22521080498828
2586883 258.70826114765003
2588483 244.6172629496462
2590083 250.30373278853497
2591683 241.85419056524862
2592195 -37.58982170167749
2593795 250.03205421931182
2595395 249.24872039276113
2596995 252.917457964118
2598595 239.67445295157654
2600195 236.24505452453676
2601795 248.11353572682754
2603395 244.07589937493236
2604995 237.844188567516
2606595 207.68234125053814
2608195 243.423456234441
2609795 258.73183610327715
2611395 222.30631486888424
2612995 248.2695814128653
2614595 246.619041906515
2616195 216.40676368605082
2617795 250.9287732649528
2619395 249.4234584079197
2620995 249.30778935177383
2622595 251.89127215597085
2624195 243.4527395519356
2624982 3.2287571445177576
2626582 245.00809043100148
2628182 215.5426809981506
2629782 237.3595814201766
2631382 249.06061867167008
2632982 257.00070923605165
2634582 247.07718581090893
2635175 -22.78202623951688
2636775 245.16831887902904
2638375 255.05225596337377
2639975 243.61121848188893
2641575 228.63362090212522
2643175 240.1750865436447
2644775 242.01010071499175
2646375 257.4515088850722
2647975 224.00733578752977
2649575 253.7109991396567
2651175 249.16087405760538
2652775 250.195103524651
2654375 241.04146426228186
2655975 241.03897696492635
2657575 242.70959296672225
2659175 233.11687502511757
2660775 227.60532452843373
2662375 215.8839049030946
2663975 256.8724035672878
2665575 245.59507135132796
2667175 243.2929423021717
2668775 248.28592509876458
2670375 227.2571062051741
2671975 245.06136174344712
2673575 254.16453875986295
2675175 226.9126127586876
2676775 205.83439324095923
2678375 244.67621873601067
2679975 246.92575189548344
2681575 255.56846099567232
2683175 247.86895947728047
2684775 254.16964112647793
2686375 220.2508080513746
2687975 195.90533306600722
2689575 251.45930112985954
2691175 232.08605925908046
2692775 253.42062713775127
2694375 258.508818659419
2695975 242.73643094936315
2697575 230.0426973706155
2699175 245.3637589552346
2700775 253.84710828599137
2702375 254.24130454895862
2703975 256.56490450714483
2705575 261.1374259016286
2707175 255.3704874400662
2708775 243.0474749597526
2710375 245.34902626959556
2711975 251.26197514607406
2713575 253.6258578585408
2715175 250.60296346225303
2716775 231.45231762433272
2717816 48.327915663241356
2719416 242.98342349229878
2721016 268.2564434092086
2722616 256.1676905547307
2724216 252.26652473918045
2725816 249.985972314758
2727416 247.04115249155632
2729016 178.7174668888549
2730616 250.9238745626472
2732216 242.43268067543386
2733816 248.11214157428302
2735416 253.11883743630045
2737016 252.27952424533567
2738616 244.1927754796544
2740216 252.26196380173147
2741816 255.48301242157493
2743416 244.8605910276326
2745016 246.65783681284822
2746616 231.7273399647274
2748216 252.0655721862162
2749816 248.250579081098
2751416 245.2831238969917
2753016 257.06717003460005
2754616 234.0564755682293
2756216 198.30582971511132
2757816 228.6612053371676
2759416 256.82737984895175
2761016 253.19732097378272
2762616 240.2587089226909
2764216 244.48014318095917
2765816 197.32917173169645
2767416 259.26955188556997
2769016 247.61698404994505
2770616 244.09956090931354
2772216 250.91129926614985
2773816 234.26728668050424
2775416 212.72444332952213
2777016 241.9821956780113
2778616 252.06873273507247
2780216 249.4696153148994
2781090 23.695967587182437
2782690 228.7994219967109
2784290 259.60520957076994
2785890 232.63153229571301
2787490 240.73786698010085
2789090 253.4180662653216
2790690 246.44812106790422
2792290 250.22754733054646
2793890 255.00823077509588
2795363 129.16056173854184
2796963 235.97669484937848
2798563 238.0888061512218
2800163 228.8087306105866
2801763 242.91783987101635
2803363 225.57140151490455
2804963 230.29794468482646
2806563 247.68570772835534
2808163 254.96122649647236
2809763 251.75105177140546
2811363 240.93876821256023
2812963 243.68468027329087
2814563 233.96694985790745
2816163 253.76797819025046
2816697 -30.597157738045496
2818297 243.72994521125685
2819897 246.8059354712967
2821497 209.4454353034331
2823097 232.34311100712657
2824697 244.1304262323891
2826297 249.47326788127023
2827897 250.83165893642354
2829497 244.69451589342873
2831097 241.47751050631948
2832697 242.59718360161474
2834297 223.91583115941458
2835897 251.10660970035747
2837497 235.43065436712143
2839097 250.65392170017012
2840697 254.4233491080263
2842297 253.95195095123424
2843897 250.04919669039157
2845497 243.44357079275412
2847097 231.0715624005481
2848697 257.49001693750404
2850297 204.5308990585612
2851897 246.42044666513155
2853008 63.28496713295124
2854608 224.865947908961
2856208 248.21548544975974
2857808 258.193519325351
2859408 251.1498036601313
2861008 229.0964850997114
2862608 228.00589294882627
2864208 243.2304614652412
2865808 257.7547863199173
2867408 250.1555650216818
2869008 258.5556730442785
2870608 236.60376382007092
2872208 228.06389776949638
2873808 250.50220583757684
2875408 259.00517906480036
2877008 251.68296000095899
2878608 239.79541588055255
2880208 235.71305674313882
2881808 239.86687842009857
2883408 249.26463562757723
2885008 224.4318890924975
2886608 230.91377423705376
2888208 247.89462549255006
2889808 236.14876771610048
2891408 260.86208500802076
2893008 246.15032634400393
2894608 252.51821543745294
2896208 250.76633034444947
2897808 240.61402935424414
2899408 259.27660140435626
2901008 224.8824419437726
2902608 261.30388717401155
2904208 246.18489807002237
2905808 245.53221781239685
2907408 246.53357775696048
2909008 255.02192391691042
2910608 254.35815063984793
2912208 227.67604028334165
2913808 255.1657844572315
2915408 248.43912213494687
2917008 249.31626321862572
2918608 239.2744495729494
2920208 254.2913740559684
2921808 250.27251238471243
2923408 258.12891861322987
2925008 221.21664360101582
2926030 36.83806524872978
2927630 253.51446507562184
2929230 246.04130823013475
2930830 246.99502621417614
2932430 241.2795435751196
2934030 252.35247599104554
2934852 6.420383534408231
2936452 253.5106038019278
2938052 247.6554557975171
2939652 246.14923409411108
2941252 244.18839031277793
2942852 250.41211931836193
2944452 237.00170806022862
2946052 261.93382213550876
2947652 231.30858506154019
2949252 234.9672462398229
2950852 253.10872848497132
2952452 247.23105676781418
2954052 248.88615490841556
2955652 244.89466748765014
2957252 255.0030309953583
2958660 113.56382672777062
2960260 253.4739702794154
2961860 258.1741103201649
2963460 253.1309202778846
2965060 253.61443069670312
2966660 252.88582809748118
2968260 233.7256333473444
2969860 247.95684872822153
2971460 263.44517854050355
2973060 234.03356324032677
2974660 250.39594527451126
2976260 248.1317795539071
2977860 208.70935857598693
2979460 244.82548225299283
2980961 98.74134238396871
2982561 238.1367403763493
2983881 76.17486494303728
2985481 242.14221883827474
2986152 -8.75459649784051
2986648 -56.84331612105603
2988248 258.70156846166566
2989848 246.86268739752623
2991448 197.37529625315327
2993048 212.19941922399772
2994648 241.14789155474492
2996248 248.8277416947467
2997848 242.2790109402491
2998410 -42.527912547156845
3000010 224.05665556477135
