# reward.txt contains number of transitions:cumulative reward
76 -125.42321746703517
241 -102.10881471713382
417 -122.38516181303561
462 -111.08851179580638
2062 -111.50396774422862
2136 -115.09110750551957
2201 -99.28101652221754
3801 -113.54376421694643
3868 -108.53000279199362
4022 -107.17591544710722
5360 -218.5039386445041
5470 -120.17082224127277
5522 -108.31263225961305
5565 -110.24485466084754
5618 -111.8287334175917
5697 -120.6998081444921
5754 -105.3040377773835
7354 -105.52419139867906
8954 -107.19794639033455
9034 -115.12362547780573
10634 -96.81032771011402
10696 -108.57983294909758
10764 -102.75815531769953
12364 -109.76010090354596
13964 -108.41024685275362
14013 -105.28303679255148
15613 -106.08190451800321
17213 -118.44089257898905
17270 -109.45615709641328
17327 -104.43465670586254
17364 -111.81051336377548
17459 -109.27089038214895
17522 -114.82335374875368
17590 -103.01670205912491
19190 -128.5737489506082
19236 -106.93366433630139
20836 -96.31226081245879
22436 -112.23846002933715
22516 -115.3360403147762
22570 -116.23190194265172
24170 -119.57672165201907
25770 -84.63232244396394
25830 -104.66381978743088
25903 -102.98573842785446
27503 -91.33021905638965
27563 -114.27426008287073
29163 -105.40878037551006
29245 -101.5699736313851
30845 -107.03451537401938
30947 -106.05656777145714
32547 -106.92975637507186
34147 -95.47482749023263
34207 -109.15811446008397
35807 -68.14506798037866
37407 -99.09859623640168
39007 -97.63097444941323
39055 -104.1508875329358
40655 -96.33561012856102
42255 -96.97213811806284
43855 -94.27690725883534
45455 -90.22508615776925
47055 -88.00967828359497
48655 -99.18599330563902
50255 -99.87633885274342
50330 -120.45498641182482
51930 -80.41967352810258
53530 -84.22617800604066
55130 -87.91593980131401
56730 -90.87146992364791
56827 -112.64404744483446
56878 -115.59113717458024
56939 -119.61217081981121
56999 -105.6477006670013
58599 -88.46788398513696
58675 -99.42125154642389
60275 -85.16062895106026
61875 -87.98416545878814
63475 -82.6807687868525
65075 -84.46549078658403
65245 -106.76175140907243
65317 -104.25230690586288
66917 -80.33136708660612
68517 -80.25858787259585
70117 -82.59232353948923
71717 -84.46645112675526
73317 -76.28229655061752
73366 -112.48413084604343
73432 -105.64146129219607
75032 -77.90957266130356
76632 -81.84590303901363
76698 -109.5423275485076
76808 -102.20923839619073
78408 -80.48558638569179
80008 -79.77506410411247
81608 -77.57371481665233
81761 -106.82743812413575
83361 -74.33007830325423
84961 -62.37153920217473
86561 -65.70998635455213
88161 -71.20131873583536
89761 -68.46421657533327
91361 -63.53415946507454
92961 -63.8265832081061
94561 -54.9103325937775
96161 -68.08404627050145
97761 -66.92392818645172
99361 -58.49436032088416
100961 -83.75554719989998
101123 -110.47927926996847
102723 -58.98490226480496
104323 -58.44516280009607
104384 -113.68918743556117
105984 -60.739194226328905
107584 -63.6052115541398
109184 -57.640062140716516
110784 -58.98220332748321
112384 -56.79425815905443
112512 -115.0273824092007
114112 -52.56371266772036
115712 -73.34051137526953
117312 -61.93371752142199
118912 -58.674324648298935
120512 -52.341894754043516
122112 -49.98321876599139
123712 -57.48137049839332
125312 -58.875027723540846
126912 -55.01805576055375
128512 -56.607071502094406
130112 -58.46273837601904
131712 -45.41096115079952
133312 -48.86112490808838
134912 -40.709309599620035
136512 -37.820918577553705
138112 -40.2702662086387
139712 -44.11295984470288
141312 -46.883015798819024
142912 -34.82961718324512
144512 -64.30898160913713
146112 -40.19749782131925
147712 -31.9282454445899
149312 -28.192572144508993
150912 -29.302141743669008
151487 -117.187703200814
151677 -98.81273599114455
153277 -27.89178838938659
154877 -35.999322653758966
156477 -32.17319943320069
158077 -31.324615159163827
159677 -30.090325771631033
161277 -26.106337966214262
162877 -23.83251153680865
163964 -121.1608152724725
165541 -137.24927517243293
167141 -31.566677395274876
168741 -31.591787706924016
170341 -21.887816159987185
171941 -20.098089725646517
173541 -29.565138651546118
175141 -18.423113904626415
176741 -8.529275927867742
178341 -14.719216212016835
179941 -8.301276842122267
181541 -11.061662899153925
183141 -8.991631404383142
184741 -11.253147579495478
184801 -106.98501306308248
184905 -94.91575369244876
186505 8.51749572862497
188105 -10.12751521531306
189705 3.688026180338726
191305 -9.647261469737952
192905 -3.192441531767454
194505 5.267243675282529
196105 4.045488267092637
197705 -5.556073650419728
199305 8.5148384165227
200905 -5.256302398165078
201007 -94.13616967076746
202607 4.830048859519257
204207 3.835261079682652
205807 2.882716022015855
207407 3.5088611870830424
209007 4.029215855532306
210607 13.239627994857115
212207 5.844578283092484
213807 9.58896481105003
215407 6.857150022419781
215509 -111.68183613057
217109 24.807501292105478
218709 23.545116954536493
220309 20.823282162284304
221909 44.03429038017309
223509 18.679799434179085
224964 -76.00129661018958
226564 32.23578067874264
228164 28.93180086053844
229764 35.8639586806912
231364 42.45280753065634
232964 35.36660704380339
234564 38.201476592415375
236164 35.00429099492796
236291 -113.47527428100258
237891 57.50160978963412
239491 55.218894680040684
241091 73.81001457730761
242691 50.64267995478782
244291 56.30850836989913
245891 76.3699500444028
247491 58.317088289514764
249091 79.35734354215133
250691 65.81955321581103
252291 86.36860764684151
253891 68.73532659479424
255491 77.14718204895028
255568 -117.27385967859006
257168 91.51933209319527
258768 92.95411601025863
260368 80.57346959256195
261968 85.61897851694872
262063 -120.74976426585204
263663 95.02475882382579
265263 77.235522872357
266863 88.43934500321681
267362 -72.19159497242981
268962 90.80173531995226
270562 67.59191553365443
272162 90.57192309989296
272234 -112.16830909715965
272304 -118.55808936837688
273904 94.68996144394154
274787 -40.38837219286658
276387 102.06452758225382
276469 -120.62852032575012
278069 122.28989084929364
279669 89.74201495353385
279762 -107.95963771821434
279979 -94.01205655835258
281579 106.17450901254318
282560 -23.996258209088225
283395 -52.95833754982607
284083 -69.91719352235334
285683 125.96776943986134
287283 104.71705620173424
287395 -103.23474512315231
287475 -117.47880616634774
289075 98.40328695484932
290675 113.70064095534323
292275 112.1901544117203
293875 99.6689255446972
295475 80.31206708425402
297075 111.79776163427424
298675 102.8081080074557
300275 81.24364400531857
301875 121.09043466856185
303475 120.47017749660043
305075 122.85180405625523
306675 101.16982174492752
308275 141.63130305585528
309875 126.1999857678166
311475 140.324678753275
313075 96.03924081356953
313802 -38.43649220753777
314301 -75.97321546649064
315782 29.1040463809359
316062 -96.76470300417704
316209 -119.70245882060752
316335 -94.63558025018808
317935 157.5729975700963
318849 -35.84309422666706
320449 118.37671000537473
320644 -91.0255686838745
322244 160.08556921717658
322448 -93.39413880582356
322537 -117.93306789967417
324137 135.04201719978693
325737 148.4030047001018
327337 158.15812151176405
327412 -120.54306488173145
329012 146.08446537283544
329121 -97.9648655212863
329237 -113.4246057210602
329397 -96.60916470201562
329453 -107.63187502827185
329523 -120.48229385261672
331123 111.76919703733093
332723 146.1250817260929
333845 -13.944604906241793
333918 -127.47667006848877
334000 -112.58089755144964
335600 143.53003608044622
337200 161.84028620122865
337322 -124.69098145346219
338922 143.75309646123557
340522 121.40061614202754
342122 163.84890006342962
343722 151.1060194537199
345322 150.4300928146175
346922 140.59877231837135
346995 -110.37448121868881
347077 -116.36974248274913
348677 145.47622023555323
348760 -115.12952322310706
348848 -113.59860076685624
350448 114.62872076512565
352048 121.39015659950356
353648 181.85004693796574
353773 -96.13199130262123
355373 162.4259880057681
356720 55.96851337120643
358320 139.8271667610443
359920 155.24072234360412
361520 171.04210415823837
363120 157.39770614097927
364720 185.38209101690094
364801 -114.01439865777742
366401 152.89379613965778
368001 145.0501811446044
368194 -98.94889054145291
369794 161.89894204067178
371394 144.92861081555802
372994 147.46027869258234
374594 152.07249200667107
376194 164.81538045851124
376834 -56.53217603143367
378434 169.19761391685353
379064 -39.77405262867425
380664 161.92226683921044
382264 162.94192140946492
382779 -49.04030812321601
384379 160.924649690006
385979 171.15872492583145
387579 158.43965196436207
389179 151.52729244089906
390779 155.58369210373135
391829 2.658147331121114
393429 174.62274559058986
395029 198.15322602953376
395141 -92.49543275307988
396741 188.9821222445311
398341 162.27649333228447
399941 163.35012724566835
401541 186.42214116557005
401643 -102.26832883003416
403243 141.33641950059447
404843 162.12039843064633
406443 187.0620702855501
408043 157.11295766891627
408112 -113.23583155965557
409712 172.45938813210398
411312 163.60275416601624
412912 174.02951774295747
414512 186.57881423640737
416112 142.15228576444585
417712 183.59801485455387
418473 -20.350030475962953
420073 171.33805205483176
421673 200.32268311600956
421749 -115.67523617776855
421811 -104.58149010541041
423411 190.39334697048128
425011 190.21156484956288
425167 -106.71259521695413
426767 177.42567125878853
428367 189.36050194059493
429967 192.46257540590042
431567 189.65034513881733
433167 177.56417306432294
434767 193.80660774781646
436367 201.73901349976325
437967 194.4139678352143
438077 -118.26253298885126
439677 188.08973849113409
439982 -82.4101693202071
441582 202.4737009727938
443182 207.27816249175018
444782 202.04996565179397
446382 172.32743020393073
447982 182.7200868201596
448557 -38.3318489827681
450157 191.28782193746403
451757 200.77360250178475
453357 221.0775179432262
454957 191.203153383606
455411 -58.399832686633495
457011 206.88877182041645
457158 -93.31705827783979
457237 -116.65902218125326
458837 180.11146762613487
459048 -113.20628129587197
460648 194.27805498292798
462248 203.41169993775313
463453 13.996207172673863
463950 -59.320080552804924
465550 201.71782723115956
467150 176.37122638522453
468750 188.16894627445
468832 -120.2741606710311
469370 -41.524955650710815
470970 211.39053704049192
472570 152.92699238140963
472652 -116.31478358010327
474252 202.26793272508704
475852 217.89075373539845
477452 191.42103506374747
478109 -29.43856020033475
479709 191.0510918703749
480661 -5.360308743323458
482261 178.6076936468066
483861 209.7016404326408
485461 185.5466522361064
485570 -98.51090926439501
487170 199.74837145530233
488770 201.12153080486715
490370 193.0397800536178
491970 201.55575729515357
492071 -117.5227747201038
492928 -25.346347616307412
494528 178.92233048671187
496128 188.68476692023245
497728 199.99009497682675
499328 190.17851935313945
500928 210.43421376883416
500984 -106.67870152681508
502584 186.74264822435487
504184 197.3364145392838
505784 206.43535204151505
507384 211.7930070499041
508984 207.94045240374592
510584 193.20242353371611
512184 202.67398198909194
512807 -57.55304681319306
514407 213.89496224232977
516007 203.1949543853845
516334 -77.86193862140243
517934 207.94765028090342
518069 -94.96516733815521
518136 -107.54017535252869
519736 177.45980117649938
521336 228.82755645282944
521510 -89.67867269580066
523110 185.74573675369095
523893 -5.142204393452516
524735 1.7486739507423152
526335 217.68838464019123
526449 -94.10867362742374
526710 -75.47198836537079
528310 201.87331158835133
528676 -77.48303629913305
530276 218.32702203817243
531876 204.87684010190358
533476 203.88830522094784
535076 210.58610145435702
536676 205.2123553702638
538276 203.32304297071727
538737 -46.354644836089854
540266 85.72961766644195
541015 -34.30349016521821
541534 -34.51773956483389
543134 200.54559329788725
544734 232.38638227499456
546334 234.2080081614934
547934 207.43972584897608
549534 214.33467266141773
551134 207.92578137162727
551545 -63.19371838701888
552311 3.934975890490364
552547 -86.89364558184334
554147 216.85182531705206
555747 235.78444621758288
557347 213.96362124891218
558947 224.5969816040992
560547 198.56472046662168
562147 218.81800064165506
562967 -2.5395321354779554
564567 204.28846804699083
566167 216.84467525026886
567767 227.6773158117973
568248 -55.93492092506405
568834 -27.623535071414594
570434 235.62448939791722
570482 -107.92094300853027
572082 236.74163526127703
573682 241.57520865995363
575282 234.93141497302943
575767 -50.86127849527578
577367 216.092245555727
578967 210.69004483774506
580567 238.995823917967
582167 215.00939404132285
583737 262.88370931652986
585337 236.8012852738075
586937 247.54723813357322
588537 230.3968927230781
590137 244.98654359736688
590944 11.16301502251953
592544 233.5696948313016
594144 255.04727831492875
595744 233.6245073267777
597344 244.6969352374371
598447 56.83142101857089
598721 -66.64383443062569
600321 236.25194606756847
601921 237.29682528942834
603521 250.45540539163164
605121 190.17421520086185
606721 238.47746898932752
607878 72.68820979022024
609478 253.83117947316285
611078 251.68458034766374
612307 52.85339235032632
613907 228.35676502020343
615403 76.19271009532969
617003 225.33786781702122
618361 100.1281012788414
619961 243.4932640443098
621561 238.43579859107857
621658 -114.62354110206911
622295 -14.22727360318406
623880 260.59330301052483
625480 253.79125437416965
627080 255.93563682413543
627781 9.792187331613874
628239 -36.99018125689156
629234 60.47642529572107
630834 252.5665400760016
632434 245.01767651698833
633937 93.07070383427669
635534 261.02003843266914
637134 231.03047073390337
637216 -111.40979407164144
637435 -92.40998110880331
637562 -98.47700624185491
639162 211.16197430605635
640762 251.45750455391155
642362 239.14476282249572
643962 209.13556300720083
645562 252.6120138144035
647162 251.00586660379184
648762 253.86746042177268
650362 258.9241481873815
650949 -16.72551694983619
652513 263.7296994439291
653365 11.784406073485727
654964 259.6035059630064
655360 -53.1375219755042
656960 237.37085913419185
658394 69.07396006246054
658544 -97.5581191387189
660144 262.1218852393494
661744 253.04759742943187
663344 255.97885886133272
664944 223.9707603231261
666544 252.17899966272074
666619 -105.881612947839
667506 10.0472604951524
669106 237.987943445289
670706 247.53283127597598
672306 243.21920820950143
673906 242.45196918984524
675173 87.81849543601183
676773 243.37073440371432
678373 237.7525864214344
679973 254.14424453586525
680074 -105.22521934789606
681674 256.21621054700154
683274 261.1269925864453
684874 254.743026940468
684938 -110.62572881760697
686538 239.8146601151807
688138 252.78482752453914
689738 236.63180404435178
689833 -119.67646009127175
691433 253.43326162206912
693033 245.7602754995201
694633 224.52457853811788
696233 237.82809721385794
697833 242.17432333359523
699433 237.91925071199321
701027 260.7343563498631
702627 245.27301922287924
703550 24.446544934528276
705106 262.01159621445197
706706 246.08925447647994
708274 261.4882538276826
709820 261.0421527791345
711420 252.6165411836794
712054 -15.755462730394484
713622 261.17767417998687
715187 261.4151138157
716787 248.86732070550934
718343 261.6489954748678
719943 258.194113880898
720109 -97.20864653113298
721665 263.4324452868268
723216 263.64682506596546
724475 81.93408866618088
726075 256.6313395970331
727675 254.82948386892284
729259 260.3844621289643
730859 256.28648725539256
731008 -98.99539789144447
732604 260.06810031397623
732962 -59.83558296093465
734512 261.9466019954822
735056 -34.15929215405569
736612 261.61450897320566
738212 235.13813782303984
739806 257.60440173597635
741337 262.9967022846891
742937 247.45196757678667
744513 261.27896441478714
746111 257.7054652982508
747679 259.8987362838986
749227 259.8818632627188
750750 263.6619580295286
752242 267.35985449351335
753831 258.6040292254879
754836 60.09224945788901
755804 64.01830071314717
757315 263.51181240204994
758915 220.73834581986966
760448 263.5649280451629
760624 -101.88801973689658
762224 255.50391776960385
762278 -107.43584271448354
763795 263.03928600601853
765379 259.59140862553926
766395 54.66975182061452
767916 263.04661652244135
769448 260.7543933682068
770945 265.0888553209238
772468 264.17187782050536
773975 262.99068600136894
775525 262.9556239129801
777125 234.89304630717595
778725 250.8493702968797
779233 -49.087348353385984
780823 258.38330489457815
782268 118.2224042974639
783835 260.9843627892502
784728 10.706553999339036
784994 -68.92518982120538
786553 262.38381863734804
788148 257.83262708243944
789744 257.5966626433502
790455 23.039731999093036
792055 255.74621893724796
793615 261.20878988013493
795215 256.6288984614304
795297 -111.95041099843384
796873 261.6606254536381
798473 256.50852897322096
800067 256.88360972335755
801617 261.4747649271822
802410 15.484107825304008
803977 259.21241774522645
805567 256.63035567794975
807036 117.6503147561904
808624 258.8916837975135
810224 245.0383605013334
811824 250.28386723433618
813424 253.8221322191264
814988 258.299819080653
816553 260.37259099563147
818123 259.43135936850507
818227 -122.29348406160653
819216 13.058036116649717
820772 260.96302048146146
821598 14.58201890132706
823112 261.4326732146402
824668 259.57703905953406
826199 263.2380773000522
827799 241.19204528819844
829377 260.9064477558288
830937 260.02262943091006
832402 268.725219203607
833954 260.08929679507315
835518 260.80258183051285
837118 253.33292938470808
838655 263.132117668304
840105 268.2642874537294
841705 255.2120888860195
843175 266.6003117476259
844636 267.2483167721134
846236 232.8611817632012
847733 266.60594736855955
849314 259.1252782150557
850896 259.46089329115455
852387 267.48390379557145
853889 263.5282725657858
853965 -115.79403915803508
854650 -9.593687516454708
856150 265.2342087204932
857515 64.9581664320157
859022 263.0064447333462
860551 264.55182455528137
862090 263.9862848090962
863603 265.8621592291649
865165 262.3810656863838
866601 270.4571260223088
868173 260.7688751426579
868337 -121.23580566366141
868975 -20.711085604836697
870540 262.43707142767477
872021 266.83044285313974
873533 267.0006961692801
875056 263.6784987071247
876545 268.2283378785371
878066 266.28641468459546
878404 -74.93866350698471
879905 267.23019537672957
881357 269.4577776685947
882957 251.0332062275917
884402 271.46057935579984
885843 270.9602007093025
887410 263.6106923933431
888848 273.16030797174386
890331 269.80368064935135
890446 -126.06943214920598
891965 268.998317132533
893159 52.009999753740686
894648 268.259045565218
896124 271.02995230267965
897618 269.0866488676599
899182 264.5513992683783
900688 267.377883964983
900996 -66.08759071412065
902026 42.46119746335404
903431 275.6490618241799
904618 94.68382314319291
906148 267.92530486728367
906780 -49.41792481068901
908233 271.38690344442176
909630 276.99058240722803
911171 266.9386414354103
912631 271.88740456861365
913242 -73.70418136985103
914769 268.09849312939537
916186 275.27924394526883
917706 268.5484292340183
919168 271.1677884339487
920314 96.04628485499677
921750 274.7387572686037
923278 266.6705595036428
924795 268.90628095144217
926258 273.57658534242927
927712 273.9327659286211
929216 269.6847991322222
930814 265.3877505420985
932333 266.9142190124594
933831 269.89348474203945
935256 276.53802767246054
936730 270.91640543956663
938107 279.0437184906201
939598 272.419374554434
941047 276.2423584599228
942528 271.2581459496062
942760 -95.30023010253659
944307 269.304687377315
945853 268.147330248178
947264 276.1318655522935
948697 275.07725182116275
950193 271.8411581320668
951793 251.94606143516836
953242 272.9719989645404
954842 260.0214608012775
956304 274.3835381866793
957737 277.00369549577186
959130 278.618954405528
960350 117.49826843675655
961208 49.279342281832186
961900 17.47736969200838
963308 278.0913698634299
964512 103.90925805480936
965964 276.47666404454753
967428 274.2317513886402
968932 274.26342378764843
970386 275.2390964490306
971788 278.6783991687004
973219 277.9883737068626
974598 278.83115535750846
976013 278.30700329280137
977449 276.41347658769286
978243 17.063329685477456
979101 52.597064570449305
980587 272.6732251966313
982066 274.75505073058775
983538 272.0392350585905
984182 -15.244567841067365
985420 105.98911451993604
986968 268.5799303627635
988389 277.54942530092
989831 275.49938098144867
991348 271.5024656382618
992761 277.569696007701
992874 -116.60488359384425
994309 274.6247168523393
995746 276.71511063909173
997211 276.0960550366387
998664 275.35951425692764
1000123 274.16832580952877
1001545 276.2685029458655
1003106 267.4414658947746
1004600 272.72864841797156
1005996 280.10580562137926
1007529 266.7352696248355
1008993 273.0064497883152
1010358 280.08198951856696
1011830 274.3492265220094
1013217 278.3939179123222
1014711 272.6222599301589
1016086 279.5015386371467
1017488 276.26258755174655
1018934 277.2743080246379
1020313 279.8246415646838
1021702 279.44019784301213
1023128 276.9663951208529
1023926 36.68129779774873
1025306 280.2970425583882
1025419 -114.81829657410272
1026783 280.2626075845032
1027475 23.20047841416114
1028958 274.1953454521489
1030359 279.26522900562907
1031743 278.8981765778113
1033183 274.8005679169874
1033405 -73.60527966592834
1034863 273.0659534830997
1036395 268.7788261592051
1037884 275.05893499899076
1039292 278.20765838521305
1040667 281.4590451895027
1040883 -77.36200862227068
1042329 276.57987158576594
1043583 133.67129237804374
1044928 283.94478581986925
1046394 276.7156693319077
1047634 108.20622815936537
1049048 278.23980456570047
1050536 274.9504107961564
1051958 279.88647032173805
1053357 279.56520061204645
1054856 273.1919330306525
1056243 281.48692111376664
1056339 -119.3361277363052
1056456 -118.94839616700386
1057899 278.7028821956863
1059282 281.20297320713945
1060689 279.8402872765849
1062159 276.0162973150826
1063623 275.50483110630216
1064616 78.3921957259166
1066108 273.32289583393543
1066772 12.890438489389737
1068223 277.7930690361931
1069642 278.54819365008746
1070837 138.57994887298366
1071511 -8.031507285598025
1072589 76.54285486234141
1073944 283.76223932220495
1075386 277.7181148626463
1076799 278.50793272192914
1078260 276.9950959119709
1079182 38.28633359005559
1080314 100.40273494484816
1081771 278.2034124173883
1083162 282.2790838595158
1084588 278.06346369980866
1086063 274.8711007120802
1087413 282.2358596375235
1088814 281.0245560714569
1090202 280.40634310500167
1091663 276.4158749867394
1092134 -19.18657712725299
1093592 277.5730633945625
1095006 280.427722960308
1096433 276.83000637081943
1097842 280.76010864042456
1099239 281.51199321614274
1099940 -49.97074128400375
1101456 274.07528470686265
1102908 278.5040349600971
1104372 276.87960288630677
1105752 280.14086342034017
1107146 281.02031368176034
1108629 276.39522114298717
1109999 280.7321503211196
1111406 279.20541703278934
1112305 53.812488290462795
1113763 278.13613045489257
1115143 280.88238807561976
1116652 273.55777898310254
1118093 276.89702387474034
1119546 278.14010637597676
1120889 284.46147081978404
1122350 277.0611383518061
1122838 -42.43937595522091
1124257 278.395048304634
1125678 278.95757826005536
1127025 282.6769470144624
1128416 279.19090158799247
1129701 287.7307195976132
1131092 279.9698276365914
1132581 274.915157846534
1133892 140.35951540891654
1135299 277.93489525218286
1136725 276.5308205380909
1136823 -118.26690641564628
1138210 277.5489142152995
1139596 281.3785128410355
1140961 282.96608302579614
1142314 282.0540158202916
1143710 277.8532044717301
1145028 285.72070619760564
1146362 283.7043628209316
1147770 280.55716302924463
1149162 281.9434373950786
1150762 268.8391789395555
1152219 274.70881284395074
1152654 -64.09030428751004
1154015 282.3463900449491
1155407 279.5824344937647
1156773 282.97238577744776
1158183 279.90691426510824
1159672 273.6449264016273
1161105 277.88561633381926
1162515 279.2863930511459
1163853 282.53915606773506
1165168 285.7577923945725
1166581 279.1448848233009
1166692 -118.13977769737753
1168126 277.3931374645828
1169558 277.82574825205455
1171070 271.0998300152774
1172558 143.4473595420444
1173864 286.3638696169467
1174595 43.66527501124452
1176028 278.17632963021515
1177333 166.94433790803328
1178670 284.3482827360488
1180062 279.1691892670883
1181410 283.047341121152
1181462 -105.97119019790304
1182879 278.60826675085946
1184160 288.30994297203887
1185530 283.3215515087117
1186926 281.37528452136394
1188345 279.50541354028655
1189748 280.587894758408
1190774 85.86422541442082
1192106 282.6508835096052
1193477 281.1418140134465
1194837 281.9067323347922
1196180 283.79963080341116
1197489 287.3916979676529
1198872 281.5372917196997
1199809 91.38875274924249
1201119 286.2817338431003
1202443 284.281889116236
1202798 -42.22797272816301
1203664 56.288850654898084
1205077 278.8483269659551
1205769 14.630208219675382
1207127 283.0046796041222
1208478 282.8008899127148
1209797 285.71230966151603
1210368 15.951820216662625
1211194 64.66421400552176
1211371 -97.0238851662868
1212743 282.829325926446
1214077 285.19548109739776
1215335 153.59882667646278
1216756 280.00842045864897
1217055 -41.59743765740781
1218383 286.1517504810228
1219813 278.94719513085124
1221197 283.47214170743126
1222533 285.00154237454063
1223840 286.6402301692999
1225197 284.20127670757137
1226374 121.76915372177129
1227806 277.9822990464648
1229162 281.706183677216
1229750 6.573865249733146
1231063 288.2623721425596
1232442 283.3501853051345
1233837 278.9650431422685
1235187 283.79422144186464
1236490 286.3799944807051
1237802 286.67534271149503
1239169 282.96764812640913
1240536 283.29601702255513
1241991 275.4215090864456
1243353 283.9120389869428
1244684 286.7940682478566
1246056 282.1439813708616
1247408 283.4698674832963
1248027 1.8276637108197633
1248932 70.6566027119961
1250291 281.7299459249912
1251648 283.3135173958887
1251896 -61.56572601156059
1253263 283.4287860821158
1254627 283.4939178229412
1255989 283.71835976789396
1257359 283.77568838418
1258740 283.1337661391248
1260079 285.630453640605
1261456 282.98297117464267
1262891 280.1267021015716
1264238 284.8283253138179
1265673 279.5212789619076
1266977 287.7501070380694
1268275 287.5255824105435
1269711 277.00706534814583
1271094 283.02793098482283
1272464 283.12572262311505
1272991 -4.074081418405527
1274364 283.67968032865315
1275651 287.6999696537652
1276995 283.8590261899791
1278316 286.8455637131715
1279736 279.1842319106479
1281081 284.55686600739705
1282420 284.59043800954197
1283706 288.1294672225424
1285147 277.6926609916775
1286449 287.11488391601085
1287743 288.167180684631
1289045 287.74390075699193
1290454 279.9539063457118
1291808 283.3656957726941
1292372 7.7438157834132255
1293742 282.4751587918549
1295127 281.55247997796505
1296264 121.49345964677019
1297581 286.99272682648814
1298895 287.2594973726438
1300206 288.3842958954682
1301575 282.63775319502366
1303039 276.48907141778255
1304350 285.81078625542176
1305695 284.7240418758588
1307045 284.85560552348267
1308360 286.0400226199218
1309705 283.9999350483254
1311104 280.99628730647396
1312504 280.62171906347186
1313884 282.8056169932479
1315275 283.22502611087106
1316664 277.2468372654666
1317979 287.24151748139786
1319330 285.1776121342958
1320421 120.76117493572264
1321758 286.4740583966436
1323061 288.16567707646817
1323142 -113.03993441827843
1324532 282.876717086368
1325872 285.63485097097845
1327170 287.3778082479026
1328546 283.1758411460841
1329923 283.52767317084033
1331282 284.0025267982688
1332655 284.158122323785
1334027 283.2185355699144
1335399 283.1842342497703
1336700 287.4597847251966
1338117 281.3346430554537
1339406 286.80004153601567
1340807 280.42856436859347
1342155 284.14932616708734
1343536 282.20009712816307
1344872 286.5756582682577
1346147 289.4919149898563
1347512 282.67976695303514
1348837 287.1106158165443
1350207 283.46840960630743
1351078 23.994662583505402
1352428 284.6150526462848
1353813 282.5971726724414
1355197 281.9208083853091
1356545 284.323204221817
1357847 284.97457615471205
1359087 291.2335969831978
1360393 288.58145052011895
1361691 286.65047305665115
1363031 283.7684735584317
1364363 283.3419638391162
1365732 283.05055281865526
1367198 277.2274193735369
1368486 287.48146041994823
1369840 284.2577481946408
1371153 288.6586878735221
1371670 -14.619127347321594
1372146 -8.067247458073311
1373478 285.30653927844827
1374819 283.93008689651714
1376143 285.36831876627747
1377478 284.19338300562123
1378791 286.9484169910827
1379627 66.61738155236395
1380919 287.8511466624606
1382178 287.12554430998466
1382503 -61.95770302755632
1383832 285.5662015984008
1385139 286.82800614490316
1386444 289.12254739786727
1386677 -109.73423684449183
1387968 288.8272965093863
1389274 286.0648565393985
1390605 285.95812543035044
1391877 288.76448758147455
1393269 282.1124397084292
1394141 82.69143194085095
1395509 281.84793699318266
1396812 286.86798949716905
1398178 283.568268581051
1399504 286.10412782778303
1400722 292.86424964380086
1401845 132.93330338834826
1402392 -5.279050609970469
1403709 285.6619068642726
1405042 286.0041037192594
1406438 282.1390142972432
1407643 167.9726911934054
1408970 284.53612170283367
1410277 287.72115690866815
1411617 285.67673119629427
1412931 287.1539642934245
1414287 282.33415618698496
1415528 292.0677951445739
1416862 285.28165789411145
1418126 289.10242548520455
1419434 286.4336918491841
1420108 22.25878162742471
1421383 289.83785757589834
1422821 277.6046366381644
1424212 280.91365132717755
1425482 289.8434345077975
1426776 288.2102146885517
1428092 285.98126576029875
1429396 286.25217798696985
1429734 -46.92570783871163
1430413 22.486491610826903
1431688 289.2301972013394
1432369 37.79908044863046
1433645 288.81064864360246
1434976 285.4649203812822
1436276 285.77725882077556
1436694 -29.06062304875445
1438003 286.74291395070867
1438530 -1.8760281727534647
1439791 290.62995610437173
1441165 281.4609236724522
1442471 287.2872013450702
1443820 283.9649361085059
1445141 287.0130284729992
1446490 285.4495677480125
1447894 282.61473410028646
1448867 95.55462850947745
1450199 285.99683456654475
1451449 289.98064105209863
1452791 286.49210805203296
1454086 289.6138035073816
1455432 284.8386257702101
1456789 284.2900347676869
1458149 284.4654906917728
1459252 123.34266395135495
1460670 279.11729279599047
1461926 291.1681310097049
1463188 290.60444640373953
1463748 0.7760519761175857
1465131 283.99877621224357
1466550 281.34284482977415
1467858 286.86645900246236
1469203 286.4766809210315
1470573 283.6556081159039
1471979 281.31613947562124
1473302 286.85156705966983
1474589 288.9752855644564
1475882 287.65319932700635
1476187 -52.67115587566483
1477584 281.93089700239983
1478961 282.7237918494402
1480325 283.29031319259065
1481629 289.05157237317894
1482923 289.64816351783605
1484248 286.87419523439524
1485538 287.9154014673215
1486828 287.0479215789971
1486911 -120.24957192296971
1488293 282.42060734243313
1489630 284.86974305773236
1490878 292.1549290734958
1492229 285.595489725204
1493593 283.8181450198902
1494952 284.2970402025349
1496255 286.7342435644062
1497587 182.21198752217845
1498899 290.0159103671412
1500255 285.8073865781231
1501682 281.4476049558835
1503091 283.4898020216507
1504419 287.6250396809801
1505686 290.63955366408504
1506975 288.9682321030857
1508274 287.5787615239061
1509553 290.6393798060368
1510893 286.8188770989661
1512256 285.2005268150967
1513681 282.1920120800248
1514995 287.80032358744046
1516320 286.6363090405444
1517668 284.72521066499166
1519011 285.4553506028759
1520305 287.1038118211849
1521644 288.18739220880695
1522951 287.47282487998035
1524248 289.49093898187124
1525630 282.73635720263843
1526926 288.8619959819701
1527019 -123.02316523467066
1528354 286.665905545975
1529629 289.7105731982982
1530987 286.12537876839053
1532332 286.4382495557773
1533713 282.92576608647335
1535038 287.1710407012719
1536405 284.0666352062396
1537754 284.0348361145775
1539159 280.6863735195281
1540428 290.66285763533665
1541700 290.60792931179924
1542969 291.208278122169
1544256 289.42414787005714
1545607 283.49632901179325
1546920 287.8437729189558
1548246 286.661583501872
1549609 284.69978759467625
1550997 282.52234290203216
1552342 284.79239908159354
1553693 285.0330824466533
1554950 291.27002811637715
1556293 286.46942355524294
1557643 285.8247088495125
1558946 288.23284881917215
1560301 285.504714700505
1561600 289.21473110399256
1562918 287.46070887161414
1564279 285.2838397998635
1565592 288.15229641533864
1566946 286.06623077751476
1568320 283.5871132390037
1568953 14.516999161434029
1570291 286.4938061960188
1570373 -120.77546471378642
1571719 286.62103041826083
1573074 287.43513530966703
1574478 283.3505054881787
1575808 287.37127268772184
1577167 285.0825516601741
1578457 290.28841307958675
1579839 284.14736347144935
1581185 287.66968436443346
1582500 288.0847061939162
1583819 287.7958487078713
1585264 279.96006613646557
1586577 288.542680639429
1587895 287.2559634105032
1589231 288.13891313207193
1590526 286.8043298800047
1591866 288.1298797434506
1593185 288.0412424340504
1594495 288.4673116455004
1595830 287.42497362855755
1597117 289.89402730619867
1598453 286.6125909386309
1599788 288.13701751939743
1601098 286.941841452817
1602464 285.55846260959834
1603844 282.8815592211808
1605144 287.51219402876455
1606442 288.43097337759554
1607701 290.8922976176291
1609063 286.5443006429785
1610310 292.99414748551095
1611590 291.2144055498775
1612904 286.42341344408237
1614238 286.1145075218711
1615509 290.3585162520033
1616837 288.8436793340149
1618140 289.0896678501199
1619576 279.4827359042891
1620920 285.1789376816858
1622208 290.4396765022452
1623518 289.50474347221484
1624787 291.19140785732463
1626150 284.98445459517353
1627468 289.1417245412217
1628826 286.1910729671675
1630089 289.4333077401884
1631367 290.9963025413635
1632679 288.22690498320225
1634030 287.04454873333225
1635375 286.68006735291675
1636736 285.8670660090454
1636868 -92.00329595855251
1638162 289.42931450530966
1639462 289.9551548111447
1640807 286.74986326557945
1642181 285.7308123717654
1643470 291.4392304731684
1644766 289.0885294110732
1646085 287.93243567997877
1647413 285.85038795442307
1648952 273.66831800003104
1650394 278.7576092776344
1650481 -115.34225162005673
1651829 287.6465893107759
1653126 290.61185930812576
1654405 291.43786113921504
1655705 289.95655652977706
1657015 287.83393479840703
1658326 289.5371282684842
1659639 287.4326519374499
1660888 291.32724314291653
1662200 287.6598211902266
1663415 294.86266552442
1664709 289.781684497275
1666020 287.3799226860852
1667278 290.2855014536632
1668536 162.4754152994409
1669760 293.18638305626604
1671046 289.3758522835015
1672339 288.073357811308
1673600 291.59309305724554
1674935 287.86895297105
1676156 292.5590405605535
1676417 -70.05235355382351
1677726 288.3423286583967
1678978 292.704425171923
1680324 288.34514534923045
1681614 289.55526733522004
1682932 286.34581094074076
1684181 291.95792998926345
1685510 288.16652091012384
1686803 288.33424608807275
1688113 287.7438290993149
1689138 124.88653534787397
1690417 291.5677865584507
1691711 288.49581400523317
1692998 290.0672742042099
1694357 286.1028532507997
1695704 285.1905935800681
1696954 291.0380314034091
1698227 289.22069616255925
1699563 285.0069919806797
1700881 290.1866970933342
1702196 288.33441505178325
1703495 289.34282226005064
1704794 288.1947915023661
1706074 292.14985816108816
1707360 289.0531323241494
1708662 287.45016110744984
1709980 288.1038877124607
1711302 288.5097228707568
1712640 286.45453057190736
1713920 289.5187085331667
1715248 288.4123028909343
1716605 286.59364767074317
1717907 288.3239751720569
1719252 287.32738782408126
1720586 287.2018988533025
1721875 289.83941865088843
1723211 287.3631547799257
1724513 289.4069450272156
1726085 272.2317291498866
1727392 289.0569688460099
1728813 281.21743269219667
1730123 289.67412296040567
1731424 288.87852060611544
1732571 146.94952823753354
1733858 290.8574047033116
1735133 291.69739551493376
1736411 292.19563597154314
1737705 289.89592814983547
1739043 287.0998365801205
1740425 285.1965016717553
1741711 291.07805857000994
1742959 293.32132757687623
1744212 292.7702409365048
1745535 288.8298797947543
1746807 291.7532621344542
1748105 289.42401153018585
1749392 290.5878226179035
1750665 289.67119012639995
1751939 290.662411559409
1753233 289.462610324019
1754534 288.74052037628184
1755797 293.5843398750469
1757040 292.41657262722623
1758309 290.68653091115453
1759583 291.0593142330759
1760890 288.5007703358244
1762163 290.96422202102923
1763465 289.26223475483715
1764718 291.9071847196911
1766099 285.3656506661931
1767361 292.2236922671607
1768565 296.47706029622435
1769870 288.1081884624671
1771128 293.15362361115115
1772425 290.51637847670884
1773683 291.6634191532602
1775004 288.4979990680415
1776256 290.31522593377207
1777550 290.6968008411969
1778830 290.5699961180115
1780203 282.885587640368
1781487 290.9600845292445
1782871 284.4164798117883
1784190 286.90329249317153
1785490 289.72449355288836
1786745 291.79185529634253
1787966 295.55814828004424
1789266 289.76607947475765
1790591 288.71805723013927
1791939 287.4055120023529
1793206 291.61829564232005
1794511 185.8563540366992
1795757 292.95641708724867
1797066 288.9632805013229
1798296 295.08710824119254
1799583 290.31021645502875
1800825 292.9749973989649
1802049 293.09295707706735
1803281 295.6591259610236
1804571 291.62292085369484
1805858 291.97352110279706
1806034 -93.13157206050927
1807281 293.59122161700753
1808623 287.8550881904568
1809907 291.66141522794555
1810992 142.11387180772832
1812317 288.9057171851804
1813653 285.7293551042596
1814918 292.48912002686376
1816241 288.13692201247585
1817475 294.2500567109342
1818797 160.74098465263052
1819991 296.2363538640524
1821300 290.2837277674396
1822539 294.11944120294686
1823842 289.7419011900508
1825133 291.3509600552277
1826395 292.4481896497044
1827671 291.9270848456163
1828958 289.25599586323875
1830219 292.33846650745386
1831554 287.94602484636647
1832821 291.6575139990453
1834084 291.45299101095594
1835410 287.7104271948662
1836701 290.95467027959984
1837972 290.09119448780524
1839254 291.45930533632287
1840522 291.70030388924965
1841768 293.7252726375796
1843091 287.9103486222894
1844401 287.84822631931917
1845632 293.3098650949565
1846932 288.95810128265583
1848272 287.34801016171497
1849158 93.00879476749338
1850458 287.48241525958315
1851819 287.3468249661856
1853114 288.5660185280335
1854385 288.58724965377803
1855652 291.61548668032583
1856855 296.6854035885497
1858131 291.78920473763844
1859427 290.77472725276596
1860752 289.33295317931584
1862025 290.105452981597
1863266 292.5769262155604
1864600 288.31332079556853
1865900 290.81738854792394
1867208 286.9803031829488
1868200 127.27074572893733
1869508 288.7804372218126
1870838 285.72242739882313
1872149 289.0961652014982
1872528 -29.969634899188435
1873826 286.58564720470656
1875165 286.49127221832936
1876181 122.13569421829851
1877476 288.8768816263411
1878787 289.1322369403657
1880041 290.951844531828
1881401 284.4273963768561
1882677 290.79286127717154
1883956 290.2097932521274
1885172 294.17472193666083
1886473 289.0257066267213
1887864 284.38841405482134
1889121 291.3919032844574
1890397 289.61494060301635
1891651 291.4001711313323
1892966 287.0781932668163
1894260 289.383884638972
1895574 288.99080970781773
1896817 292.3064461439623
1898066 292.1468858677655
1899289 294.21424912086667
1900548 292.36009093166234
1901917 283.8122140814324
1903138 293.3806135105681
1904342 295.7065969809034
1905589 292.65706428012203
1906834 286.71944011383897
1906939 -118.43985244831319
1908198 290.6152239214407
1909484 290.8260204681556
1910757 290.5138104038006
1911971 295.1330604731047
1913240 293.56782356325755
1914458 175.4385949001957
1915745 291.3272172355121
1916992 293.5783519622978
1918268 290.4788099765995
1919538 291.0361148602488
1920808 290.9495170474016
1922029 293.5887228002756
1923047 126.70381429705071
1924350 289.8926081422293
1925605 293.26784707587274
1926703 131.06801047212608
1927892 294.270704904766
1929086 295.271512899306
1930321 291.0477530412621
1931657 286.8910919497023
1932940 289.63139328368624
1934113 295.67800274667337
1935342 291.2544166863434
1936580 293.0169626950798
1937846 291.6844697688088
1938369 -20.102302325747033
1939639 290.275761230029
1940196 -26.716613414342874
1941447 179.19783019699827
1942683 292.37304226217384
1943939 291.4534321386734
1945242 288.6939032769473
1945758 3.5928833711352866
1946944 297.368500509148
1948255 289.3294260836227
1949533 288.9827937049439
1950802 289.727307934589
1952048 291.68630176407976
1953323 289.9204962423353
1954601 288.9272559701044
1955885 289.7133172983882
1957171 290.3792903546492
1958465 290.19449488359066
1959745 290.9344045670718
1961047 287.916210541014
1962232 295.1158668461697
1963536 288.3610595753107
1964772 293.77574506379483
1965989 293.90202752752003
1967254 290.6219108144146
1968572 287.78669932371866
1969835 289.2958053751611
1971117 289.9788328952492
1972390 288.53343118938983
1973743 284.52386345955637
1975010 291.2342664295529
1976275 290.63658983096565
1977482 292.69888540022765
1978752 289.7845197568803
1979998 288.79465164301
1981239 292.8130841079431
1982512 289.36838772729936
1983734 293.29221406183063
1985022 289.82573708872656
1986215 293.9553732135413
1987384 299.0714605011765
1988643 291.95133010128103
1989869 292.82174849427287
1991051 295.7610302380298
1992254 294.53674207022124
1993553 289.7368344259444
1994740 296.4016907010974
1995959 293.29873262460467
1997146 295.9476654603583
1998367 293.11233104960485
1999566 293.96612074903715
2000793 294.25470006921665
2002043 291.6597847722435
2003331 288.77910187155254
2004262 110.28911335883484
2005520 291.7220632433204
2006776 292.37471087429435
2007757 123.53901728195757
2008220 4.925509900093644
2009412 294.6051776746387
2010661 290.5980858307698
2011548 56.79846490504519
2012793 292.116254473661
2013957 298.12873501143207
2015167 293.5093655757445
2016376 294.0307184066114
2017595 294.08482473283425
2018819 294.46760747199886
2020061 291.6035888523703
2021298 291.89466385163905
2022526 294.0475887048982
2023776 292.07132661018704
2024992 294.68779502025035
2026164 297.7850868992643
2027310 299.11510775944595
2027942 42.941035347563314
2029232 287.3758367504143
2029483 -62.71729415514754
2030718 292.74052152875305
2031976 290.5857332754583
2033163 294.9191739493938
2034291 298.5943453958243
2035521 290.86743577800377
2036779 291.1091163123029
2037996 293.71084819992245
2039213 292.7883776783052
2040177 125.14448660399242
2041398 295.3202573584442
2042670 290.01149880588673
2042955 -40.41607442672368
2044165 294.2524865484642
2045370 294.10927783028865
2046637 288.8076969406511
2047880 292.73031392510177
2049042 296.26332740072354
2050218 295.9488710591714
2051498 289.46607979091607
2052713 293.5329069406716
2053927 293.95291441614415
2055194 290.6147271415159
2055527 -38.433083945468866
2056726 295.19134505300883
2057082 -39.78750586690136
2058318 287.9280205542043
2059607 289.70953353043427
2060821 293.4646172266738
2062033 294.195906725122
2063291 290.1964863999351
2064553 289.62128028146736
2065737 294.9356338201726
2066961 289.86213062664154
2068144 295.47559061551453
2069382 292.01623983375356
2070705 285.2973340617932
2071976 289.68298001105626
2073193 293.2139396664446
2074441 290.58224643589955
2075635 293.4729021922223
2076944 284.7552703068626
2078110 294.5270185618007
2079328 293.9230732916
2080495 295.8808857826133
2081707 294.5201168119064
2082881 295.28418475586255
2084123 290.2769605839697
2085324 292.90982129038827
2086525 293.8095340452595
2087634 84.97841528440483
2088801 295.56915289485204
2089904 153.84692354572996
2091057 296.57198769531607
2092294 292.73107000488955
2093608 286.40312742044375
2094795 295.1937335161105
2095256 -22.39143629360693
2096545 287.5595315828303
2097582 138.68766946585598
2098821 291.4214690219334
2100142 284.83395721981645
2101349 294.719667959214
2102569 292.3420115857669
2103042 11.512219203058635
2104241 292.5631197603538
2105567 288.26922901371074
2106715 298.2530956185197
2107935 292.2930218920516
2109199 289.1557729530719
2110475 288.84971404024935
2111667 294.3907621201289
2112995 286.21107115934024
2113977 117.09928268315497
2115211 292.72902146541793
2116483 290.04826345364654
2117208 15.643619601550114
2118460 290.5301481462221
2119707 292.4696367592931
2120909 292.7122406444141
2122137 291.67151163926724
2123343 293.94037881931325
2124580 292.08446336108034
2124984 -24.65657499346632
2125106 -90.39607172766017
2125677 25.39761143417917
2126852 296.5575536559946
2128121 290.2419580063441
2129341 294.21499265265334
2130526 292.77064656674725
2131823 289.1384153448407
2133065 289.67966736089915
2134447 284.2450252150641
2135642 293.7540822565579
2136879 292.6564264925103
2138204 285.2431323454867
2138505 -54.57898672954385
2138748 -57.40176988123418
2139956 293.4938326146196
2141191 286.7673135809126
2142396 294.0805674618081
2143646 291.24623046362615
2144902 290.9090311164284
2146129 292.79544400490266
2147289 296.6767309654104
2148581 286.6790625401051
2149621 158.70423006334323
2150312 38.9429455783355
2151558 292.4668838497886
2152817 289.83025077132623
2154084 290.71391526871986
2155319 291.5122382527644
2156512 295.2784673766332
2157304 27.795240574702746
2158153 86.91378855095562
2159386 293.22829529704
2160644 290.8537264858135
2161879 293.2708920006847
2163044 296.774795568143
2164234 295.207744643956
2164920 -28.359357440908553
2166091 295.56258748587123
2167369 289.8977937227187
2168612 291.8897523745945
2169419 68.97072858913776
2170267 96.54149459791171
2170726 -18.05142585135873
2171927 294.69600999043143
2173113 296.2555619176127
2174327 293.6704191386906
2175584 290.5929106397931
2176812 294.40992913935213
2177099 -48.77980276003979
2178369 287.9155386234061
2179601 292.40492545308626
2180796 291.39764979604473
2182030 290.74456970931897
2183211 296.50472016311346
2184363 296.67688118868233
2185740 284.65006376090344
2186344 41.73331154829751
2187545 294.18500194901577
2188856 289.0614133004041
2190089 293.9388774497261
2191295 293.99943310964693
2192572 288.84033117367136
2193774 295.85794220123546
2194940 297.39959727430323
2196194 292.61736004469213
2196857 42.67633846011057
2198141 287.57073388468984
2199363 294.5027909823154
2200590 291.53391023022954
2201866 289.17531004077676
2203079 293.87054082925147
2204432 284.76152840877796
2205657 294.20872692853743
2205968 -33.099301697961096
2207251 290.36312089240045
2207817 32.99665104143048
2209102 289.3391346939506
2210396 289.0080599147006
2211665 291.8701560431866
2212930 290.02004307062526
2214228 289.4444511616043
2215449 293.421829957168
2216705 291.1300065113007
2217945 292.25829936333844
2219155 295.2091023292278
2220395 294.02606160182336
2221611 295.09204788371807
2222840 293.36450157842427
2224068 294.29198324134654
2225324 292.19251713652255
2226552 294.4786604612367
2227738 296.2918943746208
2228928 295.9284212191416
2230205 290.53162890385806
2231419 293.6425856848147
2232675 291.52580902533913
2232963 -46.5424243301787
2234124 298.28761426718387
2235343 293.63901475749174
2236558 293.70403988039385
2237788 291.90134107829635
2239020 291.44086000046093
2240278 291.42785144842645
2241198 98.49697920134923
2242417 294.87168938884787
2243657 292.5438586868675
2244883 291.0566346154584
2246105 292.4590764704683
2247342 292.7337094800979
2248604 291.9888265028041
2249899 283.99364734465547
2251321 280.862877631082
2252531 294.89335347801733
2253769 292.31639716454265
2255007 292.19275910375404
2256188 294.7700949584938
2257419 291.69381006173006
2258595 296.8482983487819
2258919 -65.31654888514647
2260187 291.2437706202189
2261447 287.9518147225512
2262773 286.67637162461597
2263954 295.31312830866506
2265193 293.4193359151077
2266357 296.7583001110041
2267611 292.09837220647654
2268847 291.9608679863727
2270079 292.80778108511566
2271385 285.15280109404296
2272616 293.0942200306394
2273091 -42.62384295935926
2274360 290.23524478643156
2275285 102.9115655268732
2276635 173.56377721201483
2277844 293.98532692509707
2279110 290.45161168075634
2280354 291.51754726758935
2281595 290.89132833962157
2282928 286.7066925144154
2284183 291.4694998974268
2285635 133.86321490432388
2286913 290.12793820291375
2288197 288.5474433538501
2289466 291.6927359159237
2290743 289.39995962142535
2292044 289.5034894871182
2293049 120.14393652965944
2294314 289.0393355369735
2295528 290.7701457573366
2295836 -53.05838951081783
2297089 291.2963317737846
2298381 286.08834924403214
2299632 290.6206410649267
2300892 291.60648149504226
2302129 141.05351725304502
2303397 289.38980898661583
2304606 293.87328808017867
2305831 291.72770711726656
2307041 293.7396039346171
2308359 287.1842593475971
2309629 290.4590401744797
2310884 289.70224142183235
2312148 290.5722295904755
2313365 293.2458272890751
2314586 293.843693181137
2315895 287.20216231631935
2316602 41.7075512907183
2318015 281.4791782225114
2319234 293.23311295418927
2319464 -67.68030416638558
2320501 113.01306646609791
2321793 288.87476974754145
2322529 66.02874978603995
2323338 82.99882770235186
2323890 -4.865731378351143
2325124 292.0242960218382
2326341 294.231908362795
2327599 290.4261493256913
2328892 290.92618906890505
2330140 290.4017928112386
2331405 290.06360386668655
2332625 292.6784672386489
2333804 296.42372313128965
2335054 291.33902514485794
2336291 292.64000481356777
2337507 173.85623870955214
2338714 293.44710681931934
2339985 289.47667251092304
2341212 294.39230514769775
2342419 294.25649849147226
2343621 294.53025340108746
2344815 294.90107722654506
2346103 288.46548700083565
2347363 289.11447492783594
2348631 291.12785213968084
2349234 28.953003828688196
2350396 295.62664836729016
2351610 294.389730039251
2352799 295.24871647975834
2353562 72.48355310282992
2354842 290.40019635970646
2356094 291.1277062592736
2357394 287.9098301870007
2358637 290.6107768851233
2359834 293.30723112692397
2360413 19.31417541777148
2361649 290.2919971191744
2362868 294.38569623815255
2364114 292.5530312161015
2365378 290.4970051852168
2365760 -17.968234971210094
2367030 288.8324797090609
2368322 287.92109389708236
2369553 293.37719645637884
2370759 294.93472975574576
2372048 289.48777494900827
2373239 295.29184133304693
2374413 296.4350769193643
2375661 291.4663988754607
2376973 287.7560133823242
2378175 293.5435216988627
2379376 293.08628787991864
2380600 292.8265043963743
2381854 289.6474734864258
2383058 293.0995210304836
2384237 295.06186448396414
2385436 293.13026210122274
2386681 292.12255397289476
2387906 294.3098849921982
2389155 291.09379709312975
2390433 288.9930843252529
2391674 289.86613677348396
2392887 292.50813212152684
2394050 295.1845396375915
2395343 287.7322992920668
2396688 286.733249483048
2397938 288.9639891783129
2399158 292.60970704876536
2400362 294.2349643106711
2401534 294.6132067536602
2402731 294.5044998008601
2403952 292.24831909473977
2405282 286.75822715953916
2405684 -26.546246360569924
2406870 294.5720878509396
2408089 292.8194015455978
2408917 87.57976292185899
2410100 296.1210545912997
2411309 291.5956303414377
2412571 288.4216201744303
2413767 294.1166132181562
2414997 292.118259106305
2416241 290.7823842396812
2417492 290.8464204587179
2418783 288.1741187335605
2420024 289.7604224351619
2421254 292.32584208325545
2422467 292.5962897896411
2423649 295.47666477280035
2424855 292.83434638514444
2425822 117.3268353718293
2426672 88.18782693290828
2427965 288.5717560878695
2429242 289.3398841818623
2430513 287.43061489632476
2431730 292.528455697177
2432941 294.23300891676826
2434154 293.21125309667286
2435438 287.37644301326486
2436616 294.68379871223505
2437835 291.4816430619922
2439009 295.9646148539031
2440250 291.990082302213
2441547 286.8389307650632
2442799 290.57463416708646
2444025 292.42060866019915
2445244 293.5419205683239
2446406 297.5043516687677
2447589 294.9490085406106
2448853 287.6957559053407
2449995 298.59093564529763
2451244 286.6153353985542
2452496 289.51420561361357
2453761 288.40353716659604
2454153 -25.750964863577536
2455386 292.68453643526544
2456677 287.52906286001263
2457918 290.365519979738
2459172 291.71361670649577
2460398 290.6844772639592
2461607 291.67758606113927
2462884 290.07979597387066
2464166 286.63908315569137
2465379 292.6399637944004
2466600 292.02703326685884
2467813 292.4857730502298
2468977 295.3201341878543
2470222 170.46187904209518
2471388 294.9771804454457
2472593 293.9895141477737
2473773 295.2393978634324
2475011 292.369626303834
2476252 289.35366586343054
2477570 286.84557570830236
2478795 290.5120001632686
2480009 293.0872839522989
2481240 292.2111737680451
2482461 292.62722706216135
2483679 294.34261245182745
2484887 293.89950063875904
2486172 289.8133461565188
2487386 292.8946119573244
2488625 291.5986729046295
2489917 286.7663516407415
2491127 293.37285595879035
2492357 291.2978585121142
2493554 294.9975005366796
2494781 291.0593703383093
2496051 290.2450674585601
2497290 291.2346769602061
2498463 295.8220914707254
2499664 294.6757431627078
2500990 285.7930042527751
2502227 290.44249027594014
2503421 292.5986251080621
2504378 114.89540576166866
2505606 293.0983900731052
2506333 72.45941142826103
2507518 295.44531355610735
2508743 291.6009606835749
2509957 292.85068850338524
2511176 291.7230261618665
2512500 285.6336712187389
2513746 291.1914171959576
2514952 294.20919940878315
2516175 292.0180953957251
2517360 294.22951772394487
2518620 288.7296723259433
2519802 295.65638973039796
2520965 294.25946285876387
2522176 292.44152408085944
2523372 295.08419733305425
2524714 282.5125276322445
2525887 296.80193430428886
2527123 291.45112961807513
2528369 290.0921329864285
2529570 293.2223564024959
2530135 20.78447726751969
2531407 288.69043403365527
2532579 294.84120081980967
2533784 293.3004539959585
2534949 295.3994143082626
2536242 286.82848174765974
2537493 290.89760717692326
2538752 289.97205283812576
2539923 295.73404689702613
2540411 14.682501022546333
2541589 295.3098249769163
2542814 290.5505635132892
2543965 296.2852294381418
2545003 146.7539525560457
2546208 293.4473894991376
2547350 297.9450589901977
2548258 115.6073186996822
2549457 293.0751985142861
2550617 297.68895324205624
2551789 295.2745237490187
2552895 300.26117268889584
2554110 292.7517249648725
2555308 294.581155368517
2556507 294.47243681794083
2557691 295.374901006234
2558901 292.792530327476
2560089 294.16269340467267
2561302 294.29892572111834
2562477 295.4226303401004
2563665 294.51028261788457
2564850 294.8168259183352
2566076 291.92749261853214
2567277 294.0547939520033
2568425 298.2262945809703
2569658 291.113906134197
2570845 296.323968366425
2572041 295.08264975350676
2573199 297.25853595990793
2574379 294.8224474686928
2575643 290.33225685751046
2576740 175.44492955875631
2577975 291.8314931981725
2579173 295.84138083716596
2580458 287.0875821802393
2581639 295.96287579637755
2582820 294.56890717874757
2583905 143.15033140786392
2585103 293.63969307136324
2586361 289.57414512333924
2587588 292.6902068471236
2588803 291.5776116056343
2590076 287.5237801574861
2591284 293.90273591073225
2592476 295.5441801379321
2593703 291.2806525963951
2594811 300.02317773254305
2595974 296.47119785353937
2597165 295.50700914340075
2598207 141.6127530230141
2598802 39.721789755261995
2600010 293.59612168715796
2601191 296.3184241490948
2602365 296.85054832512924
2603550 296.25482994093767
2604783 291.40093411167913
2606005 293.76370553729646
2607201 293.70927985131556
2608417 294.61624978396287
2609628 292.720144506618
2610877 291.09291212746706
2612103 294.2479237467174
2613332 290.04458134026504
2614351 102.41689826234531
2615550 293.3683318505909
2616761 294.49409564238124
2617968 291.36905421608856
2619099 298.647435574563
2619645 20.280408355343823
2620826 295.4572234320304
2622061 290.7273201616979
2623317 289.29462700849234
2624560 292.0946514454968
2625753 294.46997742487764
2626911 297.23558064100354
2628171 289.2868487351022
2629332 296.554635468474
2630524 295.7465473135659
2631677 297.17412369751776
2632221 10.825193630851658
2633419 294.52266460530683
2634644 291.5186085544831
2635932 288.37099539284685
2637199 288.96050084495437
2638414 292.47773135760343
2639638 293.1285170764453
2640841 294.04449993363556
2641969 142.21859316261018
2643176 295.3403412878317
2644347 296.37092046498964
2645518 296.18104610652904
2646752 292.80677311808387
2647948 294.3912667497278
2649188 291.3460700002498
2650334 297.73326315916074
2651487 298.7887070819071
2652702 292.5479389115737
2653924 292.7165503963297
2655125 292.979261063521
2656308 294.61075196955943
2657524 295.0517887676178
2658753 290.62920708305325
2659937 295.4847718345459
2661110 294.9414217036689
2662270 297.5187312744317
2663471 294.75227608241994
2664690 291.3011197899353
2665850 296.9753185636595
2666992 300.4287101175314
2668195 294.9547123652936
2669429 291.1216212997565
2670575 295.84168383466823
2670839 -54.210701268346995
2671143 -46.42173087595031
2672297 298.1558829110433
2673533 293.43669795491377
2674814 289.58418309082094
2676056 291.8985589851226
2677203 297.11817999620115
2678431 293.88245272673163
2679596 296.53323171905384
2680782 295.0807271814916
2681085 -44.37996077908514
2682260 296.12056427750537
2683476 294.59315775742584
2684702 292.6743889416756
2685928 291.8746460794408
2687158 293.8426115796253
2688368 293.60440888933186
2689470 138.77406194415096
2690656 294.9189213478876
2691818 297.0424315196144
2693022 292.82264608174904
2694249 292.6014826714253
2695494 291.58454884600036
2696702 294.8797639222749
2697863 298.1176968126931
2699054 294.7052945011356
2700218 295.24727980571635
2701442 292.61866317561703
2702593 298.75591679094657
2703833 289.9794968793119
2705102 291.448642369779
2706282 297.03033478269015
2707432 297.1892228712614
2708699 287.26498732601266
2709904 293.64498950138125
2711140 291.4165578424772
2712335 296.3458148791534
2712651 -47.55347702272792
2713842 294.582112389541
2715039 294.09400922219294
2716188 298.2235699266393
2716888 44.59429374549555
2718057 295.9235755461049
2719266 291.9556479291394
2720450 297.2824826058732
2721656 295.0080132641224
2721931 -49.35684721963976
2723168 288.6339137013138
2724429 289.8719099443756
2725628 296.40632351405634
2726844 292.83737214389197
2728037 296.3540823445249
2729286 291.1814619445232
2730522 291.0740093103965
2731760 291.67978383223607
2732925 296.66964898565396
2734112 295.1537462052125
2735315 294.1506503144164
2736538 292.7624062718498
2737664 300.0571800750061
2738875 294.2690630181164
2740122 291.84026949799164
2741338 293.63318066330726
2742527 294.27335920110744
2743773 292.67752689896145
2745003 292.46491427553104
2746182 296.9113627518076
2747352 296.66357164689236
2748556 292.9122375204721
2749745 294.63170130539305
2750935 295.22108348572
2752146 292.99881011096346
2753296 297.16499137148486
2754551 290.61543078753743
2755673 298.81444724870835
2756893 291.5967763631213
2758101 295.7722297962335
2759445 283.28566178791294
2760649 294.7457627544892
2761879 291.6086801865441
2763103 292.8205580128702
2764298 295.60653491553444
2765480 295.37539712443197
2766666 294.81352628917483
2767913 290.8587560985646
2769115 294.23256100669033
2770397 288.5663747514854
2771621 290.3166593732191
2772747 298.39871269386566
2773344 44.632515893427694
2773880 16.96400449899943
2775075 295.85983851340774
2776234 297.660902378505
2777384 296.9622049451445
2778616 291.79622661412253
2779813 294.0671259201656
2780971 297.91985703202175
2782123 297.16859006823114
2783329 292.7952396883726
2784570 293.1954363232741
2785784 293.23240262684135
2786955 297.26925367502116
2788100 298.9016108565898
2789273 296.4634038977158
2790428 297.96983456344094
2791575 297.74895436533683
2792782 293.69476262294097
2794053 289.4620028304121
2795281 294.16200479732356
2796334 145.7911222246657
2797593 289.8630248635482
2798825 291.9779409681734
2800047 292.7504067204937
2801356 286.50360284119864
2802506 297.62703938048753
2803683 294.47970600182634
2804851 296.26561857957887
2806031 293.51394105743265
2806817 87.17744198107616
2808044 292.41144513613506
2809271 293.1788005226727
2810421 298.6517953483043
2811575 298.4038591109313
2812791 294.75154456733424
2813994 294.3732081510365
2815111 300.04486062721054
2816257 297.06454413372546
2817485 293.4999297490332
2818648 295.79834775551086
2819809 297.0098375350451
2821030 292.95052333380426
2822243 292.7036880766451
2823396 297.4345782990466
2824566 296.03476544109185
2825064 6.891290201635499
2826332 289.2041446421026
2827504 296.2246869384867
2828674 296.29437080352903
2829871 295.427846767292
2831085 293.65746538415914
2832256 296.12517448882403
2833053 76.69059230064272
2834209 296.9112222036503
2835407 294.33920153813625
2836609 294.1404800784412
2837768 146.04911877021627
2838999 291.80061980320306
2840196 294.6757470489033
2841521 285.2615495252553
2842732 291.7430712072841
2843874 298.2288755612364
2844939 146.04528742998866
2846179 290.4163939530817
2847477 285.23151684396714
2848703 292.0171125694572
2849870 294.82738738950286
2851081 293.54621124019127
2852287 294.47138276230106
2853195 86.94675469808536
2854342 297.36244698401856
2855620 289.9564754132064
2856807 295.4229384972212
2858010 295.1434759474777
2859170 297.4663307427232
2860337 295.14958606198775
2861488 297.5907774932617
2862673 295.213459053832
2863867 291.7778753790515
2865082 294.14448287951853
2866247 295.50359026855034
2867420 295.62736124231634
2868608 294.91440727954796
2869777 296.82694125862133
2870922 297.02989246918804
2872098 295.37448373564274
2873342 290.9955826455598
2874507 295.62174431099197
2874673 -114.22396325347387
2875669 125.0829601123666
2876893 293.42375950201875
2878100 291.5014050613176
2879318 290.3585781196253
2880484 297.3740450470867
2881666 295.5491775208827
2882841 294.46717694002706
2884060 292.4293570362391
2885223 296.17515618662145
2886407 294.8632165421766
2887186 71.45715394188585
2888459 290.0902204323965
2889675 293.0253705828027
2890862 294.6915537549924
2891991 297.7366328297226
2892312 -36.060677787308336
2893500 294.5817937549204
2894844 289.583123342792
2894956 -91.7086711531356
2896127 294.9131129703412
2897284 296.93939760711726
2898517 290.69782923299755
2899559 148.61999500624393
2900771 293.07472121615865
2901963 294.75218426618187
2903089 299.6264309254289
2904225 296.88326713776934
2905440 293.2994063424054
2906586 297.32576710976207
2907751 294.0557405290433
2908925 295.1121377207101
2910103 295.55031317898323
2911244 298.39901263802204
2912460 294.566115384266
2913623 295.42334031121953
2914794 296.53724923642466
2915973 295.71968029260466
2917181 292.79680169966974
2918389 294.3430749790906
2919613 293.1463130941589
2920823 293.19132107574353
2922029 293.9606837130005
2923189 297.6501110394151
2924423 292.7600837787879
2925608 291.8020362113267
2926851 289.7800630282845
2928007 296.80221603781985
2929195 294.55906115027034
2930383 293.3216516753481
2931617 292.7261080237897
2932834 290.44323946662433
2934013 294.5679306865645
2935220 294.4625334276222
2935798 31.759334766918727
2936936 298.0530245768695
2938176 291.6752149617407
2939361 296.3646210530693
2940568 293.6695411044542
2941853 287.82232436044745
2943069 292.6920387625014
2944239 295.5829133945813
2945434 293.0900311018374
2946607 296.21507155872087
2947833 292.7565435456282
2949021 294.2600947367972
2950145 298.62784474424166
2951371 294.2745292221894
2952546 295.37701343690634
2953702 297.14912794237773
2954943 291.93318644044405
2956174 291.3247418793066
2957348 295.03984320190847
2958541 293.8253081420258
2959708 295.68737258550374
2960876 296.89253790651657
2962031 297.9804904881586
2963204 296.1373864051214
2964428 291.5858167986614
2965652 292.8150050059364
2966804 296.28082832225937
2968008 294.46401828255574
2969174 295.28260239847066
2970369 295.5331405202175
2971554 295.0901748492413
2972747 293.06355779434796
2973932 293.45788225814323
2975192 289.5390465388831
2976397 293.5538513838867
2977569 295.8106462376572
2978763 292.3079347456225
2980007 290.6919762364188
2981175 295.16202988360624
2982250 126.34701750075556
2983398 297.03154350344624
2984589 293.9955981423885
2985756 295.16337004519573
2986995 290.78298806575606
2988159 296.70094203686347
2988506 -30.759041279646283
2989656 297.18409383035635
2990883 291.8043056667836
2992066 295.5484125375895
2993306 292.4889487202644
2994547 289.08135145168274
2995768 292.25540917034806
2996966 294.6329862252168
2998211 290.6688902438493
2999404 293.63675030651063
3000658 289.0617184086817
3001906 291.03419702259924
