# reward.txt contains number of transitions:cumulative reward
1600 -114.5649696394008
3200 -113.74967333715173
3268 -109.23999724960152
3331 -111.12915401666953
3389 -108.71904324536088
3463 -98.90846974587285
3532 -116.66808182390531
3603 -114.45902142858692
3648 -109.83982371278542
3698 -111.2750100932351
5298 -107.66621828342348
5399 -99.03024367645011
5698 -130.88867330905543
7298 -98.87929375490103
8898 -102.56585389826083
8956 -100.2381954438972
9060 -130.93087211686964
9138 -105.83348751589284
10738 -101.30735848920942
12338 -113.93580708887406
12376 -108.98442011733167
13976 -103.05282450354827
14041 -112.51760449995939
14090 -109.75789296451522
15690 -88.194482360304
17290 -95.86421436011038
18890 -98.13898190822933
18944 -101.6600238637412
19939 -175.87339514698647
20059 -114.01061640060259
21659 -103.81406686203063
21716 -104.8236397220511
23316 -90.31454051407542
23429 -124.23785330465064
23480 -113.37707414975142
25080 -93.99776155653377
25118 -108.40234059486849
25206 -100.40777322135835
25271 -112.43099821732876
25386 -103.00868526298119
26986 -97.3794894415094
28586 -93.59085968512616
30186 -103.25169238560434
31786 -87.57950441897216
33386 -93.84322071324124
34986 -79.9322604857105
36586 -81.86932094894706
38186 -66.26857786047825
39786 -73.93658906143708
39838 -110.86848393122355
41438 -57.034995651187444
43038 -68.60792935352445
43123 -109.40685210621109
43187 -115.02407295490367
44787 -65.73844049147053
44859 -106.97488556713549
46459 -70.0963052511426
48059 -66.62144633520948
49659 -63.6693662695295
49744 -101.73244799677282
51344 -71.05919064440009
51406 -106.81983765157312
51506 -110.21685920713718
53106 -59.399657931443336
53154 -108.98200611494171
54754 -52.32664846520533
56354 -57.45498082227451
56424 -101.43558248781164
58024 -59.63526047570507
59624 -64.91471454265803
61224 -62.54226598592663
62824 -57.230660153292185
64424 -66.11736578136491
66024 -63.45653569517708
67624 -51.73378009742153
67687 -116.53370217224087
67740 -111.15144970911741
67812 -109.45871331997341
69412 -57.89751425842636
69524 -120.07229617527128
69578 -111.9644742763055
69633 -108.96761406511877
71233 -59.75913252427545
72833 -64.05379448389816
74433 -52.80759514129877
74510 -114.01944005728575
76110 -59.46904430291867
77710 -63.96879786230005
79310 -67.14169810041483
79413 -109.99389915031878
81013 -58.35918003999247
82613 -56.05012547667445
82682 -119.4296917699799
84282 -67.3729338745692
85882 -47.5987055041347
85956 -113.92056619824842
87556 -53.34537076305729
87631 -116.28121002047632
89231 -46.53253939686093
90831 -46.8720007678414
92431 -35.17172445204551
92512 -110.14807836320189
94112 -40.358691039379735
95712 -45.08730874341909
97312 -39.98409756284574
98912 -33.34176537560233
100512 -37.64676086813839
102112 -28.179063624048567
103712 -14.656745826092862
105312 -30.891000881947576
106912 -6.760238221010044
106996 -109.29737361844505
108596 -4.618256349096068
110196 -29.921645229082596
111796 -35.62561560842639
111858 -108.82917552467124
111938 -109.22878922078945
112021 -103.47250537726221
113621 10.54882470465325
115221 -17.662873505408577
116291 -116.98241165847767
116366 -107.85862203303972
117966 -16.182574921691813
118039 -104.32562051762517
118095 -104.3240018592005
118167 -109.75349216309873
119767 -2.6536576085252115
121367 7.936361155082154
122967 -0.10534267829049011
123021 -109.10212691051638
123064 -110.4223946644043
124664 2.9124769576377934
126264 -7.1957233590794125
127864 -6.251034049226751
129464 -14.575260665033
131064 -4.082121379978329
132664 -13.768709036636494
134264 -3.4579584206585023
134384 -105.43076845259033
135984 10.78364958091641
136075 -105.32766064909659
137675 2.9960632288434055
139275 -5.274580569684519
140875 11.643023597562049
140948 -105.34828016034017
142548 15.288476182515758
144148 11.566349406535455
145748 11.397312730388718
147348 6.411272256221647
148948 6.63249940559083
150548 26.6906339732421
150632 -107.14562264120144
152232 28.86123499940087
153832 28.975641908830017
155432 32.94888854272543
157032 26.976555829838873
157156 -99.02626667759506
157448 -100.24535505936667
159048 50.024407058709635
160648 26.94341646990547
162248 52.38272029662872
162322 -103.96853257322249
163922 33.516687152529734
165522 49.48570211439216
167122 56.91548890827616
168722 63.945961025382694
170322 25.60510198982556
171922 57.501497325841385
173522 51.704624343381575
173576 -104.999103706471
175176 57.592703518457725
176776 71.99504315558559
177812 -37.66983283330373
179412 84.0950802676626
181012 86.62934624671992
182612 86.88011063170443
182728 -103.55322738569355
184328 82.87594940433215
185203 -107.33178402016804
186803 68.99254843855228
188403 87.61906204649867
190003 90.57046305242554
191603 72.8691972501142
191771 -104.42718865093526
193371 103.92475577786989
193477 -108.22303128607199
195077 98.63520777470747
196677 95.76550836034812
198277 81.82920192769046
199877 87.68653716338132
199923 -105.48831977457988
201523 87.09184782855223
203123 76.15088389352424
203785 -73.12408966615112
205385 91.06443458015329
206985 68.43993580535421
207043 -107.78979297703194
208643 65.4724901620336
210243 112.55514499343856
211843 97.4948495964674
211966 -102.25248318607547
213566 91.17549938992543
214228 -67.80579469708668
215828 110.68234593583264
217428 110.14300136426233
219028 97.48796103440233
220628 115.40504540094237
222228 128.58198556650555
223828 127.63133049657446
225402 25.66275156020906
227002 114.80464885294057
228100 -26.733275287091175
228213 -105.06201487842823
229474 9.712283651122704
231074 123.633680994654
232674 128.41538899824533
234274 115.60529342689097
235874 126.49521361440524
236289 -94.29063001774001
236670 -82.48806335138437
238018 10.04830177845571
238206 -96.36914865525625
239806 132.22560719348195
241406 133.8170247441275
242607 -43.786636398864104
242857 -119.30292848789009
244457 103.6794230854543
244549 -112.73349461596335
246075 40.899658168774664
247675 117.803001291114
248304 -61.29561606166079
249904 122.27495746445743
251504 112.54250812743489
253104 133.7150022872611
254704 95.15539463585542
256304 134.66797111772607
256992 -60.4724384051517
258592 143.72717015458207
260192 113.54098194692695
261249 -53.99722959371707
261659 -74.73053413662375
262113 -125.08372719153141
262789 -59.92235580531577
264389 134.70204683653628
265835 -17.363932002158876
267193 7.493630060500621
268793 150.67949862583552
270393 147.98337839757718
271993 117.70860151235985
273593 148.93370541883667
273643 -105.28205167824464
275243 115.00358911895187
276843 148.1081256754259
278443 133.8261879740098
280043 155.23011372562732
281643 159.7256843883327
283243 133.60374369995185
284843 141.0808545794544
286443 126.92379972584351
287040 -58.80302535635544
288640 115.91863029191832
290240 143.9439770584703
291840 140.19347505951166
293440 142.22513875519414
293631 -93.36622299396558
295231 152.93965952340344
296831 132.56339773592916
298431 155.03826069652698
299196 -39.73105747708057
300515 37.23958283974633
302115 124.34009441148278
303715 114.14831567756028
304229 -56.12018166034169
305829 128.92959688945203
307429 137.05670827145275
309029 142.1095215108425
310629 155.6795334536328
312229 153.70954885664665
313829 158.1397000797162
315429 144.02852875455156
317029 154.6978086820146
318081 -44.490003713442725
318667 -36.97363931044258
320267 157.38634141017295
321867 170.70517941830255
322865 -1.2594066209049544
324465 147.38706294801955
326065 138.95085611748434
327665 154.1824142019024
329265 156.33935384442324
330865 146.26912851723574
332465 170.53374531320384
333434 -5.910023994213816
335034 172.75996642129618
336634 172.26543382368732
336916 -78.44549093183875
338516 134.74349665697355
338930 -57.977892013588246
340530 144.6395839386696
341111 -39.94245460927735
342711 182.01777295719617
344311 174.83215699143722
345911 167.07723268487646
347511 165.41990251523507
349111 176.76115570650876
350711 174.65340932294768
352311 159.5367870656369
353911 169.8739311876612
355511 131.26037709855603
356835 -34.91122838455563
358435 140.4164397064941
360035 161.89984508622638
361635 171.19884735814236
363235 178.36261503076153
364835 160.61061009172235
366435 186.34643599139727
368035 162.76613803555867
369635 174.05771409054296
371235 169.37594044917682
372835 168.54304041013438
374435 176.10495244412877
374913 -69.99980107993879
375037 -106.07884804716333
376637 180.44858844434538
378237 165.19141097909036
379837 191.10781553610443
381064 23.64812682674146
382664 176.00788852730633
382836 -126.23698437669191
383441 -39.646813982572404
385041 181.15593058031817
386641 187.82817648135244
388241 157.33421661426547
389841 186.5590805336436
391426 69.61373256816222
391928 -50.122031116735144
392345 -65.14938696164262
393724 22.9849053999572
395324 190.50271490764072
395822 -48.80930493924513
397422 183.43347863637428
399022 194.08777780909634
400622 174.6458989501894
401047 -65.79306934196129
402647 137.38120888509363
404247 178.14852581649782
405847 178.48070770132955
407447 200.14796084141747
407649 -93.47530434785101
409249 175.5193817596733
410849 164.59951184105088
412449 175.190878349999
413722 30.091138905768673
415322 135.25887774692228
416266 -43.85600676643227
417866 182.11048880468744
419466 185.97400345463873
420240 -17.553921503942533
421840 190.12913952233197
423440 187.16136339225528
424747 48.84278482191655
426347 185.96964833129002
427947 183.40666357964824
429547 201.94622088036883
431147 183.96906441104886
432334 12.823162933728383
433934 200.02640229579842
435534 189.6625289382317
437134 201.69985049694407
438313 41.04671070366828
438749 -64.98427827845079
440349 196.98716491971524
440594 -85.57956029228494
442194 186.48909366244553
443794 199.6411773967511
445394 196.99245926144764
446994 173.4011756304397
448594 187.2260909179298
449829 39.21461687759984
451429 202.4241917361117
453029 186.132008654826
453389 -69.77232365874698
454989 196.2141312894214
456589 168.5279522852424
458189 211.31605957118404
459789 173.95343970633832
461389 186.72867364075987
462989 197.64612718425315
464488 44.96224376931181
466088 207.1861753328239
467688 191.47954995836372
469288 193.82314024552494
470888 189.1681316434256
472301 58.77627659497841
473599 30.34058129552065
475199 195.44395970481557
476799 184.9451887018228
478220 63.76609481963766
479820 179.56330698427251
481420 179.8093830546861
483020 191.80482967827737
484502 60.96427279995015
486102 182.17143020473534
487702 195.67773822931534
489302 196.96435442385553
489907 -32.620362859722604
491507 218.5019029169991
493107 206.01028769945623
493231 -119.73181392970247
494831 205.58558603798403
496431 192.814817075395
497050 -46.58408475974236
498027 -4.871931794620508
498713 -22.086137451551835
500313 196.0949327612881
501913 169.16367445558976
503513 193.10105568298889
505113 178.07632936938316
506713 181.40623183458112
508313 190.53671088131583
509913 194.3199030570566
511513 189.12180167147173
513113 203.70038318067134
514713 197.14093331103214
515045 -105.57472841420957
516645 198.0303424871958
518245 209.22245722263517
519845 189.2245390049997
521445 208.5737364224591
523045 188.90822555653085
524645 204.3264627608801
526245 202.72116374619236
527845 205.57747261762404
529445 198.47592150318815
531045 204.67693903356596
531517 -60.017182842598025
533117 197.24203457803267
534717 201.51378636654218
536317 203.88833960833182
537917 176.98913015315642
539517 216.58779861153866
541117 208.49105527207215
541239 -99.53851417022261
542839 199.83087301690503
544439 212.29399455316923
546039 213.11339440360746
547639 226.84765536043332
549239 220.02878005188464
550839 225.6191949798081
552439 231.23204586144004
554039 221.5607325795632
554964 2.3002568516681947
556440 87.46402365687257
558040 223.2023043261104
558337 -78.23702769986723
558472 -123.45268424067956
560072 209.14514310561609
561672 211.98071596565455
563272 229.07547950302796
564872 213.6303925927119
565749 -8.718417889822987
567349 226.33677244392914
568211 -36.490291618819604
568360 -116.15783765924783
569960 205.61484429822522
571560 223.29889436213003
573160 223.70010339680303
573661 -49.543252793886374
575261 223.62792249615242
576861 208.99840212198174
578461 217.59413143723913
579894 67.53061984938913
581494 215.0831306047424
582117 -26.017479029380965
583717 220.27156017709055
585317 231.7965884297263
586917 178.00351001145089
587498 -62.57477555148988
589098 234.7407018390413
590698 222.62867660773568
592298 225.46001790789003
593898 225.92662920595222
595498 222.3479486931969
595872 -54.50615629461097
597472 205.0877200245069
597979 -58.319608131020665
599579 195.5523913417753
601179 223.52641630858358
602779 203.99731908406392
604379 196.3526873793878
605979 232.72859043373896
607579 232.56820144648628
609179 228.1286752863003
610779 189.93560488550895
612379 224.30880355061524
613979 183.01333253311114
615579 231.50461498149522
617179 229.09748107559435
618779 227.03019831213928
618879 -103.69132796025339
620479 225.7420363802318
622079 198.45487477420474
623679 203.42434319217537
625279 205.55871361851658
626879 205.87965436508654
628451 88.31109246865446
630051 218.26052679546873
631651 215.82698300477455
633251 218.12349716453983
634851 213.5316192734231
636451 218.8832512489854
638051 217.0148368816261
639651 193.45790518478597
641251 211.75135220291315
642851 224.99056597629482
644451 202.4420028728886
646051 218.62362367051261
647651 219.64975504335766
649251 222.82094938896148
650851 232.67308275161656
651873 30.78725108391734
652718 4.927926661420088
654318 214.5811107430709
655918 230.60180499030884
657518 180.2416548231509
657724 -96.25917539831624
659324 199.00820901943294
660924 222.20760067422742
661146 -136.53165695590528
662746 226.52607615995697
664346 217.07732652463025
664552 -90.22369170096579
666152 227.48194296850608
667752 219.60828495612762
669352 232.2645108958804
670952 215.43747398791078
672434 96.70318449137079
674034 210.76648707035818
675634 209.54126217947626
677234 213.76496777479167
678834 231.55880973047886
679853 20.765599647825496
681453 222.4508266305437
683053 221.19014156940594
683128 -113.86523169115992
684728 224.03989838038237
686328 217.07534780192864
686938 -31.82444212287602
688538 218.5286112790794
690138 211.38814592304544
691620 55.27909148174527
693220 215.00969323408273
694820 219.24305040603926
696420 213.31432776589128
698020 224.7023099203697
699620 229.01662625089963
701220 223.24244558842074
702820 219.04972274514793
704420 210.95669255128442
706020 215.99740022105883
707405 81.93589722717593
709005 218.23289838590395
710605 209.9374660458999
712205 222.8528314481674
713805 179.8189178585351
715405 224.27975524619666
717005 218.24213947687795
718605 202.31520640180497
720205 214.45075628810247
721805 205.56678020283124
722342 -40.465141026840236
723942 215.09588451210533
725542 228.2110781442691
727142 231.1890987777734
728742 207.52118969128736
730342 231.54941370663332
731942 235.17359810261428
733542 207.17261152625022
735142 233.26929755609447
736742 211.15004373977058
738342 192.16642126079077
739942 222.26135056498657
741542 225.84945472431295
743142 228.0457089766982
744742 210.48876370977092
746342 222.28202639705498
747942 229.55448176614144
749542 213.90457301708068
751142 219.17719443786442
752742 214.4355020850318
754342 227.06768668734426
755942 227.01380204508402
757542 218.63110402289527
759142 229.89826400384763
760742 226.9554125997097
762267 93.37298741509704
763867 233.16680012500413
764243 -74.65246625736728
765843 221.6244080664963
767443 228.08002599181088
769043 229.2316733489513
770501 69.4188950660735
772101 215.25068907651485
773701 216.4143432477588
775301 218.98728065093027
776539 59.83515312675755
778139 219.91655123077516
779739 233.5331643235253
781339 187.9827331078938
782939 229.21703686911752
784539 221.84599110368762
786139 213.69997125784622
787739 222.88533687229122
789339 227.6923544743585
790939 212.31791895969727
792539 229.32313428895284
793944 78.54381709906497
795544 235.97801047792123
797144 221.7701581460494
798013 5.5771059958246525
799613 206.12274177333413
801213 234.92530216859058
802813 219.653193186547
804413 232.2871652271872
806013 219.480041363458
807613 237.37224820246803
809213 228.81987166359517
810813 222.41915682020695
812413 245.85071364237828
814013 229.51380040229495
815613 235.33829678902703
817213 232.3644402793053
818813 235.77611091552043
819735 14.886975666167942
821335 233.3691733152543
822935 225.79438094143896
824535 200.80297663255135
826135 242.97729482025503
827735 189.58228253597326
829335 233.35317956344468
830935 244.57141866850355
832535 230.70146273644124
834135 222.23354942819074
835735 227.58696076549174
837335 230.5084476144783
838935 213.91834047276095
840535 243.10210249155062
842135 245.83393144312726
842891 -16.1350412896022
843611 -61.81127009366022
845167 94.5182037886718
846346 60.5540037537522
847946 235.556687208663
849546 231.90803151028888
851146 230.07320029799737
852746 245.83244326351306
854346 235.83643111713516
855559 58.75839055853143
855719 -137.1260275619775
857224 102.78724354542553
858824 215.26415946497832
859421 -72.1943246857779
860314 16.499654379415404
861914 245.50978865351655
863514 230.2700044820332
864392 24.956476528410647
865992 235.49425195962326
867477 130.25978759699208
869077 202.3570703571289
870677 240.27904567942863
872277 240.80809904285442
873877 229.52254454970802
875477 224.26851292609328
877077 253.6602813097463
878677 246.47230143299493
880277 248.5855638803229
881877 230.0826349164742
883477 227.63769598131282
885077 245.35956753099194
886677 246.9088827111258
888277 249.09545119503983
889877 228.78503212028573
891477 212.36660523697878
893077 247.0503926383828
894677 240.3139906100241
896277 241.3660936256199
897877 243.98057845725245
898895 34.47007668097535
900495 182.41701130077044
902095 240.04410585689385
903695 225.61888363413607
905295 209.33327554859892
906895 243.77858704134795
908495 234.2226046997912
910095 231.57747442994534
911695 243.2682344437867
913295 233.39373815395547
914895 245.55546952398393
916495 213.16491420783112
918095 228.5589342475473
919695 233.30585624447454
921295 207.42957859782845
922895 231.65031781885477
924495 223.74236451393506
926095 229.58314228368906
927695 233.87809212943168
929295 220.27477056803022
930895 238.5165012834661
932495 215.9311332468592
934095 249.172588336145
935695 223.96334204487056
937295 219.55369573036947
938895 222.03225705735662
939333 -63.64998673205104
940933 257.76946203398893
941598 -50.30796747009327
943198 256.2749628558675
944798 221.77258536567015
946398 238.6887452615835
947998 249.77461324503793
949598 222.7701061058578
951198 211.34536019483645
952798 223.88227439083255
954398 238.5608798595898
955998 236.37145659341348
957598 225.3329255296516
959198 218.30098871229032
959653 -67.50788753317794
961253 233.68029822272212
962751 104.86740492469343
964351 233.31539988464695
965951 224.52477837716816
967551 201.99437429015188
969151 242.10044538289776
970751 240.61617388094507
972351 233.9360850427008
973951 221.80596376666716
975551 236.27785841250252
975997 -69.13641385295989
977597 241.3088592786143
978598 38.35026865429796
980198 234.95951769616184
981798 249.41513322536807
983398 239.96173515922962
984998 222.2978329511499
986598 158.66802050621067
988198 248.60001843183346
989798 228.50963500174942
991398 225.57996028344473
992998 237.2524246391627
994598 226.55840085721388
996198 228.6638759723773
997798 230.26910351407278
999398 211.00481861683093
1000998 235.3230439509817
1002598 243.8859909256303
1004198 227.8439157436611
1005798 238.6081437905601
1006487 -22.31817487144143
1008087 226.72448556958108
1009687 218.91112067283277
1011287 207.8541719521982
1012887 228.58397010583377
1014487 244.8908177556157
1016087 239.81774433061327
1017687 230.68668012404697
1019287 231.20350661363022
1020887 206.20544726272598
1022487 237.90466532521853
1024087 233.9644547600658
1025687 240.21400677760226
1027287 221.6523658932697
1028887 258.0964918696237
1030487 242.43685836086297
1030919 -67.5224365688594
1032519 222.19097554074128
1034119 215.84250498319986
1035719 248.55495591713606
1037319 240.4468076633896
1038880 263.5385320287529
1039531 -2.121573582335074
1041131 245.39604336193756
1042731 241.64881539765173
1044331 231.65444689165102
1045931 249.05461272587792
1047522 62.96370634081609
1049122 200.46506753375996
1050722 230.97069879129836
1052322 249.4059660568629
1053922 252.5665067497991
1055522 233.374408041375
1057122 242.99623430770484
1057381 -83.10097960357058
1058981 250.59059555486354
1060581 237.0061005770795
1061736 56.687921121155
1063336 229.82211701196292
1064936 209.84079156345808
1066536 225.27662921750988
1068136 231.0756812098814
1068614 -33.698480011186845
1070214 231.06762950976238
1071814 234.8918718217194
1073414 232.38371197882674
1075014 255.6032587381712
1076614 246.13574605721013
1078214 250.97168734430244
1078476 -94.08999745012945
1080076 244.8030958782886
1081676 230.778840469029
1083276 241.97443926693325
1084876 222.33021673613416
1086476 234.84796745357642
1088076 258.0084232683545
1089676 224.65357210310046
1091276 221.1253964850462
1092876 207.89672102004627
1094476 225.16807592442763
1096076 219.87571701141204
1097676 207.30266902403864
1099276 235.24002333523674
1100876 246.86332141069497
1102476 254.53565649725195
1104076 234.33807705803764
1105676 234.17770147979107
1107276 238.60013711128383
1108876 229.25962014885076
1110476 235.78950117856786
1110878 -71.89592089061628
1112478 234.91874570344382
1114078 255.34972347386565
1115678 219.31272805286346
1117278 243.94667886974048
1118878 253.24187617229342
1120478 237.4632083743146
1122078 240.03452929583193
1123678 196.15891575032853
1125278 232.856753895045
1126865 260.2724154270873
1128465 226.12270004855984
1130065 202.25511450816632
1131665 239.06982213485674
1133265 237.14053338168426
1134865 240.44596338329478
1136465 224.43018532407172
1138065 239.16641944624146
1139665 230.11643209104162
1140563 24.16852487464807
1142163 238.3154724671817
1143763 234.41406547191693
1145363 198.88395566040157
1146963 236.37802001454654
1148563 228.33130501550977
1150163 238.0793734846649
1151763 233.56492014394775
1152853 38.4378759445367
1154453 224.55815864126063
1156053 242.54819244361147
1157652 260.7875641141921
1159252 210.6775018051369
1160852 212.30659860751894
1162452 245.93861970976494
1164052 250.00603411288236
1165652 258.33573825033494
1167252 224.1887835112625
1168821 262.5125046640065
1170421 253.99440255876576
1172021 219.38707230778974
1173621 241.93583785891022
1174722 59.21612566629037
1176322 217.7782348139439
1176491 -94.56931716334013
1177757 64.0503148852828
1179165 111.2838465111073
1180145 19.860253425861615
1181098 -14.271748415067279
1182698 218.02260888439727
1183768 66.66229605219448
1185368 225.3312408584237
1186968 249.82296954960248
1188568 259.8725648488406
1190168 241.76185705082324
1191768 240.80762041165352
1193368 223.86199373759243
1194332 -0.2548337385229331
1195826 124.06718616308393
1197426 252.45068092210605
1199026 233.4308913650776
1200626 250.05254080490087
1201757 43.59544479964015
1203332 262.8894245869922
1204932 233.15360564647995
1206306 113.70807263743558
1207906 256.3194909024596
1209506 245.85400823629286
1211106 238.2476751801651
1212701 260.4654754455436
1214301 242.98354917958753
1215901 260.42560816483933
1217501 259.6803076443312
1219101 235.03664330999663
1220701 225.70853754698794
1222295 259.724975847507
1223895 253.72923020113055
1225289 69.11963364915121
1226889 250.3764247105212
1228470 261.29309429684486
1230070 229.10692870690553
1231670 257.5530137977475
1233270 249.35879400575794
1233432 -109.13533352216022
1235032 236.19839440796144
1236632 251.93995307525643
1238179 266.10270578381613
1239647 80.09306204841153
1241247 248.82687384279356
1242847 258.98384541307274
1244447 254.36098477448658
1246047 249.4235285410136
1247647 235.89640993381394
1249247 233.60779390339883
1250847 235.17407511597895
1252447 255.04632632558335
1254047 234.8821946775648
1254184 -93.59001270946332
1254309 -111.72494080233697
1255582 91.60605685223837
1257182 245.1138851339724
1258782 246.14414056809605
1260382 241.9790424132369
1261982 244.27512096064717
1263582 232.94332154881874
1265182 238.16414073700503
1266782 224.68040661920517
1268382 236.09974634736142
1269982 245.31408133046025
1271582 250.6681105625593
1273182 253.39208869491904
1274782 248.3088010801458
1276382 224.1380270147394
1277982 228.04904561954487
1279582 227.4082402788382
1281182 239.85619314814943
1282782 249.6983663439148
1284382 236.94988320434763
1285982 235.57061829054376
1286263 -89.89352785747747
1287161 2.9385900130438642
1288761 235.84144693739967
1290361 252.91787633276223
1291961 245.1956362826684
1293536 260.3579652801953
1295136 242.04379941305584
1296695 259.8831936882552
1298295 224.81623792241834
1299895 197.5268913680046
1301495 214.74324347651412
1303095 246.4962098976867
1304695 228.17776262260463
1305525 -1.2881172345999516
1307125 230.90042304741925
1308725 250.69004007047855
1309252 -61.134771970803506
1310852 249.11483565200368
1312452 234.52919768984768
1314052 248.15734874088866
1315652 246.655008858034
1317252 236.9267752006197
1318852 248.7585307081777
1318935 -117.34860037061571
1320535 247.56393489689424
1322135 246.40393071055482
1323735 244.08611611034965
1325335 230.4684581069705
1326935 235.88557366757036
1328535 258.4226719738419
1330135 241.33689673149368
1331735 235.7124825896245
1333335 239.73540534691944
1334935 239.82633749282928
1336535 237.94329931239253
1338135 246.78600409414452
1339735 243.29724313186884
1340469 -16.333222737713356
1342069 255.97988533022294
1343669 242.5745778842064
1345269 231.32112307334037
1346869 251.00867763315446
1348469 226.23549449580824
1350069 260.6737661381921
1351669 205.58252583830844
1353269 238.78933093473583
1354869 231.50884766029773
1356469 261.4505182104825
1358054 263.4338289301821
1359603 265.403180003216
1361203 234.97793729455944
1362803 236.41212706261982
1364403 243.38669221583152
1366003 246.20854547434044
1367603 264.2267555923015
1369203 243.16472368666925
1370803 240.5871410537321
1372403 241.12585113122807
1374003 258.7059134371513
1375554 265.26958161661474
1377151 264.31555779983
1378710 105.47381564620596
1380310 226.5260565298516
1381910 249.76282195309
1383510 252.68092829602358
1385110 231.02860190423664
1386710 252.25752986005494
1388310 223.64174184171418
1389910 236.97241331193118
1391510 240.08504058728101
1393110 220.3877550727199
1394710 256.5948603958191
1395714 35.701829028091
1397314 249.9300161194447
1398914 252.73535970915
1400477 265.94463405614545
1402077 257.2902651232091
1403660 265.53650453729387
1405260 246.45468008548002
1406860 202.0833238334286
1408460 260.0550913825958
1410049 266.2125548194274
1411649 246.56249797653672
1413249 254.08019505591994
1414849 243.6968254789892
1415927 47.71860220521552
1417527 256.8019863629425
1419127 243.62757237382172
1420727 261.3276522861775
1422327 257.4775406899492
1423868 267.12242230696694
1425468 255.50162301572442
1425696 -71.39359516078606
1427288 265.4390961437326
1428888 264.380680824604
1430488 257.72429051922427
1432088 241.0288617094836
1433688 216.08338810649494
1435216 269.7346003197599
1436816 261.0954274451172
1438416 242.27895482907815
1438792 -78.1596520497377
1440392 264.27421426020396
1440563 -99.39072286610802
1442163 259.3140234870601
1443763 263.812858572001
1445363 259.2400615113633
1446065 1.8787613137477877
1447665 242.85952463280174
1449265 244.78256227761895
1449328 -109.99698393086344
1450928 237.61863420928208
1451294 -55.75379404310324
1452894 262.2356184693695
1452989 -103.24997977323768
1454589 264.89380845784495
1456189 251.36203690306198
1457789 262.8802892884028
1459389 261.18289358677225
1460958 266.34978355693914
1462541 264.5013265494408
1463652 44.17406758992422
1464870 74.51109972218211
1466380 126.83164097987108
1467980 265.5971448971368
1469580 241.84096601198254
1471180 250.09162590151425
1472759 265.7830771937341
1474324 266.34045145296943
1475923 265.84412166814207
1477523 251.6348453612186
1479123 255.28834493386984
1480723 261.32896824784643
1482213 145.60696314684125
1483813 258.40950543771777
1485315 123.80403512215705
1485398 -110.53894748003408
1486998 254.52549744458713
1488574 268.34211915339756
1490174 223.40994839751485
1491774 259.2046161636549
1493374 256.74851104510276
1494523 34.58328542707815
1496123 242.8602279704449
1497723 254.76535232544597
1499323 261.41484885416116
1500923 227.1723527156113
1502523 259.42103107674086
1504123 239.36368681394177
1505723 251.55906205254075
1507323 248.57788926961453
1508923 248.1453620306208
1510523 234.0383785459161
1512123 243.46882705110008
1513720 262.7477524956089
1515320 239.36544161659137
1515703 -69.74990837863153
1517303 260.9117771810863
1518903 242.77507572343504
1520503 254.57042989216376
1522103 247.07394957599743
1523687 264.9808879065623
1525287 250.64358816864836
1526887 234.25025603230054
1528487 253.19648849406533
1530087 238.50909700532463
1531687 241.42133520411238
1532678 45.91278317567196
1534278 257.4138207714385
1535878 263.48766078050124
1537478 249.62631071618503
1539073 265.0027433631817
1540673 255.81258042605737
1542273 231.94657954185223
1543522 42.69189222082994
1544287 -4.809380593967333
1545887 256.139267380841
1547487 248.5209763578161
1549087 260.0699299270644
1550687 234.41415843096638
1552287 254.81944078596834
1553887 259.7657245241399
1555487 234.3980003133299
1557087 239.1466854969066
1558687 255.21075400518205
1558739 -104.8442825191971
1560339 234.54118948018981
1561939 251.6800979173474
1563504 267.39389955789693
1565104 212.15850142835413
1566704 264.43928004536656
1568276 267.45480833233603
1569876 257.473284033873
1571476 249.39383839170387
1573064 264.5998599182121
1574664 253.0472771229816
1576264 241.95641285843942
1577841 265.427365832037
1579441 247.06313762721538
1581041 234.39814891639074
1582641 259.23754598970146
1584219 264.4193801374898
1585788 267.018913609278
1587352 266.6531031954154
1587732 -40.664537286158655
1589332 256.5999487795094
1589625 -62.75322923474509
1591225 256.03105328427733
1592825 244.1027922809126
1594336 270.7597822203336
1594514 -97.76767460154555
1596114 253.81550548623596
1597714 255.3841516375371
1599314 250.47444861448417
1600902 264.2753462744417
1602445 268.0745566943754
1604024 264.7404903052362
1604182 -107.21152081527188
1605712 265.8944610634442
1607054 64.2975553990411
1607467 -59.42283286119381
1609067 260.8078363831931
1609303 -97.11286404418698
1610903 261.3750915084002
1612438 269.1922534776142
1614038 256.5273548753659
1615638 254.73523401320452
1617197 265.59456115354925
1618778 265.4673169413103
1620378 251.67640706833862
1621952 265.0952151857368
1623552 252.34603282217103
1625152 240.64120604632606
1626731 265.3950079538488
1628331 243.66664161845233
1629857 269.9998829588338
1631402 269.2895664509617
1632997 264.6718801857305
1634563 269.043310274114
1636121 268.87369977424373
1637717 266.46752013744253
1639271 267.8042559792733
1640833 268.66269149989506
1642433 242.7199012060441
1644000 265.49056511471963
1645308 92.20371776905802
1646908 259.9973841206655
1648461 117.59936986667961
1650061 251.474741309822
1651122 22.332194644007203
1652722 254.69000073643417
1654266 269.44488324309566
1655866 263.7207287960957
1657427 267.1506497954262
1658988 265.07109046715726
1660540 268.29485882258206
1662114 267.50207064660196
1662911 24.838514660303034
1664502 265.1446765068341
1666102 258.94280424197245
1667691 266.0298971772293
1669291 255.06021500715983
1669557 -77.23510160710725
1671120 266.53123661784906
1672720 255.1824552881988
1674320 252.10278630732242
1675888 269.2174703133591
1677401 270.7732233693003
1678952 266.9745551919279
1680552 247.0491890067062
1681766 60.36513526664436
1683303 270.6706739584388
1684846 269.89944971760593
1686408 268.4548820207536
1688008 263.9992353679754
1689513 271.96486935621033
1691078 267.30046423096303
1692662 266.05571175063386
1694262 264.7274643231134
1695815 267.4950610596335
1697415 254.49433803791956
1699007 265.32817454258196
1700607 238.31068387310611
1702106 272.6492365712973
1703706 249.7498925437619
1705290 267.3887151618672
1706890 239.61242076240404
1708473 266.73705446424606
1710073 252.00694969094295
1711673 238.89831574788374
1713273 257.135065774875
1714812 269.89554592398434
1716380 268.1257344705787
1717963 265.9010067753105
1718659 -40.144807436937405
1720160 273.52729794731766
1721614 276.511186141532
1722771 84.24146779782583
1724339 268.34257185375657
1725538 92.89514202206806
1727080 268.9705905851204
1728618 269.69387696338316
1730166 268.0073570446778
1731650 272.45020132838647
1733234 265.71742654889454
1734794 267.63844667219746
1736343 269.3866319447822
1737875 270.1935361658132
1739467 267.3143967350718
1741067 258.64349683216955
1742571 270.79562665400675
1744141 266.33876110190533
1744623 -29.55896109213505
1746223 249.85184688908103
1747772 267.22412938730855
1748459 6.829955528611407
1750059 256.4648260778701
1751596 269.5454994976796
1751690 -102.72424635836357
1753284 265.32595080013584
1754884 255.39147514470378
1756380 268.58934395254005
1757097 18.09330227583716
1758606 270.87315369437613
1759672 65.07661460358037
1761204 268.7066716001785
1762779 266.0259784958935
1764351 268.05134235317706
1765947 265.3541570297728
1767521 267.74201687437767
1769052 271.8246914576866
1770648 264.308350724399
1772174 268.49710775246217
1773728 268.88629681301745
1775328 263.75414649520104
1776810 273.5776894696787
1778399 149.38206830987454
1779921 269.3472785516341
1781361 276.452160093753
1782880 269.50082768722245
1784310 276.01943751420066
1785854 266.76074624441327
1786459 -3.321906411771934
1788059 260.4559268648744
1789551 272.6040463436245
1791001 274.5592464234331
1792601 263.5523421799629
1794201 261.52829483450824
1795700 272.0756649506509
1797240 270.4244291115998
1798786 267.55992136450675
1800273 273.11790404505365
1801873 260.5304920284037
1803434 269.50077196789294
1805022 267.6655760250141
1806485 275.1967464907751
1808085 261.0684628442507
1809581 273.1057711816691
1811057 272.39732283423604
1812587 129.8699552228901
1814152 269.3177760599531
1815658 273.6379715300583
1817140 273.6707313932346
1817284 -122.17294946492245
1818870 268.01869212345275
1820470 258.7677914267256
1821516 91.47494683351104
1823060 269.3244877445247
1824632 266.86443569966355
1826223 264.1701231084542
1827787 268.08920273401225
1829275 275.12342879565614
1830769 274.06162209970336
1832287 270.1831299627326
1833806 269.57446871307656
1835355 269.47582557245636
1836919 268.778360470553
1838389 273.8855789925948
1839894 270.20451054672105
1841482 265.69577852676053
1843014 268.8364404446385
1844578 266.15084131370554
1846025 275.28858069603734
1847557 268.83625412525475
1849074 270.1443790151591
1850607 269.56433515109137
1852074 274.91505435334966
1853588 270.22262611916835
1855120 268.31018770975436
1856539 275.3667295083075
1857985 275.69074661874913
1859568 265.99016220309073
1861040 273.38801287993084
1862528 272.9383935952089
1863777 111.34514919839867
1865329 268.2124723795355
1866803 274.2915926856925
1868355 269.9902914094001
1869758 278.50094938444397
1871193 277.0724436429313
1872627 275.9136557574966
1874134 271.5303974143899
1875650 271.92785033698846
1877233 266.22428820245307
1878632 276.2224276137416
1879596 63.82798659896548
1880991 279.26379651886884
1882432 275.5096741664731
1883921 271.7644315948264
1885356 275.120910523092
1886750 278.3508563965551
1888238 271.46547064844736
1889379 103.93040619502338
1890840 275.4310460145675
1892259 274.96019119707535
1893649 279.08819384230844
1895050 276.7415312262293
1896499 273.72386324009784
1898028 268.7326818345671
1898596 3.9634856453497918
1900092 271.6521578613691
1901550 271.7290206342812
1902904 281.52978784714605
1903463 -26.712391550482465
1904250 3.621398367986032
1905668 276.3427262976112
1907085 277.97729382461654
1908602 269.32227579998494
1910040 277.13283217239666
1911339 284.126638909887
1912747 276.3160887768496
1914185 276.68978825893174
1915593 278.067933969977
1917042 272.79678989781956
1918469 275.8539632837602
1920012 267.7251545587689
1921463 274.5330556600009
1922827 280.8180101789064
1924157 281.6158838666155
1925540 278.94380661720777
1927026 58.12355639600048
1928501 272.26796491270846
1930002 269.6870130631353
1931414 276.1032847890532
1932892 274.4993401265652
1934341 275.4097464401198
1935725 280.55187243555326
1937129 277.4302954324415
1938223 91.6761231961242
1939758 269.67779955314984
1941131 280.7603655666511
1942621 272.71165379188176
1944042 276.4043330217973
1945412 279.60883230079
1945577 -86.45617769643539
1946233 21.235874842164876
1947730 270.91810805779073
1949132 279.5990132347404
1949323 -91.03203467249313
1950715 278.95942148021857
1952146 276.9288952896712
1952692 -22.148772335978293
1954131 275.8098858553288
1955731 251.32971614097983
1957097 279.9843142071994
1958467 279.42331665070736
1960009 266.55076117971095
1961400 276.8031113700212
1962785 278.12770916185843
1964211 275.29053893103776
1965635 275.82320232266915
1967155 90.92703073451761
1968533 277.9361749244458
1969946 276.0032669974984
1971315 279.78673272231214
1972721 276.8803189255285
1974193 274.27475848319006
1975569 279.72603904499186
1977007 277.1587129047839
1978514 271.9430659200579
1979981 274.67009370834734
1981451 273.78587935821065
1982418 65.30481066019775
1983277 62.86243689696971
1984487 108.87278384896766
1985918 276.3689782234604
1987323 278.1046990657004
1988671 281.1636901785029
1990107 275.8927880056449
1991495 279.89341940501964
1991944 -97.424964139333
1993286 282.2868889089458
1994719 276.34331004048414
1996175 273.98972269294046
1997572 278.60951425499064
1999078 272.3353349978604
2000487 277.9686817811821
2001209 0.34783808348201717
2002579 280.443430660018
2003972 279.1340375197455
2005352 279.5220968505889
2006802 273.2010261236451
2008360 269.3125507852538
2009718 281.5525139578568
2011149 275.4073024685053
2012637 272.0457260542318
2013105 -27.75208755799258
2014528 276.50210834760577
2015905 281.01230539374853
2017340 275.1931512510306
2018689 279.2035890059628
2020090 279.8514318409734
2021522 276.9065307001638
2022097 6.163875130734084
2023540 275.1177985715536
2024983 276.8242993875326
2026492 271.78910974220804
2028010 270.8284249920379
2029460 275.96051222445345
2030801 283.1722426674681
2032229 276.8141030709848
2033582 280.0482713647337
2034956 280.188669744168
2036342 279.7337323258403
2037779 273.1148795743532
2039191 277.44088932142785
2040651 274.659436020631
2042018 279.4434757196841
2043389 281.064798228273
2043619 -89.8093328807919
2044995 278.52185201022775
2046401 277.84445555921985
2047792 278.7524318348731
2049178 279.3950581269668
2050527 280.63636412375166
2051912 277.99918740750127
2052848 74.29436200378399
2054231 278.4035952261973
2055714 273.3369664862538
2057125 276.66541514035094
2057687 -14.384832687684622
2059105 276.0335031134436
2060626 271.9380672855485
2061957 281.53140673416385
2063489 271.33909148999857
2064117 -8.005511006833956
2064982 49.37790840459772
2066549 267.1973681405961
2067945 278.2662546650328
2069350 277.2910830065771
2070700 281.57308737610833
2072053 279.6944484946183
2073413 281.09492803759923
2074800 276.7985489245289
2076208 278.9489944467595
2077581 277.6906550774836
2078979 276.6249914680028
2080356 279.5127902786658
2081724 280.1475785257609
2083181 276.5061867406897
2084543 280.99320297804184
2085818 284.75702115120833
2087178 281.1721918032045
2088483 135.21407149342303
2089921 274.9967242658476
2091323 275.837235677492
2092716 278.1758615163732
2094103 276.7915535521735
2095451 280.76226605066216
2096837 278.1374387340304
2097293 -54.23637349099663
2098661 280.23980460802585
2100015 281.07569781435274
2100489 -22.005628115096727
2101850 278.04432735602757
2103208 280.5128605006203
2103512 -49.641364713167164
2104875 277.4445696832242
2106252 279.3298040756236
2107670 277.6441284536712
2108194 -3.6524796297890276
2108670 -36.04385079547326
2109988 282.11486340113146
2111385 276.7829583720004
2112806 274.12042104205545
2114222 274.88497512412056
2115069 8.281056314551037
2116426 279.6611606768515
2116819 -66.22834081410738
2118194 279.5154136581169
2118646 -32.714881121738486
2120126 271.72295507733355
2121527 276.8076779918493
2122862 280.48648556029474
2124271 275.2288723079511
2125687 274.5442931925027
2127075 277.2132149935873
2128488 273.58234080301753
2129912 277.0741291274722
2131372 272.8651928431412
2132764 278.8689163580489
2134129 280.6832182770474
2135439 284.85255001467436
2136798 280.1968353765792
2138167 280.36148312888713
2139473 126.72861399517527
2140824 280.9887273105746
2142216 279.12612632710574
2143582 280.145847994162
2144908 281.62020935403746
2146450 267.8738552761225
2147805 279.0874258680334
2149172 278.25469329579926
2150504 280.13034831102203
2151966 272.1879861940931
2153204 84.43432479935757
2154623 275.23930181315626
2156029 279.10601242719525
2157374 281.67426431844194
2158708 281.4286305213927
2160089 276.6280942475055
2161452 281.88455181302766
2162807 279.6442508322385
2164407 265.3325737316365
2164615 -91.6566511811403
2165950 281.9723163674218
2167271 282.04242298104054
2167934 1.5335283516397311
2169315 277.9105332230464
2170658 281.4854268614074
2172066 277.84063849572317
2173445 278.8951482607857
2174818 278.8128210013422
2176179 277.7453936477847
2177546 279.1806386274107
2178861 280.85590037535
2180327 274.20806572457855
2181696 278.5896969213229
2183117 276.03219600147446
2184504 278.2167193784961
2185801 283.24584310634776
2186270 -19.942372219766824
2187568 282.0615265409292
2188843 285.25811327845344
2190222 277.3047526867955
2191603 278.86953793132477
2192680 119.650663735916
2194021 280.67891121478857
2195388 280.00362075958833
2196739 281.22970223736417
2198077 281.12618127330694
2199515 273.6558895929554
2200932 267.273332355681
2202277 280.59182293311966
2203621 281.6488265038234
2205034 276.1374344492601
2206386 280.311605678947
2207828 274.09898467505826
2209220 277.3132980826557
2210531 282.00951787456745
2211945 276.59150432381915
2213300 279.48544253206796
2214655 279.39932325229336
2215995 280.8960482249078
2217387 277.52810808854485
2218772 277.352679694967
2220147 278.9884257303994
2221527 277.8934847029902
2222901 277.88982847884324
2224296 276.68490971180734
2225804 271.4490513166947
2227125 281.0308658386391
2228467 280.7110763802736
2229843 277.85754596545206
2231166 283.12611880635876
2231666 -8.02358440079287
2233009 281.3726743805402
2234364 281.51114703736573
2235833 272.587434704171
2237158 282.4198491636874
2238403 125.43349346461304
2239760 279.93526206790887
2241211 274.4431983935361
2242545 282.6732419259548
2243951 277.43180166558005
2245335 279.17948652570357
2246755 274.9904575025465
2248153 278.6781132803325
2249627 272.7735524565252
2250991 280.4274952877665
2252350 280.63785414600295
2253402 90.06699188732077
2254741 281.90709535667304
2256131 278.1391163833333
2257507 276.44629908832104
2258178 11.201238161944005
2259496 283.5920977173659
2260909 275.69161210233557
2262365 269.03130709036293
2263867 269.0216491257129
2265257 277.5656569411902
2266665 277.40993564248026
2268117 272.7934833989599
2269515 277.5525731153906
2270810 282.5930166126017
2272173 277.70426302550743
2273495 281.65207717948624
2274959 272.3173199983345
2276312 281.08814205112856
2277899 264.9593249874618
2279228 283.0746828990551
2280549 282.53063986653007
2281879 281.53207978230955
2283183 284.09886519058983
2284656 272.5633873244179
2284756 -108.0363992765403
2286138 279.99203152111255
2287523 276.4799903333763
2288926 277.5535722901016
2290291 279.3428076802223
2291691 278.1962554272905
2292232 -44.83122526381974
2293561 279.7625741844095
2294920 279.00785871863025
2296276 280.07478151280236
2297635 278.30967645771284
2298940 283.6591674826217
2300287 281.5900024368528
2301609 282.6668368133066
2303006 278.2807148487737
2304432 274.62371944352367
2305764 283.4662611857766
2307124 280.3093578833149
2308443 281.7776957313691
2309792 279.6546885201893
2311135 280.16635678252436
2312446 283.5190050705528
2313836 278.52225001086634
2315164 281.3143310622279
2316480 284.2442480832802
2317813 281.5383307972169
2317888 -98.8468420331683
2317970 -102.75426960224037
2319292 283.88094760877357
2320704 277.66153446200593
2322016 281.79909160921915
2323340 281.49757335582893
2324752 275.9677119841643
2326061 281.0204506777831
2327393 283.1795619836047
2328693 283.78304780778825
2329586 60.07663544709476
2330880 283.8604184621215
2332201 282.5214581414132
2333483 283.16003277295454
2334526 99.11426278604594
2335945 275.4261579647024
2337273 282.0907329830205
2338645 278.1602837187698
2339937 283.91209476924166
2341286 279.63009319179696
2341593 -52.149940891447116
2342975 278.2475286267568
2344257 286.1995308470407
2345598 278.89775483824536
2346927 280.4612230995011
2348290 280.5741763613205
2349680 276.38203291189285
2351015 279.6155496265387
2352360 280.859658401877
2353692 280.2259859629431
2355041 281.3547048019331
2356398 278.98818808326206
2357775 277.19351465857613
2359064 283.1273827822454
2360368 282.9589397395293
2361657 283.31617714739974
2363009 279.7625365084476
2364387 278.2959961222639
2365759 278.57052883094633
2367136 278.41915902295636
2368572 272.5910036203474
2369876 282.05445326883995
2371209 280.0821977784796
2372623 273.90017061451533
2373958 281.1234482631555
2374721 11.979549395258346
2376061 278.46352777978007
2377404 278.39871687831527
2378709 283.3207289428051
2380074 278.4608367735505
2381408 280.25480886988345
2382767 277.9455624615451
2384089 282.8520316750921
2385415 280.08132586675293
2386758 280.93670041576365
2388113 277.27718565078743
2389517 277.8146427021691
2390823 282.0568725807175
2392206 276.8702273125076
2393526 281.7766245409882
2393640 -115.35991956351324
2394955 282.06889512618557
2395545 1.4884418071682575
2396863 281.7531085106865
2398232 277.93296411021305
2399523 282.83642535107396
2400856 281.4954585623582
2402153 282.5424174153389
2403511 277.3177509202565
2404896 277.93245968218946
2406188 284.5548388819039
2407492 282.957247614579
2408764 283.84474856865
2410084 282.1616661820763
2410641 -6.877606411953025
2411975 281.0637894270455
2412083 -97.97447950774865
2413410 282.32887231035284
2414703 283.54168143519667
2416054 280.0156757482978
2417354 283.80222468190624
2418663 282.7285971555858
2419984 281.0761041410876
2421318 279.35420379765577
2422681 278.18068419438725
2423380 45.96266993549662
2424684 282.44545791054304
2426013 281.46401638400243
2427298 284.7938732825798
2428615 280.2631872579077
2429908 283.5472102509032
2431229 279.9440393424185
2432522 284.3851009633013
2433868 280.7515611069742
2435151 283.13509029293
2436463 282.6803088282931
2437787 283.27704066601
2438846 113.00185572262015
2440140 282.19707348191275
2441439 282.07392818861024
2442753 282.25772618285845
2444069 282.5659074057051
2445422 279.62108567433734
2446671 287.23142054258153
2447984 282.09795616128923
2449349 276.0002104820552
2450619 283.44963662241616
2451443 57.84553548841615
2452752 283.29067693641963
2454141 278.121225437756
2455465 281.6965209086021
2456808 280.8838146546558
2458147 280.67494352257495
2459450 281.50220314937053
2460814 278.6820226053046
2462151 281.54172507942957
2463516 277.87186353854946
2464851 279.6772451534402
2466079 288.2942410902422
2467373 282.9327772735958
2468668 284.48197902176787
2470024 278.6447534108351
2471319 282.228898181759
2472669 279.3064158967402
2473986 280.4459849211161
2475295 282.15102602711056
2476029 37.98299600671817
2477368 280.90357341022144
2478671 283.4863693982815
2479935 154.6034364040038
2481239 282.03117416358947
2482537 283.0770123787326
2483848 284.25313746005656
2485123 283.33283945570906
2485448 -60.180175855729054
2486777 281.0177156524718
2488213 276.462066721479
2489519 283.0943584379043
2490846 282.1842287566326
2492120 284.97619656570373
2493402 282.3538355823592
2494726 279.973761009771
2496047 281.0684802825803
2497365 281.9800036521749
2498665 281.73470109484265
2499951 283.727267632916
2501294 280.8356192667635
2502606 284.01339323092475
2503911 282.793190463799
2505219 282.6062840584701
2506466 286.6860508442979
2506830 -59.35999966618362
2508137 284.2847553081661
2509452 282.65536156469096
2510744 284.1820346471875
2512031 284.97505013203056
2513477 272.7698495851973
2514812 280.9682576988904
2516127 280.3939207674334
2517390 284.42015003200646
2518695 282.2316563589227
2520114 273.390019420918
2521408 284.7677180655398
2522679 286.7626756767611
2524035 280.9642803180607
2525397 278.4403570090729
2526699 137.45431083714485
2528032 281.1040931184536
2529375 279.3735417894123
2530680 282.10192301622646
2532033 278.0386946317723
2532726 -9.449551143614471
2534006 285.4082298093661
2535329 108.9077136445014
2536589 286.3762593110659
2537907 282.8452578832254
2539303 277.59728678407856
2540614 282.224030653995
2541886 285.76287904086047
2543160 151.6675912253334
2544456 283.40447490974935
2545823 279.13695491097207
2547181 278.6543561439204
2548467 174.0893020087305
2549806 280.1048527038327
2551134 280.2422107715777
2552535 277.0329542070245
2553867 281.78082934513293
2555220 279.50993417173544
2556535 282.5166739890934
2557056 -12.696569354732915
2558422 170.4405671312016
2559780 279.76182951369196
2561135 279.1088780066023
2562497 279.14880014153334
2563817 280.90084949069205
2565158 279.5551827061801
2566469 282.05099859767364
2567789 282.89124338516814
2569115 281.6058418738414
2570409 284.16572806380157
2571590 91.79448814868167
2572537 68.39931822193725
2573853 282.99234449974097
2575140 283.7300335852562
2576487 277.8621438463949
2577863 277.83624104397825
2579210 280.03539744068786
2580569 131.95186653437455
2581836 286.19238443440685
2583191 279.4732351179125
2584494 281.9193449135966
2585776 284.1899714343186
2587234 269.6109562854496
2588644 276.8810085379339
2590028 279.01172290328066
2591361 279.9340075806283
2592694 281.39064066853865
2594009 282.674436795441
2595411 276.0533142438924
2596806 273.4935756452801
2598084 282.33798521039466
2598795 -9.300988228229784
2600094 284.38419578258
2601503 277.34396451227644
2602831 281.9806730491011
2604173 279.60078786711637
2605484 280.52684355481694
2606840 280.36864877379116
2608147 282.22718811065437
2609458 282.1817942718501
2610814 171.4345770289193
2612249 274.57843977680136
2613594 280.85346153095077
2614875 285.6330539350194
2616146 285.76836012602166
2617529 278.5485167638497
2618833 282.486947344148
2620181 281.3883043328254
2621458 285.4909250446447
2622765 282.22171366252974
2624015 285.0668333789351
2625330 282.2501597329811
2626680 279.9593511196744
2627949 283.584395970022
2629232 283.24527239560655
2630561 282.7785697260764
2631857 283.41096348268024
2633253 278.61877660918117
2634557 282.3429763127226
2634703 -86.68843429134165
2636066 278.88692281843913
2637352 284.28587684610227
2638646 284.3853842095827
2639921 284.7983673745066
2640028 -103.00025727023308
2641372 281.44536551114425
2642686 281.8025476694789
2644008 281.6043560355625
2645406 277.1106092395272
2646711 284.4069828142097
2646993 -101.54431888489361
2648306 283.03728877924584
2649274 51.90264951648206
2649522 -85.30591973205283
2650815 285.0193198465742
2651690 27.22811437910795
2652963 284.4641735879356
2653237 -61.41610514936784
2654624 275.72071224774794
2655960 281.0578647316961
2657305 279.8442230628241
2658586 285.16311880151994
2659898 282.35846802240394
2661269 276.55076064694805
2662572 281.81522294778057
2663890 280.7607713178143
2665252 279.57888104577955
2666582 280.5052810267023
2667857 282.6593996171179
2669177 280.542593502752
2669404 -108.99821706240252
2670767 278.670518667554
2670987 -114.07962908281324
2672339 278.02172129849725
2673728 277.67441772693985
2675006 283.2784850905955
2675161 -111.51294364398717
2676593 273.0077259543954
2677962 279.8909156288202
2679271 280.89912793224744
2680641 279.1963150788155
2681950 283.1036923275564
2683292 280.0673421811791
2683396 -104.0206409696831
2684674 283.3745123334403
2685996 281.1559628189193
2687310 281.79262636495594
2688801 270.20299795930833
2690161 278.6961910388606
2690244 -114.98610203581924
2691530 283.6242850478974
2692843 280.7742685214262
2693841 98.25615879861408
2695173 279.429940246496
2696424 285.87330429547933
2697766 280.5685806335457
2699038 283.5532024896943
2700336 282.10610095997436
2701633 282.50765700495015
2703032 275.82028187482905
2703687 -26.96803212716992
2704939 285.8164544662782
2705263 -58.240134262150775
2706668 276.4564291011291
2708020 279.22486031462836
2709322 281.4839533820388
2710649 281.1896072475492
2711984 280.6298372340777
2713404 273.9476806080057
2714763 278.98134797365213
2715328 2.1334993319441793
2716660 280.8468131118573
2717989 281.013744424828
2719355 278.8546273294826
2720689 280.4073869730179
2721551 68.81805697237706
2722882 280.13948927801727
2724165 283.4724140147546
2724919 11.76842359533289
2726269 278.8260753083615
2727599 281.2115644299302
2728927 281.26395741359966
2730232 281.76052392980824
2731614 276.0154822532127
2732921 282.8476081637158
2734276 279.10907213404136
2735540 284.7655672237606
2736858 281.8875928882499
2738144 281.6396942442735
2739441 282.9210810101175
2739691 -72.0780773209886
2740325 11.880806971465901
2741644 279.9036402881432
2742963 280.56838316727664
2744336 276.41363056013193
2745733 274.2920897760175
2746483 26.751587638729504
2747798 281.51523465143833
2749141 278.86323062749665
2750438 282.6327514963464
2751791 278.32866948768947
2753129 281.3181649134932
2754515 277.31953679515954
2755868 278.62639864272757
2757150 282.72277517256697
2758393 286.0403911581515
2759717 281.83350620312814
2761024 282.0763560816502
2762320 283.4202944871019
2763605 284.12218028920216
2764922 283.26244145306663
2766265 281.2932399362037
2767671 273.6955322981446
2768408 17.77189663009635
2769701 284.54333805766714
2771008 282.2654994110301
2772308 282.48994706842285
2773612 284.01047108709366
2774870 286.62345563983087
2776173 280.1509331571813
2776975 29.839874998185167
2778271 281.6736286668234
2779546 285.1138682605459
2780866 283.3416429418068
2782229 279.0347989115971
2783532 284.70349360553377
2784924 278.0240101283473
2786207 284.2778928884659
2787186 84.08455708628838
2788175 95.77304539968316
2789545 279.2072295282908
2790850 282.0766720839885
2792179 280.72997858544244
2793579 277.51447638440476
2794873 283.02229635126884
2796206 280.57142292950084
2797574 279.38021230993496
2798893 281.7069811872711
2800207 283.7579436624153
2801587 277.16041451236345
2802999 276.4842095148168
2804311 282.67150503569064
2805591 286.1121162815765
2806951 280.2193443339105
2808262 282.3837426250179
2809589 280.02996064456505
2810907 281.0901321302657
2812193 285.7060297568533
2813501 282.62268069701247
2814844 280.1328827336073
2816179 281.63710608492363
2817479 281.1524505265515
2818755 283.84649577397204
2820115 279.1456176672592
2821393 284.1618321219733
2822671 283.82757045166517
2824030 278.8380318181
2825352 281.0329168141615
2826649 284.1020660562346
2827986 280.54004094770767
2829353 277.1681894503964
2830705 280.2033555180644
2832022 283.4268256487247
2833336 282.54821375510676
2834622 284.5922089772924
2834970 -49.16825806594024
2836286 281.31733818930957
2837586 282.89208990478363
2838884 284.192403273992
2840136 285.83788264200695
2841433 283.38296235410445
2842765 281.9267934162964
2844020 285.6639885462951
2845296 285.6135840277661
2846611 281.2809910275666
2847975 277.82382655282214
2849295 281.6066507430005
2850034 -1.9751650830573055
2851331 283.5589386985965
2852662 281.53529799868755
2852782 -107.27507924466208
2854017 286.56196982807234
2855316 283.3598280636024
2855433 -104.63954410129041
2856687 286.0825911475436
2857967 283.6615982981116
2858874 77.80831312482508
2860250 279.6559863789674
2861541 285.03512243613204
2862862 280.81225863509445
2864228 280.5052058221593
2865566 281.44360819435155
2866838 285.7989256767093
2868169 282.3816008271311
2869458 285.5817759692287
2870758 284.93833987325996
2872097 280.1767344338682
2873423 283.23814077215974
2874772 281.1849870184161
2876059 284.66881348419093
2877363 284.39223828726267
2878118 24.44844587551249
2879456 281.42510932094365
2880708 287.9975010326333
2882012 285.16813818404876
2883353 281.26937200750604
2884618 285.21656304970236
2885928 281.60637143485377
2887227 284.39320654283136
2888598 279.3743699893209
2889937 281.386161915885
2891276 281.060521927522
2892552 285.15553638886774
2893860 282.5479211001498
2895217 281.5599776233548
2896431 144.9467562833001
2897711 284.67352607306117
2899070 278.94629092753274
2900388 283.8176075789349
2901311 72.43143372866447
2902541 159.01220420796324
2903924 277.8157508328392
2905204 284.1002727586025
2906512 282.4210537974222
2907862 278.69362812851705
2909187 281.35396623142543
2909309 -88.75858696670831
2909408 -100.8975086188726
2910746 282.3451016285324
2912074 280.40938013589107
2913347 284.95100166457684
2914640 283.7734287662296
2915895 287.27784794508415
2917203 283.52149883601516
2918509 284.32940777703726
2919885 278.4949390631529
2921174 283.2405019739553
2922475 283.06379097990225
2923781 283.2466606025202
2925072 282.64089271358677
2926321 288.2175319985923
2927637 282.99612580914834
2928908 285.5237858316225
2930200 283.3419837886676
2931592 278.11756536936144
2932887 283.81172280409464
2934244 280.32211030812215
2935505 286.52597932105084
2936809 284.56023314593426
2938157 281.42975141130546
2939471 284.27608860735427
2940803 283.78104884904457
2942094 284.36165426721794
2943418 282.25654833454996
2944726 281.9291747337626
2946005 286.70321427890684
2947411 277.8587241702196
2948706 284.5392921121514
2950022 282.5837639853625
2951307 283.5933029043246
2952577 286.7525018819924
2953935 280.79271340090037
2955263 281.8916129696209
2956570 283.7708812659402
2957902 281.82983244247623
2959216 281.7493047311929
2960519 285.5487661206816
2961908 276.1532305995495
2963218 282.25909912374624
2964552 282.57537190310256
2965895 280.9459388109403
2966643 28.472857852053608
2967933 285.3975888534223
2969237 283.90253444406164
2970526 284.8727830592319
2971868 280.98178909226255
2973179 282.3634475938699
2974505 281.5693344230753
2975843 282.42831840924805
2977163 283.6461518536093
2978475 283.02210429632134
2979804 282.2307103256539
2981151 281.56472070811355
2982429 285.9716327107192
2983724 285.0179307182804
2985085 278.60660788351237
2986419 282.8487178384395
2987737 282.86257453272424
2989049 282.8723619081265
2990352 284.16018322969666
2991630 285.94301986029734
2992938 284.406552955901
2994296 280.38572737756095
2995592 282.1642791047253
2996918 282.6950224071612
2998268 280.50257589319057
2999572 283.01403327492164
3000860 284.2015181763491
3002216 280.9362458472411
