# reward.txt contains number of transitions:cumulative reward
74 -103.855592611666
1674 -107.15038751780651
1736 -106.3181680183954
1796 -107.29268009486483
1909 -116.91458710072283
1956 -113.22191173848944
3556 -114.9250194965746
3613 -112.15940802320404
3678 -106.19374389642353
5278 -106.75097669700118
5334 -100.9608072139391
5392 -114.7816631568366
5433 -109.0593744317172
7033 -104.35676787202853
7095 -118.09618552453941
7956 -181.11542194756277
8022 -103.93131446505602
9622 -125.576796837613
9710 -112.73551375522774
9857 -129.07261548553097
9931 -105.10318296934881
11531 -116.91167335492104
13131 -123.94938215044964
13178 -111.6485811528455
13246 -101.60552612721733
14846 -103.62487438094374
14909 -105.2723134791081
16509 -102.37079078984036
16569 -117.28391589033168
18169 -92.98281399745393
18235 -121.68715306515371
19835 -103.92382104524947
19881 -107.76728583765464
21481 -90.9156989972677
23081 -102.90394241048902
24681 -99.07718161501083
26281 -93.97747023303788
26338 -116.53587924269897
27938 -96.36459111585282
29538 -133.57344829148357
29582 -110.18464872765107
31182 -93.9766639544429
32782 -94.04778389860064
34382 -86.76938927891284
34494 -128.79505379636151
34560 -118.46362665079627
36160 -109.60303273928068
37760 -87.4266291983062
37837 -99.47460690051504
37903 -103.90429892179493
38016 -119.10794957214749
38083 -98.57491781348952
39683 -97.2838761765194
41283 -92.18651262113899
41391 -103.9595963932614
41485 -111.74398621246156
43085 -92.01456552413781
43190 -105.25931889444031
44790 -94.63620537574023
44847 -102.23479598807295
46447 -86.75032450766427
48047 -90.19876313305615
49647 -89.1246294798756
49754 -99.4773494632809
51354 -82.50513789697062
52954 -86.04910017584004
54554 -90.42515004906375
56154 -83.31400436062836
57754 -98.79666575280591
59354 -81.48217813063181
60954 -90.2602166353316
62554 -79.4284656797541
62614 -105.81470529597625
62689 -106.96085170908955
62842 -112.53783090600186
64442 -77.15478303930608
66042 -72.21110525769001
66106 -98.81111270045614
67706 -84.27729749265634
69306 -73.62302705589997
70906 -73.0566693036873
72506 -78.35593230525525
74106 -77.92507348184502
75706 -71.34811119382888
77306 -73.59664527573061
78906 -72.16599040006994
80506 -70.95199663842666
80622 -107.07762876072402
82222 -78.05112884970939
82302 -116.65813113793172
83902 -72.92942382763847
83978 -108.03791745154497
85578 -78.11005156824986
87178 -69.05151721315157
88778 -74.61989282321812
90378 -80.38859458676046
91978 -77.02268661483686
93578 -76.83333739733513
95178 -73.36701773342241
96778 -79.12883600867916
98378 -65.78896570816273
99978 -75.33391950143569
101578 -76.58928148592892
103178 -78.08463125955821
104778 -73.29368760393437
106378 -70.62609674920463
106451 -119.34848034192994
108051 -70.33923139081105
108119 -122.15214778792796
109719 -75.99706732238401
111319 -67.78650760489141
111367 -113.23341144235556
111440 -112.87099164171455
113040 -69.01891240173848
114640 -76.7418927420328
116240 -79.74828927496577
117840 -78.99579661402399
117910 -113.24624216504333
119510 -74.20940684520157
121110 -71.61890671168459
121993 -138.63153633957978
123593 -65.41828848810121
125193 -72.9369798586069
126793 -67.12986420676361
127837 -140.16416137727848
129437 -76.47698004049356
131037 -73.43898103297498
132637 -67.23954172458816
134237 -69.4699693314633
135837 -65.51762136725023
137437 -63.872401481447156
139037 -69.42927724891658
140637 -65.16747869749301
140729 -102.65955104607157
142329 -64.3155680772622
143929 -61.958668441596764
145529 -64.24748451910057
147129 -64.08890283070441
148729 -58.59538388012226
150329 -62.18714929648118
151929 -54.110221243550285
153529 -59.38841241812014
155129 -58.13787800771997
156729 -55.56419849661676
158329 -54.854840394442945
159929 -49.97976989491277
161529 -44.0820682162934
163129 -44.8226399991965
164729 -51.739976155747975
166329 -52.20245541013404
167929 -42.06534477739973
169529 -45.67624730008099
171129 -32.4247832959729
172729 -43.931953961635585
174329 -33.045534431178126
175929 -45.75568672978317
177529 -31.010094866761296
179129 -46.63886007739223
180729 -43.34116622037821
182329 -43.66077734852319
183929 -23.291078335257215
185529 -21.825953102755353
185611 -113.54197402498063
185730 -114.577113264498
185796 -105.37991192560581
185875 -107.80558600557626
185938 -107.61372644580715
187538 -34.930274219891665
188713 -117.63573895363757
188783 -110.43774686606042
190383 -33.60206183580708
190463 -110.01564646381202
192063 -20.200506007189546
193663 0.6979261028844231
195263 -27.274002413911738
196863 -16.436295716668774
196970 -102.43310365249775
197028 -113.70633231400078
198628 -10.246808262164402
200228 -9.376849877472667
200428 -116.73329531674645
202028 -19.386599526294845
203628 -16.330396875405995
205228 -18.96796567382974
206828 -22.263155205209443
208428 -5.53666069566087
210028 -7.019198487129079
211628 -11.741330687524126
213228 -5.668376547535267
214579 -99.90733283204834
214634 -109.17706747992895
214686 -109.79199998874404
216286 -13.870953947120654
217886 -4.709035678647475
219486 -9.9228454315799
221086 1.802959733577051
222686 -3.308155333581072
224286 -0.03218575980980368
225886 14.541679368050765
227486 11.0302533522565
229086 8.4365481453988
230686 12.849577798668602
232286 9.078973838897113
233886 9.965447761954117
235486 40.22540174045482
237086 34.84043636568028
238686 25.313926346273526
240286 24.270603946556307
241886 32.27675509830003
243486 14.491948870072756
245086 27.253283641020417
246686 36.48350187261647
248286 43.005957314955445
249219 -74.86140442756069
250819 33.53212163902324
252419 29.32788546582496
254019 39.61819993393803
255619 37.80818761292751
257219 53.17938425188288
258819 64.61998783495557
260419 42.73294851220208
262019 56.05993316786115
263619 56.51871323316792
265219 47.379167129352055
266819 51.90970601129901
268419 57.69215415573374
270019 63.896376778739835
271619 62.24655479508114
273219 63.4765122744931
274819 62.057002653930944
276419 56.80488758616766
278019 68.23666441250305
279619 54.5955848789903
281219 73.6055301459494
282819 67.52183097793521
282872 -112.25812700586206
282937 -113.74524792477177
283019 -115.53392100685959
283078 -107.73947988910352
283116 -110.0458732983234
284716 80.65562889852289
286316 78.48168499766416
287916 77.2229097435635
289516 70.93232377883328
291116 65.86387370010655
292716 63.65423790572798
294316 65.36397793513108
294444 -109.34341709373022
296044 57.573318550514585
296159 -102.879727716888
296232 -110.16647716589706
296302 -113.58920972476466
297902 81.28804770318533
299502 69.17779096371805
301102 82.28666003457627
302702 79.43461198924419
304302 80.50989725165948
304352 -113.06865629755085
305952 75.10590753715806
306011 -111.9196829885027
306071 -116.05778078127342
306157 -116.93945522461087
306535 -97.3013596941742
306580 -109.21313335823206
308180 79.78338034063574
309780 79.80594128587754
311380 84.33697198459257
311459 -113.25657327917654
311515 -112.04910538708108
313115 74.84233046705218
314715 79.04097887373213
316315 98.53480207676867
317915 89.97278891712621
319515 81.71950912933232
321115 86.86712565537611
322715 61.00019938015506
324315 74.70694433339813
325915 74.06075816334751
327515 91.04577265327191
329115 92.41527758268626
330715 84.76101560603836
332315 77.08195786111999
333915 82.60928619691228
335515 89.735498690094
337115 92.34744653564282
338715 86.81280326490665
340315 89.42743941533001
341915 89.54939973583934
343515 106.14095241634985
345115 85.08969800612809
346715 92.32625018008949
348315 96.24774009157339
349915 76.79013970885374
351515 94.33814679569686
353115 107.0451339019538
354518 -23.807005885936334
356118 99.69351548034876
357718 88.77492350239305
359318 90.8649070009341
360918 84.77511957763899
362518 97.40590828235133
364118 86.3451269148714
365718 95.15803945993447
367318 96.7275095568337
368918 100.15628609518322
370518 98.00183936411966
372118 96.72538205179322
373718 105.77216978387888
375318 98.78883640485145
376918 100.58408369767952
378518 107.82377774650166
379043 -71.95537945456988
380643 98.50629558631114
380722 -123.00711711973076
381696 -57.8277897954459
383296 103.36070946559734
384896 115.31289501892853
386496 102.0349175239261
388096 87.74745551202369
389696 109.7774365858614
391296 106.89379490744574
392754 -9.240711979168154
394354 99.6772471644519
395954 83.20060163741064
397554 110.36274422781952
399154 100.54792508240413
400754 103.45231507969878
402354 96.4047049408419
403954 91.0846381213646
405554 112.26356958801995
407154 108.1412354429507
408754 119.81095479515571
410079 -16.063628210455292
411679 116.38020805529882
413279 114.09219140351934
414879 100.84239597577792
416479 100.9692720062988
418079 100.79652511747379
418196 -95.36812025006985
419796 107.904174216517
419985 -128.97298558547533
421585 112.08426128626084
423185 129.44990002747352
424785 109.95426278334863
426385 104.4962196130647
427985 106.21685167488361
429585 117.19648676622838
431185 114.68116882499609
431320 -100.87817152940296
432920 117.35082416881093
434520 113.92156203019303
434662 -103.75814956078926
434743 -103.46695450494687
436343 114.15678791280102
437943 131.3803852316559
439543 136.57096111641278
441143 130.69634718879573
442743 119.21688063353562
443618 -56.096552619616844
445218 127.82496282332578
446818 108.95134363641536
448418 113.89520120863178
450018 100.37570577238792
450130 -101.96528355799506
451730 118.14142499923771
453330 112.64460828657806
454930 124.08203903056554
456530 119.90287782744187
458116 -3.3014655164256084
459716 123.93487503737914
461316 118.55838351967394
462916 99.22839318544548
464516 123.32642889944016
465207 -66.86016670326762
466807 115.29226590736263
468407 122.09714208719079
468575 -102.97047621754743
470175 99.44369583681292
471775 102.40162307585145
473375 125.51414035248456
473492 -105.58791559784115
475092 112.37170854422027
476692 139.8510592276324
478292 131.09946715814993
479892 111.01588163181576
481492 130.36598964167575
483092 137.18207614394444
484692 117.97238610691629
484796 -97.28821203719079
486396 142.87583878836938
487996 133.45163400241103
489596 126.10916333722196
491196 130.16874873131763
491548 -97.00758476190332
492251 -48.11816865316174
493851 154.39016824716768
495451 156.0987500735869
497051 133.25764550264682
498651 128.25342629010865
500251 144.87616305636493
501851 157.7193215578413
503451 146.8314958387254
505051 155.5320062115516
506651 155.1432445456667
508251 157.4695024945997
508985 -22.780946349916974
509120 -96.29021390404428
509242 -97.46905149211113
509339 -97.14225135190537
510939 160.12480435576768
512539 160.0052603736606
514139 136.6782396640687
514256 -96.76379103153572
515856 150.21725802440668
517456 150.83211271582516
519056 164.89498591994456
519988 -35.0090173213968
520580 -50.8989596724321
522180 145.6172387544708
522246 -115.10825254995376
523846 165.1543281942817
525446 166.04182773540856
527046 142.98046307683754
528646 157.67787486115444
530246 162.4720391897197
531846 137.02577745453732
533446 159.18311845024607
535046 160.1364177483514
536646 163.05742092352136
536754 -99.46454577285486
538354 166.33656745300289
538587 -90.26194214086205
540187 179.1806454261781
541787 175.31404132803854
543387 165.44698012581736
544987 155.37988341878494
546587 178.85272354756233
547170 -46.098433766874194
548460 29.33560561275212
550060 138.4043396178481
550186 -98.89961943888106
551786 169.53893427700953
553386 152.8531277633708
554986 164.87704495977434
556586 164.63693539382922
558186 172.12904703991754
558260 -125.89049260343363
559860 166.4966370937474
561460 192.8867048828306
563060 198.1346554169079
564660 158.69296119981766
566260 164.59669850920557
567860 158.42327005626532
569460 150.87121676447546
570717 33.32598963924539
571360 -50.3656857103215
572960 132.65033216150184
574560 154.3880969726415
576160 160.16118326090208
577760 157.47176772332136
579360 156.89908243015546
580960 158.29597243596808
582560 182.57694652804307
584160 170.77205348829912
584584 -68.5276345153916
585341 -40.193487749725335
586941 168.11086257418762
588541 153.08965411315845
590141 166.48673963925648
591741 172.8720653701444
593341 189.0736488977695
594941 176.1115965096904
596541 162.24590260187287
597781 28.575687267623238
599381 178.7317748678745
600981 159.01756186089744
602178 15.343304230649395
603778 158.16448399753958
605378 162.16246732300758
606978 169.14982820667066
608578 166.86276972869953
610178 158.6262809145043
611778 135.2281600193971
611855 -114.68056404970152
612717 -17.58756474726742
614317 141.66383154803313
615917 161.39189227450763
616031 -113.68013064530119
617631 182.35558437443754
619231 194.44448786400798
619670 -70.0218909303341
620799 11.39958898909822
621666 -22.234821930254185
621802 -101.00547928519765
623402 190.88307618411446
625002 167.65168603409694
625133 -114.04880245814286
626733 167.85816564845433
628333 162.68470255211125
629228 -28.289162492562355
630018 -45.91868228903044
631618 215.08626580234883
632508 -3.0073739570615032
634108 173.42656385718692
635708 172.9821970637013
635755 -104.8768269964469
637355 179.89084702488012
638955 175.42717786668177
640555 173.982264322556
642155 170.55498631948902
643755 170.51137750166293
645164 62.1943528729754
646764 181.776447003695
648364 185.97885744990086
649964 194.50466286673245
651564 184.93458470099702
653164 169.24919913509822
653404 -88.930462971601
653826 -58.43255282558814
655426 172.47155557959306
657026 158.94343188975938
658626 174.4012636918281
660226 188.44479495238878
661826 174.44459530331525
663426 176.863807909137
663750 -69.20642852485365
665350 175.78406335162663
666950 162.70472440948745
668550 193.86885697246197
670150 159.97077349315387
671750 188.53551217842275
673350 177.17045146633487
674950 157.49520306221083
676550 163.9803238593558
678150 185.6784696525156
678670 -58.19045406822735
680270 174.92530316773048
681870 187.91477992190863
683470 164.3546980598514
685070 175.0325944687525
686670 180.54112120481275
687626 -4.4952931175437385
689226 171.12940833870204
690826 195.0097862483259
692426 151.0951569984715
694026 182.2946129996851
695626 176.7241420095015
697226 184.56890763690907
698826 178.7675695230696
700426 190.67570274760476
702026 185.05393089895443
703626 195.62895479342276
705226 199.41162367653817
706826 176.81747564556358
708426 187.0006463488988
709743 69.71074954196567
710869 17.540179505552103
711664 -18.061471797545167
713264 182.16920223602864
714713 64.4444872036288
715746 0.8509624734104051
717346 185.86863454084644
718542 41.72116344136697
720142 185.88535902484304
721275 19.396617228816538
722875 201.3466926001656
724475 186.20447387518115
726075 185.93167995837337
727675 194.7992384935134
729275 195.48056227834655
730875 189.84161752266502
732475 163.9385157644209
734075 198.51915320028013
735675 209.11974748332617
737275 203.04201563410047
738875 182.4076061234612
740475 211.66608935332926
742075 205.9655395086838
742259 -77.9614495138439
743859 201.9236952957547
745459 211.99721063031333
747059 225.75037662563727
748659 186.47766951149313
750259 203.39645551677307
751859 188.89345463668448
752440 -43.47506338211148
752819 -70.45820858459112
754135 22.001096024000333
754181 -104.18563337543483
755781 195.42782247729534
757381 170.36618438047816
758981 193.12436487285436
760581 210.97505833337337
762181 183.80314792010782
763781 188.04671020405567
765263 48.87576852221295
766863 215.05538368143496
768463 182.90681460050618
769547 29.71344857568741
771147 216.42346309993079
772747 190.27387085195562
774347 189.05750593056106
775947 203.06809082982727
777547 200.77159272296146
779147 192.22306192575644
780747 197.5444949835887
782347 170.8820041814055
783947 197.49917068334983
785547 191.9997570693792
787147 144.36377885772075
788747 183.26824512787022
790347 192.24457380540215
791947 197.9678735958767
793547 189.13228970373962
794461 -20.509113427407144
796061 193.9512911889609
797661 176.9488946236337
799261 207.0458518837208
800861 195.60560103456328
802461 188.40718076743858
804061 174.05255144508732
805661 171.58662090024973
807261 186.4800941101803
808861 202.0215859699217
810461 203.17302687869912
812061 205.65508096738563
813661 188.57239568483539
815261 195.63075092750137
816861 187.77489228032712
818461 187.9563191920551
820061 190.31588946523064
820815 -16.152118742947764
822415 206.85984870790173
824015 188.58649617894363
825615 219.12644521957125
827215 207.49830957432926
827829 -30.889847312871368
829429 198.67439281717256
830005 -52.86477195218708
831605 211.03939199518993
833205 185.5785323959246
834805 213.96946134579392
836405 193.89920163836226
838005 205.7985226143896
839605 221.79658669615648
841205 216.9422839176138
842805 226.8996262895564
844405 208.6066635166559
846005 204.84564155489076
847605 185.872649738836
849186 106.75517630061788
850786 210.06054061203943
852386 183.06384771471122
853986 239.27664101295784
855586 227.0232129682736
856682 40.630054732279376
857600 9.581074361054306
859200 217.14203971999328
860800 190.28082427456272
862400 229.3109912977463
864000 209.1351699494635
865600 211.128183879609
867200 206.37961416049245
868800 231.55285210967904
870400 170.7811707712082
872000 187.3431599459225
873600 187.40153495041582
875200 202.45141212423357
876800 218.088439090807
878400 218.81062530252706
880000 198.56805687247947
881600 237.72123065802768
883200 199.96214425343402
884800 201.98038175482185
886400 216.6477421031731
887377 -0.030200004715396744
888615 23.19850476380398
890215 216.83515472506392
891815 215.51409840514032
893415 220.26228111377952
895015 232.00014870420824
896615 230.68793244435088
898215 220.25426264594896
899815 216.14567138924372
901267 82.28804769126151
902867 220.91011355354962
904467 213.64011654254404
905857 50.56415752033067
907319 83.6633057593591
908326 20.646498428848957
909926 213.47415195369146
911526 213.0961348041187
913126 231.35752558651845
914726 205.99074891199248
915326 -29.999536386437086
915589 -86.28076135567015
917189 216.79572047172553
918074 25.114155730029182
919658 73.78628606532325
921258 237.21978589945013
921421 -100.28372917595816
923021 176.60935025498833
924285 29.73145190697801
925885 216.9301297985689
927485 234.5681528488942
929085 222.03686259010524
929708 -32.41655375579437
931308 231.40421999846038
932908 232.06210422048625
934508 195.073885418411
936108 207.92311546218818
936382 -69.06833978774708
937813 81.04875020757257
939413 188.19429894211515
941013 202.41773697349453
941137 -123.18952225382812
942737 209.9200795799036
943173 -52.428301775523195
943262 -107.61990288909463
943376 -115.33023162844653
944976 204.00007429218985
946576 196.75522430488834
948176 212.3481079019422
949776 201.5218678790989
951376 210.3628318073354
952976 205.7796784074807
954576 203.6555772430996
956176 214.65479977129183
957776 206.2957421826192
959092 74.22608824135523
960692 221.11331676117638
962292 200.84815086846012
963892 220.19906179209843
965010 43.06944391134775
966610 215.66230756388416
968210 216.08407598258728
969165 26.686045489243995
970765 192.90765131999314
972365 225.6042996801763
973965 235.3984268616941
975565 202.58968590616362
977165 205.65160620440122
978765 172.51480419284525
980365 229.9262053943962
981965 233.22436852538036
983565 221.97021659146552
985165 201.2546391584541
986765 229.71742946472278
988365 232.79381774966015
989965 175.3456447254346
991565 208.0758470181967
993165 205.17925422532116
994765 222.96351588152146
996365 214.7164399215139
996908 -43.060206730035446
998508 238.81731743246624
999590 -11.639327816627116
1001190 235.82694646358516
1002790 201.39977485161523
1004390 215.45641484355303
1005990 184.3445153397968
1007590 182.34088948148758
1009190 140.2886708494567
1010790 192.07242081824998
1012390 227.6016863424169
1013990 218.50113566394452
1014126 -94.21418252638728
1015726 217.68252357498255
1017326 173.5511156880757
1018926 205.2852422173569
1020526 240.33245967218494
1022126 177.92107378853834
1023726 215.93684546396807
1025326 200.40295142129807
1025515 -100.35822480658939
1027115 210.49011919375542
1028715 199.11050232634668
1030315 214.75179969306387
1031915 197.12216731383253
1033515 240.26118009941038
1035115 221.57674705439044
1036715 177.2820692364057
1038315 178.52400747623287
1039915 202.13219662881153
1041515 203.3977486020336
1043115 212.45026186743868
1044715 209.88459767822178
1046315 180.06231391306784
1047915 208.80785981634108
1049515 203.56048753231127
1051115 227.00333744625067
1052715 231.46890661914338
1054315 210.98696513515887
1055915 215.10085959547496
1057515 223.3546549937773
1057829 -71.51980385127104
1059429 223.94431263146083
1060909 69.35342943641922
1062509 200.53810966777405
1064109 198.44523808988794
1065709 187.8430234521529
1067309 193.41234263501747
1068909 209.68521169885645
1070509 212.53307505665305
1072109 211.32509674986412
1073709 226.39873743284264
1075309 146.62035889779744
1075839 -27.907963149566143
1077439 224.03837926666864
1078082 -21.627491619242278
1079682 209.87918316608824
1081282 218.52959514588318
1082882 185.51931923961027
1084482 198.77739364322267
1086082 228.02524726616323
1087682 198.69681939104424
1089282 213.9212755839042
1090882 208.45238492177694
1092482 204.52613576893629
1094082 188.04861698423449
1095682 192.5642677447703
1097282 244.06806467986158
1098882 234.29719746343346
1100482 224.54282551232978
1102082 221.74830559027083
1103682 249.3391257762369
1105282 213.89457529461438
1105614 -68.16334378042197
1107214 237.49286781416754
1108814 229.37995568182822
1110414 175.205735673942
1112014 216.2914269121171
1113614 219.47601936151986
1115214 245.10263612381416
1116814 216.68725789570738
1118414 203.317815591159
1120014 248.64552911237715
1120888 -5.944823238980007
1122488 225.95033949816334
1124088 240.6407978846291
1125688 211.27900259905707
1127288 236.8886982177683
1128888 222.33300962099958
1130488 216.90869302963046
1132088 217.29672544635082
1133688 218.70265201049955
1135288 219.42387648054216
1136888 232.47914376050676
1138488 217.90176804877436
1140088 228.94125877624768
1141688 184.4562476048283
1143288 241.86757981442423
1144888 209.5132336931348
1146488 236.26724046678356
1148088 230.25051845481377
1149688 220.0537356661816
1151288 84.37466323737527
1152888 215.1854776352562
1154488 244.26147991634718
1156088 226.7080348260692
1157688 202.5397332190872
1159288 247.14616826417486
1160888 213.27692209528206
1162488 235.91170749208206
1164088 229.37545445715605
1165688 207.85665060216678
1166490 16.92901576461452
1168090 202.17571516873258
1169690 214.6357271035372
1171290 264.60072975870384
1172890 236.75318642384403
1174490 247.87363185269515
1176090 221.86393853660636
1177690 244.99659066984745
1179290 246.86949627047807
1180890 235.78633158452914
1182490 235.6755720313547
1183204 21.03595694854917
1183803 -21.453467486850386
1185403 202.06023211850732
1185802 -53.19253799622905
1187402 213.6542597256294
1189002 232.11303433460904
1190602 221.18451164844143
1192202 244.88342332543888
1193802 216.98190106575154
1195402 197.0188999721497
1197002 230.02249871766085
1198602 216.73198457505492
1200202 243.45229025885288
1201802 192.71633494224255
1203402 223.77022376229058
1205002 234.8939977367458
1206602 224.58998324322982
1208202 222.41386072806011
1209802 211.28182806994405
1210271 -64.27743949647186
1211871 262.7595814169498
1213471 249.33066863143813
1215071 235.86517582925785
1216671 249.9607218578688
1218271 234.77616284682153
1219871 232.85394028482995
1221471 251.30485973536048
1223071 210.97889017859046
1224671 242.00999147242305
1226271 249.65902295749103
1226785 -35.8002822091474
1228385 193.96794289184675
1229985 232.2149102550736
1231585 231.45460092556246
1233185 217.42523509856557
1234785 214.64023333383588
1236385 211.00646363524447
1236536 -85.65456396372865
1238136 182.17064545606968
1239702 266.0821443493822
1241302 229.46415497092516
1242902 232.19500620548718
1244502 178.2498344797754
1246102 225.32791884468438
1247702 213.73061361745047
1249302 237.72590689640953
1250902 258.4335005649196
1252502 233.86057743195258
1254102 205.71696552306048
1255702 234.62679684471908
1257302 225.86271668587133
1258902 257.39326241464
1260502 209.57177701168754
1262102 232.33254816387543
1263702 241.70986992062376
1265302 229.13385353372914
1266902 253.12148020979078
1268502 213.32108439719994
1270102 244.1613646972878
1271702 254.61482563748683
1273302 208.79310660635488
1274902 194.64110804542088
1276502 259.20569648238296
1277129 -12.960277223695371
1278729 233.2700930255099
1280329 216.7466620570821
1281929 224.9794837108039
1283529 243.88058985816292
1285129 257.2490585629075
1286729 244.89856526119436
1288329 214.6318322409566
1289707 83.19771987003665
1291307 226.1918437746649
1292907 241.86545359050834
1294507 225.78748451976074
1296107 226.71806055444574
1297707 235.01768329175752
1299307 259.822635759389
1300907 228.35281023710493
1302366 109.53930905729626
1303966 254.78152286721365
1305566 215.14585479237383
1307166 248.7584917647564
1308766 242.5959015371664
1310366 245.13551969151285
1311966 254.1630780558068
1313566 242.06412873224343
1315166 211.99848197194657
1316766 220.86861262442812
1317396 -41.53805658965841
1318996 224.0427615922398
1320562 261.7395029025585
1322162 208.1408832958494
1323762 257.28329656838093
1325327 263.3900959222057
1326927 212.50108951279998
1328527 234.9848191886632
1330127 248.24248149541648
1331727 235.79477927732663
1333327 209.9533944953255
1334927 245.99389313630277
1335699 20.8878762443599
1337299 212.86841789790927
1338899 253.9199793939637
1340499 226.87657233865775
1342099 228.90934273423449
1343699 232.23620106213227
1345299 234.20622981601633
1346899 239.42346123454925
1347150 -76.75192086363833
1348750 255.38036948412073
1350350 249.86389366074147
1351950 252.7773526262676
1353550 227.77733694526228
1355150 223.75266901281
1356750 185.56961861781593
1358350 211.40204947843011
1359950 239.99652399496938
1361550 229.27354248224987
1363150 230.52601515888063
1364750 230.07034699797904
1366350 219.93338745725404
1367950 217.69384803750557
1369550 230.4967584896486
1371150 219.17621143450177
1372750 176.72451657176535
1374350 200.6465342015601
1375950 247.530389507064
1377550 193.7948271188378
1379150 214.63484198247738
1380750 223.7553005309082
1382350 242.68148616631683
1383950 247.05212446767518
1385550 217.5627908348419
1387150 245.61541808147174
1388750 250.50781684285045
1390350 254.8364284009209
1391950 238.23422245825967
1393550 231.93701259441312
1395150 231.9196158717524
1396750 232.5240447971025
1398350 212.7114053014378
1399950 229.93540901474995
1401550 222.4059093548256
1403150 245.99357268885893
1404750 229.13548196967622
1406350 242.2121455845615
1407950 230.15268259704237
1409550 204.10180872084422
1411150 234.2335318026275
1412750 242.8403686186809
1414350 205.24401749480293
1415950 229.93058966087366
1417550 261.61942690418715
1419150 237.06163713363404
1420750 233.207507445352
1422350 244.66405948707884
1423950 240.77291621915165
1425539 265.1577962577661
1427139 231.171542069914
1428739 255.99928494999088
1430339 251.97078898727588
1431939 252.98642947639019
1433539 257.75787282433873
1435139 235.6051553227222
1436739 249.1526025634371
1438339 216.76796117426227
1439939 232.21970711113565
1441539 248.1959703705806
1443139 250.412013993099
1444739 228.03250258098765
1446339 257.6518000658225
1447939 247.98958541550348
1449521 262.9166234557166
1451111 260.7884616864799
1451487 -85.62995349868388
1453086 262.89450962088756
1454686 260.60428532855343
1456275 263.81167910370124
1457875 242.91305259790096
1459475 245.56912842893922
1461064 262.53802490798086
1462664 210.78846418405476
1464264 232.20821947691715
1465864 72.88810487505424
1467037 19.07964947454417
1467632 -8.46992261275615
1469232 211.50398817087773
1470832 251.17777892142902
1472432 253.5439186300962
1474032 213.7491461884603
1474217 -92.17249091543879
1475817 227.9186801290188
1477417 255.9674739762731
1479017 233.04781506665776
1480617 229.75043410320805
1482217 244.0480376502265
1483817 249.17549548294463
1484555 -24.37078623773192
1486155 238.5925173742683
1487755 213.10475003517416
1489355 242.02822622564284
1490955 232.29152663856271
1492555 20.40311585445585
1494155 253.78550144634235
1495755 255.9788255836297
1495830 -110.66662875647408
1497430 235.33494664823627
1499030 251.78705662778222
1500630 230.5345563239105
1502230 209.76428673299017
1503776 264.8261539865084
1505376 228.13061641663643
1506976 235.60640979212275
1508576 250.6213535553744
1510176 249.2145963975725
1511776 248.31655298729126
1513376 217.0044805960516
1514976 183.56196415833116
1516576 227.7457278424668
1518176 204.96040838503325
1519776 224.89252607078618
1521376 249.3536377983826
1522976 244.0229480282036
1524576 247.06733921223918
1526176 238.69815957559976
1527776 220.69761343518184
1528053 -84.93307543253465
1529653 219.79088072326016
1531253 245.02128337707657
1532853 226.37823562751433
1534453 237.61167516041758
1536053 216.57438611372496
1537653 239.5531550936711
1539253 245.8051580221219
1540853 259.1956221215876
1542017 65.50156163857562
1543617 226.6178243051926
1545217 261.9029543017923
1546817 220.28355620820213
1548417 -3.214797339522552
1550005 264.092261762213
1550079 -109.46881216846842
1550653 -33.79789260478317
1552253 253.8046986715967
1553853 192.9970781066078
1555453 253.4212407017694
1556400 21.828596415743974
1558000 259.841206227673
1559600 200.73065944835147
1561200 254.19478118802368
1561506 -59.8053195137636
1563106 227.81638556564906
1564706 246.97499979323769
1564963 -81.02446029532639
1566563 218.1383672239293
1568163 253.0496235202921
1569763 214.3939218341717
1571363 235.10943754275942
1572949 265.7364092193316
1573019 -120.59946036095793
1574619 253.75952435908985
1576219 238.10993378496835
1577819 213.95990557425765
1579419 244.30786005568683
1581019 234.09906595243905
1582599 260.65208661327375
1584199 232.56828445523604
1585799 238.50508479462488
1587399 236.1476774483235
1588999 220.93132652680558
1590599 198.57717783831058
1592199 248.75403108174638
1593799 245.61490605380567
1595399 235.23148573008496
1596999 218.72456896677372
1598584 261.75673004790633
1600184 224.32596142759667
1601784 222.85992433881626
1603384 245.27700861427417
1604984 214.58712886941083
1606584 238.65479095110894
1608184 241.4058421842913
1609721 264.0839282403366
1611321 223.91140013292647
1612921 206.58800404709967
1613744 -8.212723937777199
1614791 73.70744446581176
1616391 260.8559021238593
1617202 -1.6504892099400337
1618802 179.15814048859644
1620402 224.53444228303337
1622002 250.90117414509234
1623602 230.3598204791555
1625202 254.18809462079787
1626802 224.33318650957432
1628402 220.77676670250224
1630002 256.3497665383682
1631602 239.85801785873954
1633202 259.1097592322442
1634802 222.0234313393548
1636402 247.07133011451552
1637973 263.0895179071159
1639573 232.71138886931436
1641115 266.680468527544
1642715 243.98267443371083
1644298 263.7784533475368
1645898 247.77450455666954
1647498 246.8883614411425
1649098 204.6832322082859
1649950 14.689665586206559
1651550 236.32584867551049
1653150 196.48504974625348
1654060 36.730157691913206
1655660 224.39745070657253
1657260 246.89131097950974
1658860 202.8894142412677
1660441 263.17164657960126
1662041 247.92145572713812
1663641 125.11834387694864
1665241 255.28547417743317
1666841 252.3207703861445
1668441 247.66198182398077
1669999 263.01332253318463
1670073 -106.45675474432484
1671673 207.59599988338385
1673273 252.04621272181916
1674873 245.59959905278842
1676417 262.05699230051937
1678017 257.82527913014695
1679617 229.76474291870116
1681154 266.464013765979
1682754 211.31318066065572
1684354 254.63136844131841
1685954 252.6822892605104
1687554 228.33637833660345
1689154 245.44926271874255
1689205 -106.66720806234082
1689256 -108.61121649979428
1689338 -115.00880218632022
1690938 231.38597569826766
1692538 245.7728061672105
1694137 259.75109554935415
1695737 234.0985401900092
1697321 263.92300329842163
1698921 230.40137023313264
1700521 256.39493150871624
1700671 -97.3727775894062
1702271 258.1434687616061
1703871 229.95985079191848
1704793 10.902026516306393
1706393 229.30979292785543
1707993 201.60715404418764
1709593 251.2371289872242
1711193 252.57718332960354
1712793 246.39437645088316
1714384 260.26658952131567
1715984 247.745787924845
1717584 247.5082295033884
1719184 244.38399567072707
1720452 54.52613412088573
1722052 232.17977044298132
1723652 248.3777738598356
1725252 251.81498994661433
1726852 256.03248565915715
1728452 260.98993047599953
1730052 241.9507033097443
1731652 242.4910050461649
1732394 9.244347431149336
1733987 258.84962605104704
1735587 239.0946999380565
1737187 245.71009734346288
1738787 246.15669141464454
1740387 258.6931858918969
1741987 228.9067382095067
1743587 245.5731073764456
1744340 -2.440009876236246
1745905 262.9864457527386
1747498 260.50743270748416
1749098 255.63572054174224
1750698 233.98515748360626
1752232 262.3771591105508
1753797 262.17405680629696
1754906 65.98339501694284
1756432 262.7789099186947
1757990 261.91389845550884
1759590 246.07632644381238
1761190 252.06826331625442
1762728 262.7544499379872
1764253 263.01211629245415
1765773 263.5721518807449
1767373 256.92992435570557
1768960 261.5272107370762
1770560 254.3013332194967
1772160 249.7723266434591
1772458 -72.83175531374104
1774019 263.1294796623602
1775619 250.79649425943916
1777186 159.62142313162707
1778747 260.25491146721725
1780347 228.3573707463541
1781931 259.66066695736333
1783531 242.4144349980243
1784216 -6.278203289959578
1784867 -11.486018552664163
1786467 233.3711311935534
1788028 260.7070826324047
1789607 261.27113527864105
1791207 251.5755841550915
1792807 242.83767087344987
1794370 261.1510113317024
1795970 242.8963923590724
1797543 262.39566005043633
1799143 241.25685331662757
1799278 -90.28904598801334
1800878 257.0663896949187
1802478 246.68368103626054
1804064 262.20690792860194
1805664 261.22197335916167
1805739 -107.91398007971856
1805878 -106.43264825660177
1807478 256.300349577793
1809078 245.4129185794201
1810678 248.1720124298639
1812229 264.8196923633108
1813829 242.21500494448807
1815397 262.28475834312934
1816876 267.77876587908355
1818469 259.7441209457207
1818576 -117.05605481553077
1820173 259.9016448334792
1821773 252.13796723750286
1823373 232.70114690941898
1824193 22.700610609619048
1825793 241.55694232315417
1827393 256.0655413995799
1828993 250.0437072081403
1830567 262.00298233984336
1832159 260.899454966652
1833759 254.19406011397035
1833825 -105.31594485698889
1835425 243.87799087199275
1837025 251.29964062254504
1838591 264.0932487517549
1840191 225.71292120282698
1841738 266.03301314764997
1842082 -67.29778385574247
1843588 268.8822503898541
1845122 264.60451309685493
1846722 239.25233242681065
1846832 -91.1913674671358
1848376 264.6400693307457
1849879 268.3344128728815
1851479 246.51928653860654
1853022 262.71174060763997
1854622 248.22071151517636
1854720 -98.5008946698873
1856320 252.1302272443152
1857920 225.86221921200817
1859509 262.100319800089
1861109 261.1770290085614
1862709 231.42277113355362
1864309 208.51413491345147
1865892 262.9455563524322
1867419 265.87200428318255
1868955 264.0987203946707
1870453 267.06815448702366
1871520 76.38192331659485
1873078 262.1336358857518
1874678 223.8293828885154
1876278 257.2705843563327
1877811 264.91096417785855
1879384 260.7201782168444
1880914 265.62720280782213
1882503 258.890277556263
1884103 247.83697950446546
1885697 259.85008066573835
1887231 265.59912361982833
1888790 264.5191024023996
1890390 253.44007372603602
1891990 259.2681108176366
1893547 263.5042852137552
1895036 269.3436291451533
1896636 256.800071733089
1898236 237.8723759756122
1899836 259.20768707250704
1901436 250.7745675478771
1903036 253.51696648071115
1904617 260.4106153501808
1906208 260.1154646067099
1906569 -64.24849502949917
1908169 249.77634049804368
1909769 259.60998552673146
1911342 263.63948210548705
1912894 261.6018062405101
1914391 268.96949720480484
1915991 241.8247255263417
1917564 262.3477377625114
1919164 258.9545869195386
1920641 267.7565427799537
1922241 251.3902248568171
1923841 254.5502592530522
1925441 259.3995568190952
1927041 260.89218125621625
1928546 266.99031394610654
1930112 264.9199979500647
1931689 262.99967297496227
1933289 252.9146229968058
1934863 262.66019560905437
1936463 255.43039502490691
1936960 -47.900694564423226
1938421 140.56904344980563
1940021 242.66047791718304
1941572 263.6500652740981
1942958 115.00208726418728
1944558 259.0688003809927
1945761 58.405739841226534
1947327 265.1956732482127
1948828 269.625446514736
1950428 259.53599680208794
1952028 219.4773258422148
1953625 263.5932710969235
1955225 228.46284015970298
1956777 265.17622146028765
1958349 139.85221955084702
1959914 263.4769868674201
1961510 259.676111150993
1963047 266.33958405553693
1963132 -109.61755084856476
1964704 264.9006495046709
1965657 41.992021247526566
1967226 261.87529204680084
1968826 260.6590463017256
1970426 245.87592283115626
1972026 251.8871059537785
1973519 266.20158459849205
1975105 260.07781298080914
1976705 252.37523785243124
1978291 262.9521027723401
1979891 259.47993107055447
1981491 260.80406773958947
1983091 255.27652302653075
1984608 265.6411942812676
1985669 66.05382480473205
1987170 268.37357321984297
1988757 260.2958031721429
1990357 235.24549262201427
1991936 260.4005277520157
1993536 234.52687829767063
1994603 58.36526199257992
1994997 -49.8818058368172
1996596 258.9097098743815
1997853 110.96354313448032
1999453 243.55286400409602
2001053 241.96163694675488
2002624 262.10744255012173
2004170 264.4912445053942
2005747 263.0774543126302
2007282 263.62566824100634
2008830 267.2539276054939
2010430 251.453584413597
2012012 259.77116613975943
2013588 260.90322751031556
2015093 265.3257333950945
2016580 269.17646566160255
2018164 260.4602893524405
2019721 263.5407984983189
2020996 89.57963102773823
2022551 262.38226918246073
2023621 82.99296067364935
2025158 266.85577310262624
2025425 -82.93844774628617
2026121 -6.996230822291054
2027721 259.3240797565563
2029257 265.54988748306914
2030803 263.1770381063718
2032403 254.22885147692386
2034003 253.36806926803155
2035496 270.3493064327012
2037091 264.46929929507274
2038687 261.473961887754
2040287 253.7114026326621
2040904 -4.4065879060166395
2042431 269.6344686651531
2043877 273.29933544896943
2045397 267.0033539447457
2046975 262.47150574684264
2048533 265.25610082838216
2049983 271.89878371741963
2051583 206.33321393711935
2051799 -87.99500821913655
2053377 261.97856315649807
2054877 267.78627544114346
2056477 261.7001510576342
2057130 -2.7122655957595754
2058730 230.01789692703366
2060245 266.7614057257931
2061824 265.23364053111874
2063413 266.32787835881186
2065013 245.97231821533583
2066613 243.9321833762397
2068137 268.82751962268185
2069737 228.4845968699019
2071337 254.60100180390518
2072937 261.67651785738053
2074438 268.7962985918236
2076032 262.50589985044274
2077632 253.8932432667324
2079148 268.3662854073893
2080735 265.3279019246432
2081948 90.83992392371718
2083466 269.8153892958254
2084947 272.2998255003505
2086486 265.9629794038608
2088023 265.86991082299176
2089623 252.33305308750298
2091112 268.0394622679708
2092581 273.4087371830213
2094122 266.4415834438737
2095658 268.1102367527526
2096061 -44.76285241859406
2096344 -56.44372236538741
2097822 267.46016119770456
2099294 272.51368009952483
2100894 250.43392056340872
2102478 263.28961143505757
2103952 269.2730795414081
2105030 88.94497327408473
2105557 -26.18126490254636
2107095 265.6401683019701
2108643 267.7552525625448
2110116 269.81375919967564
2111714 263.4490926561495
2113314 257.976404515674
2114845 266.7307601499545
2116445 254.7532723956183
2117957 267.7377637472052
2118848 32.79695110043161
2120353 266.4867929858623
2121845 267.5633062310451
2123426 267.00286361188034
2124385 53.5465665759632
2125088 -12.022607772952554
2126633 265.71276194991225
2128166 267.3349423118448
2129723 263.0739750002015
2131283 264.29488995696335
2132543 99.32523309937199
2133986 270.5192297707842
2135556 265.45314901010926
2137116 150.798219824706
2138669 264.63455206297016
2140144 270.9046692350259
2141744 252.01155191529247
2143344 260.7222630348856
2144944 261.19062774692156
2145736 42.04733292431277
2147251 266.77537315059567
2148832 260.7281134774663
2150402 262.0661746510028
2151861 273.0309338745965
2153288 269.65766266925647
2154871 258.99140325934303
2156254 89.83815983315512
2157854 232.89374444734864
2159414 264.14723989988147
2161014 256.6560508526074
2162525 263.25253746326644
2164125 243.34533089879727
2165725 255.7527666607175
2167191 270.9056813592053
2168729 261.86136971774954
2170221 267.9549574118367
2171672 267.26049824448177
2173254 260.8486560552514
2174726 270.9411381136689
2176194 269.63125175261194
2177766 261.9762272333638
2179187 270.3071299217828
2180771 258.8335595667344
2182276 267.0853309597658
2183437 107.96305289735082
2184902 269.4454879884602
2186453 263.0720655080361
2188053 244.72122890244464
2188950 50.12825164375835
2190550 256.8932338279901
2192112 261.25362728636685
2193647 266.5681007697909
2195107 268.0735179745569
2196592 267.5078477770388
2197279 -14.00891494072718
2198434 75.96028456206821
2199900 269.15660460271516
2201463 264.3226074494268
2203043 261.5317115936471
2204576 266.20427589808895
2206082 265.90449666760753
2207682 247.60808070948076
2209243 263.71773168622104
2210783 263.3649326333387
2212229 134.07475293595888
2213791 262.00033394927794
2215352 266.4306860565082
2216513 73.36648993592402
2218006 268.52330839739454
2219514 267.2226950833836
2220996 269.7060982455942
2222545 264.9046374018123
2224018 268.1558539842325
2225556 265.7901142406798
2227063 267.13880186254806
2228528 268.421139461624
2230010 270.1385646069532
2231522 265.50989147067156
2233057 264.2392330945114
2234543 267.5662126565225
2236071 268.5142350369133
2237662 262.68998633571886
2239168 265.1943454066695
2240722 262.97045047926525
2242298 264.27095745128713
2243790 144.96081164447213
2245252 270.95683962529887
2246808 266.3867378848984
2248352 268.4248391267683
2249859 266.55030579095137
2251292 273.24925130354654
2252770 267.70471310408544
2254277 269.51431261244585
2255877 257.19330760545597
2257441 144.40460839567086
2258955 266.8304576333038
2260555 238.52129377449123
2262119 262.68574919802757
2263719 259.3944189382979
2264752 54.840525622528645
2266189 145.2864441968904
2267697 266.8054138763786
2269222 265.58947476593517
2270753 264.8636533178333
2272319 264.4408383207308
2273882 264.0849769973336
2275429 264.14803043001046
2276851 272.22167101881945
2278443 262.2133854922641
2280043 254.24159852235195
2281517 267.84769852393475
2283038 264.3642505275237
2283173 -100.86228537240251
2284761 259.932709418293
2286320 265.53709067003626
2287915 262.5302576428072
2289374 267.8887950846822
2290323 45.6611042322547
2291818 267.35357398780127
2293267 273.5276668575446
2293816 -30.467809490339803
2295395 262.15939404340753
2296962 261.3540314587055
2298412 269.55588635885454
2299906 266.6905363360438
2301444 263.4395853822552
2302336 46.983165611448584
2303936 256.56257439322695
2304545 -12.335071751816187
2306145 240.3817820657549
2307669 263.6594320636797
2308998 114.10906716891927
2310598 260.2858047467686
2312163 264.16386088337794
2313742 263.41910992075094
2314413 0.9741382881828287
2316013 249.6336825840805
2317613 238.62720554337608
2319196 264.32704936511647
2320790 260.7149239098939
2322288 269.4875841891532
2323747 272.12491380087624
2325282 263.8210863560977
2326882 240.71818559912828
2328392 265.72534816561296
2329905 264.8837944114576
2330687 15.144511207760715
2332139 268.80287855856756
2332233 -109.23712619169305
2333710 269.2185316706294
2335196 267.34178262759
2336632 271.90221873712477
2338103 269.09302481627856
2339648 265.6069182180426
2341100 269.7192461066362
2342028 42.14657431430905
2343589 264.87945996524695
2345188 260.82519232488823
2346662 270.97570184121525
2347144 -25.252507115837204
2348641 270.42669453621545
2350241 253.948876289027
2351797 264.2555463138456
2353304 265.8912343358101
2354060 -19.52898428870617
2355518 271.60604664600135
2357078 263.6920681692129
2358629 266.29396067256846
2360090 272.6238137315244
2361356 108.29112238443335
2362830 268.22492993564697
2364306 268.80789570815466
2365882 263.54385379521
2367441 264.01173259302624
2369041 -26.665597088211857
2370533 268.3151263610261
2372133 261.46630331175237
2373733 260.6130954376254
2375207 269.13022753300385
2375344 -93.44688350367484
2376843 268.9536452908345
2378378 266.03672110026054
2379863 269.0631989633915
2381354 266.6696938306795
2381606 -89.02930491442667
2383055 268.89777798715676
2383969 51.64803816063255
2385467 266.0242404819435
2387067 254.64641902713618
2388609 267.5857396095996
2390209 251.5858345743533
2391757 263.1401234531325
2393328 264.7401378887609
2394871 263.9592594754778
2396471 260.0934378579604
2398024 266.5349583341914
2399512 268.4035880905768
2399815 -60.75892028284758
2401301 271.3971681599693
2402655 130.60108179586058
2404122 270.2990201299693
2404237 -91.89084300910744
2405751 267.3325066308782
2407250 269.5327218823705
2408827 149.08053157473375
2410317 270.32630927828177
2411917 238.1273838063767
2412570 7.79027826608656
2413775 100.88568442725261
2415375 263.7090171396192
2416927 264.0996631289461
2418516 261.9396904338189
2420116 263.56708110440974
2421566 271.69617051607594
2423166 248.92537320690255
2424661 268.2998271001787
2426261 232.1548835258324
2427725 273.7700180393582
2429223 269.45173323531367
2430804 262.6185368700143
2432203 145.1233510744102
2433703 269.4267744773606
2435210 268.21301592755873
2436810 258.26776818287175
2438410 240.36002164885284
2439955 266.540587687496
2441447 270.04355064478835
2442911 271.73554348333766
2443264 -44.079877302867644
2444864 263.1072776362491
2446424 265.0353910081981
2447889 273.82305665787334
2449347 273.6115488078126
2450774 274.13070827688483
2451621 46.633617408058484
2453221 241.3492498871354
2454784 264.9536865230459
2454919 -87.16419443176098
2456378 271.85525707015137
2456501 -110.67109397931398
2458095 264.505851008781
2459695 259.2798588845972
2460908 93.23621431143954
2462445 267.08722956253604
2463893 273.0240629946223
2465478 264.9138157633612
2466931 272.7365234004666
2468501 263.3908757864592
2468870 -71.22109069660429
2470344 269.4839343627757
2471925 263.7346087300115
2473413 270.6021462408915
2473889 -37.18327709809064
2475428 267.7410136929402
2476891 268.43606294218495
2478425 264.93339656955806
2479196 27.07802759886104
2480796 254.82384120343127
2482275 269.19944898081303
2483807 265.3023726566797
2485386 263.6118759321976
2485828 -49.047806215480925
2487328 264.0326742936898
2488153 29.10386274848824
2489358 84.88225950340106
2490855 268.08524370062497
2492455 238.17488292928905
2494055 253.1008898349689
2495517 269.49340121905584
2497110 261.7541732972719
2498666 267.1420401723252
2500237 264.47501339127194
2501788 267.0071129047383
2503343 265.6499067003963
2504923 262.01834399526444
2506523 255.5264792828873
2508067 264.1576172938204
2508812 9.595423102077689
2510304 270.84412612356243
2511803 270.6955414419926
2513287 270.95582589054897
2514795 269.36798886026
2516292 270.4616597233561
2517807 268.7688521949541
2519295 269.4866717482437
2520874 264.6751756589729
2521757 26.0717609197187
2523302 268.6023645963144
2524848 266.1776549469939
2524948 -115.75665851997212
2526536 266.1187708039526
2528056 267.38258052206976
2529599 265.65747570258293
2530624 31.696071471476074
2531481 26.596495189061088
2533048 267.2541657923605
2534648 263.2360417000871
2536239 262.0418707852462
2537767 268.6743969226536
2539270 268.9773642885256
2540831 265.9585759212337
2542330 271.417171606421
2543892 266.9222614945985
2545483 263.9873339205587
2546942 270.97448251773716
2548452 267.0807313772651
2550028 265.6313899703815
2551628 256.7038779879477
2553224 262.65222930742993
2554813 264.77737747283743
2556413 237.04655402771132
2557909 269.72442378779436
2559365 270.2761649874114
2560965 263.4832448222858
2562414 272.01753718037793
2563873 271.79914826594916
2565473 234.88994077154643
2567073 245.2214899958604
2568630 267.1616574464454
2570159 268.1255365163535
2570300 -88.95024155173358
2571801 268.50858127724763
2573401 253.3388388085468
2574935 267.1997999611253
2576443 269.4844453598639
2577953 268.95510770660934
2579535 263.15996133263747
2581119 264.8171804948412
2582627 266.78222172080564
2584111 270.67568675534585
2585711 243.5934265267678
2587311 259.5643394082113
2588834 269.9215460407537
2590369 268.2852347847076
2591969 255.67570569353856
2593452 270.60320747468654
2595052 255.75406115773976
2595382 -79.17146094005457
2596924 267.86430528566837
2598460 265.9625238428021
2600060 247.78274211067304
2601660 249.48409969976342
2603231 263.3724141189772
2604708 270.4659571450537
2606308 249.7360637295308
2606736 -45.98942210740829
2608291 264.3335638479968
2609763 272.4521167237272
2611293 265.45772154517175
2611524 -94.02216596256817
2613120 261.6992712045459
2614676 265.3226565607855
2616173 268.03981208212355
2617773 260.1096425792669
2619278 270.2502593236894
2620741 272.36747494210596
2622295 262.9896261601981
2623869 263.47983252230915
2625309 272.81521421570324
2626786 270.3537130734339
2628386 254.54516159998113
2629960 263.2880769761317
2631540 262.66596913654405
2631659 -91.48163918518928
2633240 261.59597567093135
2634811 263.044893782944
2636360 264.59846603181603
2637960 252.51916295289482
2639488 265.0489477643163
2641043 267.3452380997992
2642556 265.2836062938538
2643993 151.95156820121537
2645593 254.18537099495163
2647193 251.7024203386868
2648701 268.7816990544451
2650194 269.1846576878067
2651725 267.21570115440574
2652372 -17.745543509425175
2653878 268.7372229730726
2655405 267.72273240505245
2657005 257.0182379062209
2658542 268.5407460538602
2659999 273.2695204428633
2661565 267.2321658099871
2663073 266.5789918738557
2664619 268.618666797562
2666219 235.29469192179997
2667819 246.5137636143668
2669359 267.5634049095821
2670959 254.14152077239558
2672559 244.207010170988
2674008 271.20247323915095
2674508 -37.50905113552948
2676090 266.46624122291024
2677528 274.7945975380949
2679105 266.038528341759
2680607 268.64553174692963
2681064 -54.375628394819195
2682664 243.1449591961697
2684126 272.6603752966853
2685661 267.4199447383067
2687150 269.55376407825725
2688686 266.002070652629
2690286 249.50068625279695
2691886 262.94601349525664
2693486 262.23161896758444
2695045 267.8018859051385
2696645 250.90247954158852
2698096 274.5251069806495
2699670 267.88704112275605
2701270 263.2237929902202
2702870 245.42823342123637
2704319 273.2339396264074
2705871 266.8662476660996
2707471 247.6386553666181
2709071 242.05961302645883
2710560 271.963568587783
2712029 269.4544044154512
2713603 264.5755754779035
2714253 -19.24871813930244
2715756 272.6331407904963
2717351 265.4558666384694
2718951 261.7345084528847
2720432 270.8263212776988
2721922 268.96252351230066
2723427 269.11512757473906
2725016 266.5329612965799
2726578 264.927630403416
2728178 242.2517767041241
2729413 96.34133628239005
2730894 272.30886016164914
2732494 250.80612441298382
2734043 264.25127870459414
2734200 -81.37700662341062
2735759 267.93413792042224
2737318 267.61525088146294
2738880 266.09649909718905
2740428 266.36500499087117
2742028 252.33799435310166
2743584 126.52304407693134
2745055 271.9706190259789
2746655 262.2134590765569
2748255 218.62477079717877
2749618 112.43844350010298
2751218 252.3259058521673
2752789 266.05320323970585
2754389 233.25590279127104
2755882 272.43048593293804
2757388 267.97933240950204
2758846 273.7795675773516
2760446 100.46765232673063
2761948 268.212696148359
2763492 269.42011103330213
2764980 269.7483113369951
2766580 254.54939773265326
2768180 260.9993615058386
2769780 246.8506772167101
2771380 253.09810965738654
2772980 260.49276317283733
2774580 258.88914466198537
2776139 267.4139204703379
2777739 248.31698495183332
2779339 262.3378373410036
2780833 269.4157113996773
2782427 263.59655037648093
2783956 271.9730561237
2785475 272.0490825645239
2786962 272.1631624258369
2788562 247.70971105970762
2790085 267.16606383104363
2791678 264.6020866153404
2793199 270.8607427895202
2794799 254.61830510424133
2796399 252.15749678271717
2797936 267.1629905006821
2799536 261.30038855915507
2801010 272.5422619718743
2802555 264.4089064632568
2804031 270.0513456066966
2805506 273.2765453116493
2807065 268.16306704200883
2808643 264.9736142414127
2810195 266.9426967727434
2811739 264.1398754480847
2813339 255.86675713063318
2814911 266.30174641846463
2816469 265.6779675983055
2817967 271.3825845550197
2819567 254.49336826637625
2821150 264.1987842518311
2822704 269.2635994779777
2824304 248.80718483152774
2825904 259.90674824696225
2827504 251.30022454552181
2827591 -107.49817616133144
2829064 271.363518241912
2830616 266.84288135479125
2832216 248.1292277012897
2833666 272.29620528206686
2835264 262.8404985354745
2836761 130.04204620719685
2838280 270.4196354590903
2839875 261.9701125343038
2841413 270.24660394910086
2843013 257.29071657629953
2844562 267.5520731143124
2846162 254.36371821830406
2847734 265.5044201688168
2849290 265.637958593609
2850478 98.85122049058592
2851957 271.80636643779843
2853519 267.72814259737424
2855073 264.42316634966346
2856660 264.748560267747
2858253 264.77412255409774
2859803 266.09808210234866
2861403 257.61707236527633
2862919 272.2279907687638
2864472 265.8505263764513
2865938 272.8404253527106
2867538 263.5121167857612
2869138 262.3437201536871
2870738 247.67125914186502
2872246 270.4080070395624
2873846 267.02468753283625
2875437 267.62214948953067
2876353 52.028664590566564
2877828 272.9128026523183
2879428 254.8226986650463
2880880 273.78838226818687
2882405 271.24780297100915
2883947 266.27743507643424
2885547 259.16902589444925
2887002 274.8594904268835
2888571 266.0771880681235
2890162 264.1829375090285
2891716 264.8045014319474
2893181 273.4702550800956
2894677 271.7782582961007
2896200 267.2108136559571
2897800 257.6484716104178
2898640 3.540917058278737
2900219 265.2699401269108
2900404 -84.06610063991882
2901875 272.43681057456524
2903475 261.16671271426327
2904936 274.47798679442036
2906473 268.97303514914665
2907969 273.61515347468014
2909569 241.57997663857654
2911169 262.27393133222597
2912755 265.06198757061856
2914275 270.56103457125494
2915875 234.30102609138575
2917475 258.6643805037524
2918913 273.865140007562
2920486 265.0581908058571
2921973 272.21151605695815
2923496 267.70575785216914
2924949 275.19365305117935
2926549 250.99381025324584
2928059 267.8733703605528
2929659 249.77904681952796
2931116 272.9067236176137
2931218 -105.10949020858172
2932704 271.6652499794508
2934304 264.4267132045162
2935904 252.96597703888733
2937469 264.7733963882339
2939036 266.37341769371244
2940568 270.6083614995633
2942168 238.263821751315
2943694 267.10800262888665
2945279 264.0455843000669
2946832 268.09056257525634
2948432 243.26205727327988
2949916 271.8951785812739
2951497 266.70946429321685
2953097 251.51962802006028
2954611 270.55052976979687
2956211 223.66336763131454
2957773 267.8049321716028
2959351 267.00574170781545
2960909 265.39960274942473
2962406 269.30580530015607
2963901 272.2460749879507
2965449 268.9473538034775
2967031 264.5548883351463
2968516 272.28392228496324
2970012 273.0863748495581
2970123 -116.5464026192613
2971699 264.6130548372527
2973234 268.50305252173416
2974735 269.55655915610475
2976217 272.8977690938678
2977702 270.20424024319806
2979219 269.3844220011999
2979726 -19.65253834068899
2981326 260.7673121886139
2981419 -110.44819978320226
2982921 270.5318369603744
2984455 267.73843257701986
2985988 267.7699078116553
2987409 275.17276779824357
2989009 234.29193621309426
2990580 265.64007163890153
2992114 268.6228631007167
2993628 270.49223752277857
2995228 267.6128885055785
2996659 277.52954449261597
2998178 270.8507632546994
2999709 270.2056596176223
3001279 267.578358795791
3002871 268.4515826286134
