# reward.txt contains number of transitions:cumulative reward
1600 -110.49622497519688
1697 -100.77322113642562
1741 -106.29178922860139
3341 -111.895021209431
3404 -113.28883679903252
3481 -114.97001407593986
3590 -125.07330166617282
3643 -111.35474534924764
5243 -113.37602034322711
6843 -118.85640731326616
8443 -109.86896145881126
10043 -110.10462217243133
10114 -104.07104585846949
11714 -108.2004584476894
11795 -117.10226290145081
13395 -113.74085829825984
13482 -102.04259043435938
13552 -100.75429743633234
15152 -108.76248330875198
15202 -110.08288468073557
15264 -104.1415484365914
15321 -111.7796504314486
16921 -113.50557553139667
18521 -101.89061363059399
20121 -110.6748255497338
20206 -102.55037752053451
20257 -107.03096891802859
20352 -102.81789030499694
21952 -103.45403563113132
23552 -96.74996579966945
23601 -106.12961938419193
23671 -101.87917378094295
23766 -118.12259723461109
23830 -105.2366232669518
23906 -100.15132073811256
23951 -112.72953362427528
24034 -120.83189748121116
24103 -98.59687849324817
25703 -108.67986829268655
25789 -102.69877135335747
25848 -103.66518618417345
25941 -99.2317988097438
26001 -104.19075062093464
27601 -94.02337822518773
27657 -113.50155532734779
27706 -109.8997188089701
27779 -100.72430813592486
27828 -103.07520414618962
29428 -104.99844128860374
29478 -114.0805885647107
29535 -105.35160044669422
31135 -103.45239238112656
32735 -113.28741896220792
32778 -113.67876659140921
34378 -104.31105626742554
34465 -114.05246134471584
36065 -92.50240685767477
37665 -108.84873225701196
37747 -105.29984168239372
37836 -107.36417076948045
37882 -112.6178718130545
37996 -114.80003632269799
38076 -104.16219325259638
39676 -106.83153545614672
41276 -99.42732194601525
41339 -114.92789457651848
41427 -107.72375972371051
41469 -107.27312671214901
43069 -104.1245733726449
43120 -109.86991993557537
43230 -123.75392172773695
43288 -112.4066120664558
43431 -123.86945717474012
43496 -99.65551363042307
45096 -89.2594171541486
45181 -121.16165559278366
45245 -101.42330387100267
45295 -107.6286516596234
45381 -108.23812686926561
46981 -99.0910937147521
47025 -109.49846997487917
48625 -112.51522164736133
48707 -102.84650648918795
48784 -116.72482079517113
50384 -92.75773464796735
51984 -86.12095000907685
52050 -109.424231988001
52106 -102.44843452362902
53706 -84.13638019733591
53761 -99.97150039686
55361 -90.13596402345198
56961 -87.25499614157503
58561 -90.433462948975
60161 -92.677511140116
61761 -91.64117102530328
63361 -84.45618459540256
63414 -110.37826911995747
63459 -109.7615348749527
65059 -83.8717449858337
66659 -85.64656586497016
66714 -115.78647744722322
68314 -89.85123127734126
68388 -112.6752179129074
68530 -111.14706921146065
70130 -93.35668634658177
71730 -92.58137256824156
73330 -84.80236051009139
74930 -91.9712926466594
76530 -88.70525458993723
78130 -86.82720937626124
79730 -82.17512502261145
79789 -113.19758842419833
81389 -78.61839987992522
82989 -83.25022575650972
84589 -91.85425636538986
86189 -81.29664556112841
87789 -90.71191338034895
89389 -78.82125576593555
90989 -83.28170420089809
92589 -81.23048256226251
94189 -82.8567031532793
95789 -85.96926232081888
97389 -84.37790817278434
97439 -115.5521884023451
97539 -112.08157190132638
99139 -77.11592625125972
100739 -87.25642202454551
102339 -77.14332149139113
103939 -91.45654377101059
105539 -81.84480468654068
107139 -77.78509221458484
108739 -75.86397238045805
110339 -84.8116164247128
111939 -72.21432939242132
113539 -73.97807350345401
115139 -79.12305543566367
116739 -81.36859426407202
118339 -67.21670965874061
119939 -78.93627545561822
121539 -72.09873687366509
123139 -72.41701546149082
124739 -74.03763482463083
126339 -78.95926558088196
127939 -73.6446316631636
127988 -109.49123696282382
128062 -111.92071165263094
129662 -65.71340411733743
129756 -117.52788347603504
131356 -64.99775570241988
132956 -69.28881498239784
134556 -74.90988922046373
136156 -68.11913112816895
137756 -74.92695970083093
139356 -67.968477422007
140956 -75.7098367043815
142556 -61.63034226402951
144156 -52.854197783269036
145756 -68.1518376705062
147356 -53.817620064952074
148956 -67.70602039617917
150556 -59.83755715371484
152156 -58.014606492887594
152218 -118.15450866855976
153818 -53.36504507581394
155418 -49.885375148349276
157018 -52.84605441380977
158618 -57.65667542811228
160218 -48.56910111335912
161818 -43.84749055611868
163418 -53.19793733915247
165018 -43.392909607527805
166618 -35.50565317835291
168218 -42.923654511081594
169818 -44.695604577994324
171418 -30.51467784828474
171529 -109.52807722208773
173129 -39.10994651866642
173184 -111.53789195202478
174784 -41.83781391175952
176384 -31.020470954488047
177314 -121.56483203758208
178914 -44.88290064499313
180514 -28.145961475491198
182114 -42.040854644549086
183714 -32.42562888103222
185314 -37.64018930981269
186914 -48.40048593645383
188514 -38.483449498521196
188596 -104.19186137808798
190196 -42.834939996561
190922 -116.80939768910176
192522 -38.74047620351297
194122 -36.130876844127634
195722 -46.56578493997912
197322 -50.11218149181024
198922 -41.32658274426312
200522 -36.338307096596516
202122 -36.20829972283233
203722 -40.809916316519136
205322 -29.021695489308787
206922 -38.85507005419082
208522 -42.056145943144195
210122 -30.789789914583174
211722 -36.04099711441714
211781 -101.64721743266425
213381 -25.586313023969844
213463 -105.01217047878106
215063 -34.40664651100614
216663 -31.37675731637737
218263 -24.23990829977986
219863 -32.64093819438051
219956 -106.33267297300758
221556 -32.0253389882095
223156 -36.14014819913112
224756 -25.999085197350137
226356 -33.11469813707939
227956 -29.169988506972178
229556 -31.128083679821277
231156 -16.333458037008192
232756 -32.21342237051823
234356 -28.7227414022927
235956 -38.798755813612644
237556 -34.48001502408492
239156 -23.305136296799777
240756 -24.673248447783877
242356 -18.531942563827567
243956 -22.751238322252323
245556 -26.596060772643725
247156 -7.663507669482702
247716 -108.32612923435836
249316 -11.283536928768928
250916 -17.071197714369724
252516 -22.403544954033894
254116 -11.481804087448111
255716 -29.578032470690722
256888 -111.21257608651275
258488 -17.270202824318165
260088 -6.977638877923905
261688 -10.8677793819538
263288 -12.324269960656938
264888 -30.073117999981076
265504 -95.88039041834014
267104 -19.63691484825033
268704 -6.40245848164612
269681 -104.1494535828132
271281 -10.99241263442629
272881 -12.583976575062314
274481 -8.551211739238962
274561 -112.42633224882061
274685 -98.01489416908535
276285 1.6805116962849451
277885 -0.32789318126284567
279485 -21.838791054985805
281085 -1.7468469945324314
282685 -9.33424060743315
282772 -101.517491385219
284372 -13.226144749339046
285972 7.076452729452698
287572 -10.211395718926871
287992 -103.43426979775231
289592 -6.145553660396166
291192 -11.728350027124872
292792 -14.11026634941716
294392 -9.130398382643715
295992 5.55236809692315
297592 -9.472549487517824
299192 -10.696580725908987
300792 -6.517149784071929
302392 -11.72104775251354
303992 -2.89052387806695
305592 -7.7109449017252985
306695 -102.85690931478453
308295 1.1257727881120567
309895 -0.7062699916853206
309981 -118.39494831989893
311581 -0.520161491325436
313181 -1.4031360505890804
313729 -98.16573757993741
315329 9.205140929286966
316929 -3.819954345218831
318529 0.3829276866841382
320129 0.43521436909571193
321729 7.518316223876391
323329 14.642964572043471
324929 3.8931745300162426
326529 -0.45634221374740636
328129 18.24224262482485
329729 6.264703756531077
330997 -103.42746171854748
331074 -119.72540082855119
332674 6.476075695707604
332748 -112.55297966067678
334348 18.09227984639156
335948 5.376235284210174
337548 -3.1402246696511273
339148 11.378626485486848
340748 -0.2265072626080355
342348 18.992152551105544
343948 5.696408933502928
345548 9.231435969551859
347148 -1.4883662933440323
348748 -0.07504318460915946
350348 8.147917031722143
351948 2.597920605936715
352943 -98.41669670801485
354543 30.099209119126357
355274 -85.68713854227867
356874 20.147926081349745
358474 10.250529807099323
360074 15.076068517570699
361674 -1.347012571008193
363274 11.947717053904805
363842 -99.9756675546933
365442 5.873411673644559
365539 -108.9616467841249
366292 -87.32261494932013
366725 -99.82986074614773
368325 9.603800147543506
369925 14.033887564877038
370504 -95.481573402212
372104 25.03251924649559
373704 12.351936332153786
375304 15.963021465487358
376904 6.82105320909246
378504 17.96744739672231
380104 19.58572738163878
381704 1.1471593492714036
383304 25.51762665443181
384904 13.438914135875818
386504 10.028102594249257
388104 1.8738961715710643
389704 -3.1551715876817052
391304 24.100416454537122
392904 29.23582318226637
393530 -98.14470074933332
395130 28.052886689489394
396730 30.326933316165583
398330 19.15916275623192
398423 -119.63186350650527
398492 -115.98384135958676
400092 19.508387998189495
401692 24.20148360591134
402536 -102.01099953256485
404136 29.08113892031334
405736 25.572037946103745
407336 13.684890165780363
408936 27.033699006758003
409021 -104.1390140155917
410531 -81.52185811205145
412131 25.092978502718655
413731 22.06558924129818
415144 -79.78805117175389
416744 34.47762526019844
418344 15.960704394570923
419944 7.656152967335961
421544 11.430513661726994
423144 15.7101367354449
423196 -111.94408071409786
424796 17.01399485740422
426396 19.803160121526595
427996 12.797160574386808
429596 16.747768712877622
431196 27.346196679092767
432796 29.558974403078906
434396 29.39405632085459
434574 -95.63171471414994
436174 35.835834862830666
437774 27.019710778872163
439374 26.708132115429855
439753 -89.35263550436434
439986 -93.98127414679279
440061 -102.90054773770241
440850 -87.19266515065914
442450 38.25771469904622
442680 -99.54244392649643
443020 -91.20987657358745
444620 35.12352938097837
445039 -109.42622177033437
446639 47.4492715812802
446986 -100.83954883761052
448586 15.772492219002284
450186 40.81784691395771
451786 25.570374692363625
453386 36.831527976467186
454986 42.8050173102499
456586 31.73463144911826
458186 28.88583593660188
459786 32.11464363588209
461386 23.264936247597287
462986 42.98287519468096
464586 35.316068092679764
466186 37.92415417879573
467786 35.66813767786749
469386 38.840641136456256
470986 54.2154611898873
472586 42.43370580157884
474186 18.58360565301498
475101 -74.31177609020672
476701 49.65643615114347
477163 -98.9789931549228
477294 -104.02713550056393
478894 48.57121821569343
480494 43.829603763345666
482094 41.9494794518227
483694 50.08064585702121
483791 -117.33172458666533
485391 37.3238344796666
486991 31.71071346358519
487943 -72.53641318398559
488057 -95.42509759909288
489657 42.62060231869757
491257 47.52256256077035
491297 -111.1153196532925
492897 40.92195221505503
494497 50.84810462877332
496097 49.07199573265136
496835 -89.89604615803003
496959 -93.89585366047919
498559 34.5564393308911
498607 -108.60709944266422
500207 52.32499618990591
500355 -107.03713537781873
501955 50.71622292187812
503555 42.611812609560815
503614 -108.21058728152762
505214 36.18665161809479
505272 -111.17692396787865
506872 37.33326230803506
508472 47.48302840289897
510072 42.52590542103601
510226 -95.33477432550738
511295 -74.32057265917183
512895 29.40377173312686
514495 62.710355652745164
516095 53.44170328081085
517695 50.00096015100701
517746 -110.75413052542446
519346 47.56293642712007
520946 59.59197524572312
522546 42.584522289434496
524146 60.50558714631512
525746 46.261695495597394
527346 54.085485847114576
528946 60.69066492860767
529075 -93.96676441091361
530675 56.42065419304114
532275 49.64188364152925
533875 54.43199677183205
534984 -63.53804351190293
536113 -70.36817451461654
537713 56.164220106973545
538854 -78.92443198089305
540454 46.64503398424944
540888 -85.19049614144365
542488 37.21364589056862
544088 41.77452746243801
545688 46.60929970029615
545813 -91.90330815450164
546644 -80.31206657058684
548244 59.96010708805486
548832 -86.10261944303475
548919 -112.23669692075315
550519 50.52741928005032
552119 31.81993838435224
553719 50.598609329869916
555319 59.05407286765868
556919 51.55746706730632
558519 39.151916535362595
560119 47.793604395160074
561719 41.87440204899651
563319 47.97067554973879
564919 59.46661675628343
566519 30.298734184898343
568119 52.66507137926479
569523 -59.251728489531814
571123 55.32854134655583
572723 57.504538565884644
574323 55.17235464280583
575923 54.23581421972094
577523 52.74424785182125
579123 48.9456801290527
580723 60.61071206096088
582323 63.87418888204727
583923 50.09150519662564
585523 68.60933713792784
585596 -111.82692514898814
587196 67.24733403857763
587278 -111.30857382908215
588878 67.67853950254657
589237 -93.60029674849878
590837 64.24886758558647
592400 -57.524256170019186
594000 70.10798521866342
594545 -90.98011205483382
596145 57.108318831415204
596957 -91.56249386116147
598109 -53.03015326682045
599709 57.24768301965978
601309 50.82914041688417
602909 41.36326832642533
604509 58.52339886895259
606109 60.87987514528248
607709 42.372165389512624
609309 54.50998304276052
610909 55.764722012901714
612509 50.99191783495493
612589 -105.44562942144958
614189 34.647192509042455
615789 37.67924803330127
615899 -102.326410850883
617499 51.820300718992314
619099 48.28338337193806
620699 39.94572800603916
622299 62.73401487422676
623899 52.03358730471633
625499 62.5021281189278
627099 61.63872852416308
628699 49.01236883045983
628955 -100.68971639173415
630555 58.52889027287637
632155 59.13018078028839
633755 40.29678782568744
635355 64.42822239404715
636955 36.23816765394476
638555 61.528047817539445
640155 59.84633273582546
641755 65.79595280159137
643355 62.47353079966954
644955 66.64658635466039
645538 -79.36905104290013
647138 62.79293277174425
648738 46.9675223144019
650338 62.50296629555188
651938 63.65585345678383
653538 68.16462646076714
655138 44.71342527926957
656607 -47.91437297864783
658207 57.421315091615504
659076 -72.7810352531771
660638 -49.508907618540476
662238 42.69821251999808
663838 67.85743629660818
665438 59.82080202295184
667038 66.02539812353513
668638 41.12220019713975
670238 43.884339295234945
671838 63.01953821276946
673438 54.53565726265073
675038 67.50924779714086
676638 73.61929346465831
678238 63.653050454721175
679838 74.9682526412625
681438 44.172255019769075
683038 70.57824735810765
684638 83.30840027999736
686238 69.3314033980384
686312 -108.59460945678379
687912 64.4896718451849
689512 80.68526558806083
691112 66.96884695693437
692712 74.58211271405332
694312 61.003266784356526
695912 67.00074188115067
697512 84.49608950988646
699112 63.82856754695776
700712 73.52256226106373
701352 -70.3892375670066
702952 89.29002277985886
704552 83.67446670136265
704968 -88.33248388737066
705069 -100.5333304919315
706669 81.57143694884026
708269 97.63678622919622
708594 -78.4406561455441
708695 -105.42692220500018
710295 83.23413342634957
711895 91.51505400857444
712297 -87.92939500192149
713897 89.74773746065979
713951 -111.03735154638873
715551 78.66123572547265
717151 56.66572850790121
718751 89.66016678096659
719022 -107.41211205346137
720622 88.05641979196831
722222 65.61582798844766
723822 89.43020025241343
724636 -44.0813559952378
726236 99.17914278172644
726289 -111.50897773605772
727889 91.5188029870278
728935 -59.20219466437957
730535 77.40410507619083
732135 82.55990409767104
733735 77.85544849271679
735335 78.20342219628581
736851 -38.95629449011012
737566 -57.932592455067024
739166 69.49442004176854
740766 91.03689208954016
742366 77.2454425299804
743966 88.44595338123968
745566 93.83064681808898
747166 88.67518536357318
748766 92.2590383947263
750366 106.2019704779502
751966 91.43539423450156
753566 95.32908902655295
754067 -79.34948526607019
755667 112.86483401303873
757080 -7.756730183775616
758680 101.66800885562719
760280 113.39813158724353
760341 -110.86364056375623
760390 -111.5735819527631
760829 -79.37703361355992
760888 -112.44092406711542
762488 105.25025122420452
763718 -30.79742788028497
765318 92.74596450651083
766918 109.69109125440602
767623 -65.82686401453182
769223 103.72989595289705
770524 -16.407656001539706
772124 88.32161597242647
773724 94.40658618532606
775324 101.66307318093745
775400 -113.33804326542095
775741 -88.2639793524792
775803 -102.20527782381481
776725 -55.10622345315419
778325 96.2586353957236
779153 -53.221671269243
780753 114.2905034092279
782353 88.59157934304955
782516 -92.48552323516209
782817 -82.64027954927585
784417 104.11112037015228
786017 87.58690534807862
787617 91.739276878645
789217 100.98678133977386
790817 90.77944831994934
792238 -13.669951284771173
793838 112.00951052011128
795438 94.57387185949099
796666 -27.68506464250703
796763 -98.66087243051393
798363 88.8243203517465
799963 104.76765612052372
801563 97.07112890498989
802576 -31.691830285523082
804176 107.5828722389754
805776 113.3823962992332
807376 75.2755156694213
808976 114.16099574849791
810576 103.39313756227298
812176 86.94377227587384
813015 -52.46427320302557
814356 -29.562075972326753
815956 97.60266780151
817556 98.76648204844687
819156 101.85802598868491
819827 -69.09960753601824
820120 -83.08265056058391
821720 96.98846291070238
823320 101.56698687261748
824920 97.580878389821
826520 58.65109969346034
828120 98.49311547471206
829720 95.87283891254246
831320 102.6390477512274
832920 93.18701246797926
834200 -20.489379839621805
835105 -21.175241418987866
836705 116.31056197269619
838305 109.27495139742155
839905 109.60287933977699
841505 110.78917132086197
843105 108.11352684558108
844705 106.29549587343344
846305 95.07894738776938
847905 119.31422534501499
847989 -112.76446006966631
849589 116.84047661244924
850158 -71.18650258883802
851758 115.39425250899173
853358 100.49366418767593
854958 125.65348752802683
855426 -61.566051610566674
857026 120.85864384598287
858626 117.48883240010402
860226 111.22953646242043
861616 -1.3518140621279144
863216 109.08766632223136
864816 121.66053002750793
866416 119.19359853341638
867676 -11.015817062875314
868848 -11.851396170243632
868951 -94.00248419889125
870453 23.112796543917142
872053 119.14461648166926
872525 -65.34847064569283
874125 116.0278434057478
874257 -92.03885030364958
874803 -59.41987867196306
876403 128.02089067199532
876478 -112.64107644588191
878078 138.8634501978539
879678 125.97107436775666
881278 134.94294595577188
882878 132.8306156291576
884478 114.61158439164991
886078 94.55942529471771
887678 109.92010112781824
889278 123.55074695017807
890878 122.06615926193379
892478 121.86950562306185
894078 105.39557154941309
895678 118.89962841932778
897278 124.35271053153582
897399 -91.9831266048917
898999 130.09709810082296
900599 134.47615971806448
902199 139.12695387513565
903799 127.63542588639024
903867 -111.02681627564814
904003 -95.32987212964986
904133 -99.10410404153913
905733 129.92332621841007
907333 141.49322324920206
907385 -112.78808395833148
908985 130.9905654676094
910585 128.3738819287392
910721 -99.30422243738361
912321 135.406585571606
913921 141.49021224346058
915521 119.1733232899222
915623 -125.11744437290108
915752 -100.96255738925313
915832 -112.77970257669625
915964 -130.84014939553293
917564 108.80212731073517
919164 120.29959891119026
919268 -129.58695693039056
920868 148.09079580501066
920952 -116.53795795315877
922552 133.59326395881914
922617 -117.66392053180437
922674 -112.9212612182883
923941 -11.86302447721755
925541 135.20355906661462
927141 128.1778224207648
928741 118.02870368338016
928830 -101.83837379362248
928885 -111.01798763764836
928958 -112.70459195737044
929068 -100.07272765141414
929367 -103.07026678956238
930967 120.74294470319546
932567 112.09077767566183
932693 -114.7666499579257
934293 119.56544769594244
934431 -135.22213134495573
936031 103.64622802156887
936733 -56.25249862274797
936866 -99.47452452368537
936943 -111.0720586841839
938543 118.16887604917513
938624 -113.22103425024015
940224 121.38191903473925
941824 115.10254947614489
943424 114.88180110599191
945024 125.72209050998711
946624 100.16191987930851
946725 -101.449900355046
948325 102.65504833716285
949925 104.27359372317859
951525 117.72239712065618
953125 114.95372923172735
953226 -95.69062557685686
954826 119.72198528565721
956426 112.48615017392136
956565 -134.492112329904
958165 105.08424403374828
959765 97.26613192107368
961365 117.04561011498392
962965 118.2173088378385
964565 100.38634610141862
966165 120.68345269915842
967765 100.46691995978529
969365 118.62361403192361
969455 -114.45128023034148
971055 111.25291266904692
971126 -111.92639611457784
972726 106.11432435409858
974326 117.60192136996592
975926 118.61757659891124
977526 130.91112928509938
979126 124.49572172286999
980726 131.5259424424103
982326 131.5530570404239
983926 133.26967014719813
985526 136.41927466635232
985763 -103.75313477070816
987363 149.775190348951
988738 4.923701111936424
989127 -66.37111983931436
989191 -115.1391734883779
990510 -1.1701816038468138
992110 138.74783910076556
993710 121.96818923603281
995310 123.52055838267822
995471 -123.01654804330568
996223 -45.80208658939193
997204 -22.964904808856247
997273 -102.41249369551862
998873 134.9731329537429
1000473 123.03813605617488
1000576 -116.26485347733647
1002176 157.55817152578632
1003026 -41.52892569503841
1003810 -52.48793260885811
1005410 126.41372086281004
1007010 134.89035815347054
1008610 133.18467675406916
1010210 132.3635540197676
1011810 140.27308526545855
1013410 150.03162525607848
1013459 -111.17053320820195
1015059 136.6411991429615
1015204 -102.94923296123991
1016804 139.53139447704234
1018404 138.08633850144955
1020004 130.90199048937467
1021604 125.26859024097114
1023204 104.71864224588256
1024804 122.34025512554554
1024891 -122.68696157459729
1026491 131.04386975538347
1028091 130.9269220700282
1029691 142.595570906243
1030433 -36.64816174736872
1032033 143.95043532857798
1032164 -109.52596366723131
1033764 129.50354919782683
1033886 -96.43073359815652
1034205 -78.90762255950953
1034308 -94.53629609319692
1035908 113.93589433872631
1036665 -73.89230301042835
1036777 -95.48380576540654
1036848 -113.6434616920439
1036947 -95.48101283805197
1038547 130.14749720600358
1040147 125.89949162499785
1041747 118.87725318536695
1043347 122.06677398572184
1044947 141.73809312158053
1046547 113.5976111970115
1047711 -31.454461917385643
1047791 -116.19247921599572
1049391 127.19553770442381
1050991 140.7547577515367
1052591 130.92802257654805
1054191 138.3790661506951
1055791 135.30940552649741
1055909 -96.7519039974801
1057509 142.86812406652487
1058328 -34.03336154758725
1059928 124.98950688295253
1061528 148.92348861981853
1063128 121.33991788413313
1064459 22.77713594889181
1064525 -112.81645081988287
1064651 -95.88985471646426
1066251 131.97632632985884
1066383 -97.88501030051646
1067983 126.43306397399977
1069583 122.86150374444942
1071183 140.46986686518918
1072783 138.62874090873657
1074383 131.13753784659536
1074485 -110.39441938883965
1076085 131.40037692857857
1077685 144.1997921754927
1077787 -97.24154828831368
1079387 144.37563760917618
1080270 -40.91827120385947
1081870 115.96873217768109
1083470 144.64528567728212
1085070 143.54995661197864
1086670 133.08042570564047
1088270 138.5167464009071
1089870 132.64441615739685
1091470 138.2542005853596
1093070 132.16617029206625
1094670 136.45598279596774
1096270 146.79797957382294
1097870 147.02704558162924
1099470 140.36274324200866
1099598 -129.4378231925331
1101198 146.41998191950577
1102798 139.19398895890996
1104398 148.78662240493261
1105998 132.18302755043177
1107598 104.5464755971196
1109198 138.8809427919793
1110798 121.16997512488108
1110904 -97.50049704938134
1112504 135.6346059354641
1114104 162.4165180852177
1115704 137.61517264369763
1117304 142.09052061173566
1117441 -94.26339341938403
1119041 142.968786105272
1120641 143.0545491219616
1122241 135.23500934873462
1122371 -107.9186712856839
1122516 -98.48807774894405
1124116 141.31588420136126
1125716 132.74525569651325
1127316 143.91495260839136
1128916 149.6247188823129
1130516 138.39050021200237
1132116 159.25819669557606
1133716 155.35492388261832
1135316 153.4949006052157
1136916 136.5024743890267
1137718 -37.84348094211645
1139318 136.2436722248936
1139830 -64.11810197376832
1141016 -0.4085951899679401
1142616 166.28019740124384
1144216 148.53240689561298
1145816 153.86848063861245
1145941 -96.59888776532809
1147341 1.5060772654421157
1148941 157.50770649396037
1150541 139.25671065373447
1152141 156.67996116619284
1152279 -97.73817896269541
1153879 148.31722328591817
1155479 158.78400735609924
1157079 145.36157981809956
1157179 -122.85123827026288
1157359 -104.5514474676059
1158654 12.9467209643433
1158803 -114.70398095476628
1158882 -115.20293071321491
1160482 157.5801730326459
1162082 137.62853359727018
1162476 -64.02578081421058
1164076 132.96020319339027
1164149 -115.83769267057565
1164403 -88.24149581562853
1164471 -112.81125407914507
1166071 133.5686685591084
1167671 143.91590956976535
1167788 -98.43962601971937
1169388 133.00130185324676
1169486 -111.55680071210985
1170969 19.01865831837999
1172569 129.48181571567147
1172758 -105.00439227343288
1174358 136.6597041113995
1175958 136.00615862864106
1177558 130.71002452132913
1179158 140.41166442015736
1180758 157.2222324916228
1182358 126.25010968285032
1182531 -108.88937905949354
1184131 137.20416091740324
1185352 -16.754895481599533
1186952 124.01465916106108
1187414 -68.79916044126483
1189014 122.23768386053797
1190614 140.82918127626846
1192214 130.13687088418902
1193814 141.86107925264022
1195414 138.61969127353177
1197014 128.92811361024062
1198614 132.69385928837218
1200214 131.56748713708782
1201814 139.59243303748906
1203414 154.03404440382312
1204485 -25.165051543959763
1206085 170.74046497639273
1207685 141.45277462890405
1209285 149.52243079068734
1210885 148.75840695454363
1212485 117.9121038821674
1212579 -115.68022572797288
1214179 154.65721018170464
1214287 -98.25986147438796
1215887 143.22385600966544
1216997 -14.408783470910038
1218597 135.75988710970273
1220197 141.03444550882355
1221797 143.91299038224787
1222376 -64.75579508600882
1222466 -116.13277022939236
1222601 -103.31800663123094
1224201 141.37135630782674
1225801 123.85912621243799
1227401 133.24477803153763
1229001 158.47808879451713
1230601 131.65668178081089
1232201 150.01844692159602
1232333 -100.58231329219478
1233933 123.41827685258056
1234064 -118.91115433088316
1235664 150.12649578646128
1237264 135.7058354516159
1238573 21.779902714209967
1239121 -50.5477790820381
1239225 -96.81247136061825
1240825 130.19602736806684
1241113 -82.64825608072306
1242713 129.268286357405
1244313 128.48679926404293
1244790 -64.53017320323856
1246390 135.88262671080864
1247990 154.02757452475686
1249590 142.1204044478233
1251190 134.26313498954224
1252790 160.22819198843084
1254390 92.97909202488097
1255545 -39.469515719156455
1257145 92.8680052141097
1257578 -78.25087790400596
1258083 -73.8549067262554
1259683 138.34712802472882
1261283 133.33534623700223
1262317 -22.21166697478982
1263917 135.88683238265597
1265517 110.83963687084386
1267117 146.5709710952403
1268717 153.07927855205338
1270317 150.85124091387794
1271917 134.49301100326036
1272075 -102.58960767645202
1273675 128.8399987897513
1275275 144.63520373025364
1276875 150.7728532136777
1278475 156.49629825504104
1280075 149.2656234899487
1281675 132.46242070514026
1283275 171.35366119665903
1284875 127.53095793208892
1285076 -114.66822524659707
1286676 145.77357493136742
1288276 155.98245908554364
1289876 143.74139149903917
1291476 152.16148177018806
1293076 154.12075533548492
1294676 131.45886994939627
1296276 140.66163595048468
1297876 159.6781065669467
1299476 144.45307581272948
1299586 -104.25665882623258
1299802 -87.5015939185694
1299900 -104.66746842655229
1300976 -5.1480698875201085
1302576 154.40573324100404
1304176 149.5964487564067
1305776 150.13177740476652
1307376 139.04673628870947
1308976 143.3374763089423
1310576 135.55259851453638
1312176 121.37103759102726
1312357 -104.63965551509274
1313957 164.55243063392882
1315557 168.15888994793303
1317157 148.84132592116535
1317974 -34.09538573988644
1318068 -128.35425916567942
1318173 -95.86579155510664
1319773 155.2283588313189
1319896 -119.46763271581816
1320028 -98.55371027118589
1321628 156.10827664732378
1323228 177.9379548129293
1323317 -124.13962826491769
1323494 -108.79289183739044
1323707 -102.14958227481631
1323837 -97.75366980045911
1324180 -78.05852854669217
1325780 173.6157193392677
1325922 -106.10769023993737
1326030 -100.14822560036679
1326124 -128.20765934248084
1327724 169.64715963804463
1327848 -97.09978681492184
1327938 -109.2723339850915
1329538 155.17988766332192
1329686 -97.5132248287232
1331286 165.80577507414048
1331415 -99.28090982022944
1331516 -100.94909027320395
1333116 172.9302573578299
1333232 -100.47657432337789
1333377 -96.34105528511108
1334977 148.65531861777418
1336577 152.3709482704156
1337919 33.84035901453237
1339519 154.36455462485608
1341119 136.2474691197293
1342719 170.7439274310497
1344319 151.8911045509335
1344473 -102.00362323233733
1346073 139.34508145786577
1347673 137.37655480729785
1349273 154.4299507752628
1350873 147.6992162810663
1352473 155.93876692864382
1352552 -122.81438800871697
1354152 160.57566761915413
1355752 150.57067991848658
1357352 166.92475186595343
1357606 -103.43891573264698
1359206 164.3689477360214
1359364 -106.05448807717612
1360964 143.4739707083756
1362564 156.762445623731
1362989 -68.32401675425344
1364589 166.26653156726434
1366189 163.66220428829885
1366754 -43.499910933588616
1368354 168.53546112806671
1369954 157.49616644089267
1371554 166.3193950648789
1372752 9.093613031244047
1372960 -129.18086229189393
1374560 153.34888216958356
1375950 -4.590219306047189
1377550 169.75692432371008
1379150 147.79215774890685
1380750 157.08522812087193
1382350 158.35833649168373
1383950 149.55824163241445
1385550 140.95019605407762
1387150 148.2926530583457
1388750 140.63447888419222
1390350 162.95366467301315
1391950 165.92171206985532
1393550 142.5649861921341
1395150 146.78024061156705
1396750 146.31694310067041
1398350 157.88285723117687
1399891 33.452204079642
1400034 -105.13373282327208
1401634 142.39180446006392
1403076 44.77015357423855
1404676 156.49135563902283
1406276 161.83735691578502
1407876 129.7387568207091
1407975 -98.60866853282228
1409575 168.6322850521228
1411175 149.28552393651614
1412775 148.81072239916762
1414375 157.95479978396307
1414458 -124.84990998391558
1416058 142.70312564797524
1417658 147.19047865663478
1419258 149.44684115163088
1420858 145.94636066286265
1422458 152.23368881998456
1424058 161.93406759564417
1425658 127.7565901509012
1427258 162.94682443925433
1427362 -97.20566601496935
1427484 -97.3535134354898
1427560 -112.09158905141241
1429160 144.69942169064552
1430760 138.83271221282217
1430934 -94.94015415440438
1432534 144.19460464538062
1434134 130.9880328862214
1434254 -97.23802638592028
1435600 15.64715279180129
1437200 142.52890086975177
1438800 139.2843026120031
1440400 144.5795722481493
1440856 -64.59236745250755
1442456 157.45974431507568
1444056 169.90297171775754
1445656 156.63552152165224
1447256 142.25926528145604
1448856 137.1430810444148
1450456 156.3097330520574
1450533 -115.19361028182506
1452133 164.81112836918416
1453733 151.4259549039497
1455333 142.12627081070517
1455505 -107.24992725701631
1457105 146.62523815745232
1458705 159.91600385588532
1460305 156.54217949568687
1461905 106.08955862692065
1463505 146.88690402645858
1465105 170.26449977301934
1466705 169.68300755161096
1468305 156.12996937073595
1469905 163.85567598012727
1471505 150.8748314628321
1473105 147.09576443093474
1473227 -95.89142593180576
1473614 -69.10997479516948
1474178 -58.62003552110956
1475778 137.10688074148086
1476014 -81.82007044007753
1477614 147.88485299064658
1478378 -56.45984142197824
1479978 170.4254187299304
1481578 149.9912008317126
1482945 8.43576300698939
1484545 147.4109671237263
1486145 144.6501732592742
1486252 -102.23213813049641
1486365 -97.17939540143311
1487965 153.5059336817313
1488121 -128.91187036715326
1488268 -98.88429148784466
1489868 138.05907574857255
1489983 -102.21825741901745
1491583 159.534935114546
1492633 -3.7056787683790873
1494233 156.47361268077867
1494407 -101.70838628185976
1496007 147.76694109991814
1496114 -104.99104724070709
1497714 159.45512034106818
1499314 151.12374813303427
1499406 -96.36803089487428
1499518 -99.49246977650374
1499648 -98.18262420330942
1499763 -102.86649588546342
1499887 -99.39577304756548
1499992 -97.26478451728325
1500137 -98.1304916617355
1501737 156.03676800717443
1503337 114.58741997533977
1504937 151.52742810010227
1505048 -119.57336097417648
1505173 -95.24411469406945
1505289 -98.16001444139518
1505417 -99.51509664507617
1507017 150.19625157125148
1508617 166.2637807919176
1508729 -94.85784707145223
1510329 162.22505362939435
1511929 149.79746341716336
1512071 -106.27311498851994
1513298 -13.585169765384165
1514898 158.84924459591718
1515001 -95.60849076728398
1515126 -98.03504109721568
1516726 162.52709396637275
1516843 -94.79303218401161
1518443 150.63647562154844
1520043 160.86093845260615
1521307 13.609007781795697
1521454 -92.64144492367376
1523054 164.26963290069295
1524654 171.25951515087138
1524776 -99.49307073628033
1526376 146.47511593096084
1527976 162.87831872160686
1529576 148.10170511481093
1531176 142.84445530252282
1532776 162.04656944683114
1534376 160.89178080653312
1535976 165.52734981771042
1537576 150.88169773046567
1537718 -99.1859048938537
1537858 -104.58275097685389
1537994 -98.69284677934273
1539594 173.02935466575653
1539725 -94.0004849388705
1541060 4.20947995835742
1542660 133.62925107505654
1544260 150.46951457009055
1544945 -46.27116946879407
1545089 -99.22530711703902
1546689 141.0780637607158
1548289 165.83397626346073
1549889 149.1369136688333
1550003 -102.50034518773978
1551603 137.66894194928057
1553203 163.41483345504105
1554803 153.67438519817227
1556403 147.69367135903397
1558003 158.52543185746043
1558111 -93.12127555660592
1559711 150.30434947682113
1559839 -96.91724496673017
1561439 145.94914815236493
1561601 -99.28477551646345
1563005 21.28831358912214
1564605 151.95140988477124
1566205 162.66938022741948
1566302 -124.92605306770155
1567902 153.8562531114543
1569502 151.8210823539285
1571102 151.19307179027786
1572378 17.153017672365834
1572552 -95.01357995317753
1574152 161.10794478860072
1574244 -107.92721106416732
1574382 -100.04300098554076
1575982 149.06212029621898
1577582 159.91185747464425
1577739 -132.77781128011426
1577861 -118.5959565654993
1579461 109.99502492992178
1581061 158.86728300807584
1582661 154.9594667286358
1584261 156.5675755481445
1585861 135.21601540595904
1587461 153.74297672960708
1589061 161.26303037428806
1590661 127.11874964970539
1592261 139.24307789045912
1592401 -97.80170239765508
1594001 150.1882206828175
1595601 165.3042168243826
1595736 -103.85621753067026
1595813 -115.96391609607761
1597413 162.80081219936184
1599013 156.59430941826577
1600613 135.43901119684716
1602213 146.37830444190615
1603813 163.024624218512
1605413 153.9886387572225
1605643 -133.78623178067122
1607243 157.37462156682014
1608843 122.79558231168737
1610443 147.45032689147922
1612043 155.96265320258257
1613643 145.93440567105975
1613752 -97.8940057769753
1615352 140.17869610712611
1616952 134.98125701839479
1618552 144.48749767356944
1620152 145.07078641428743
1620345 -98.9017614303908
1621945 133.9602523265283
1623545 149.0472821008941
1623653 -96.83486194559869
1625253 157.91435396024207
1626853 156.4830207508265
1628453 149.7696429224896
1628590 -98.08156265526513
1630190 137.57851531082267
1631790 152.79640561297458
1631964 -102.39063776177665
1633564 156.31931677791363
1635164 149.22326629159787
1635303 -126.11747702308541
1636903 147.8486600860413
1637010 -123.014979201161
1638610 143.40713887462272
1640210 153.35993698561836
1641810 155.48621684520526
1643410 130.8641939067961
1644796 14.96766924476205
1646396 143.72290047814357
1647996 131.59279377441888
1649596 153.0368243650976
1651196 127.91880996267788
1652796 138.3319933208234
1652963 -99.51125009305031
1654563 132.98723566734395
1656163 125.85099569535504
1656281 -99.8688757306412
1657881 147.2688363683187
1659481 133.9513944591857
1661081 130.10890237415572
1662681 131.47666994143364
1662862 -101.33213024382277
1664462 143.73027632750296
1666062 136.23250058058332
1667662 131.03376313269627
1669262 144.35337737728122
1669387 -133.16954592065326
1669610 -85.58449676314369
1671210 134.50002427290025
1672810 129.9674277435889
1674410 130.7607593024468
1676010 138.07522857060806
1677610 129.27986392543932
1679210 144.1497065144125
1680810 140.4429106240563
1682410 141.97281967162397
1684010 126.98395884368801
1685610 115.955121697698
1687210 143.6738288319383
1688810 135.07105193162087
1690410 134.33615895834305
1692010 119.2737271997006
1693610 140.09237454849062
1695210 144.9557592888908
1696810 135.6081355412783
1698410 120.18864151108619
1700010 141.22610750051248
1701610 140.14162260746164
1703210 134.22421520613852
1704810 137.96554921534442
1706410 152.02155793347455
1708010 135.6391338414931
1709610 137.9875422390205
1710341 -48.07820086503681
1711941 141.49668605730758
1712052 -97.64516778819836
1713652 128.07136681202311
1714858 -38.22070231306387
1716458 152.26856159011152
1718058 135.34457009578352
1719270 -19.687042714787353
1720870 133.07441838773775
1722470 127.52601509887889
1724070 149.92549660694135
1725663 36.827703536911656
1727263 136.7089085383325
1727413 -97.2776293625321
1729013 145.46937721421904
1730613 137.29362810016
1732213 142.79776671698193
1733813 94.6165353575814
1735413 150.7854129527284
1737013 145.16251933344955
1738613 128.3460776383392
1740213 138.8316807720831
1741813 157.76392981087756
1743413 118.81888463989412
1743575 -85.83513043908528
1745175 141.42011488702815
1746775 137.4301326189303
1746910 -93.7417964310286
1748510 151.33513512550343
1750110 144.86376971028426
1751710 159.04176599071846
1753310 157.9174765832987
1754910 153.98612710300827
1756510 136.14338499784105
1758110 145.92014529541845
1759710 158.51625673071695
1761310 159.30380152771235
1761416 -107.43756677737149
1763016 152.87689294171153
1764616 135.51139622079324
1766216 161.35002856309302
1766339 -93.77363286587534
1767939 140.04450069969278
1769539 134.66294980304744
1770947 23.965054296933985
1771037 -117.46678182207607
1772637 136.9619970015602
1772778 -92.49922436342264
1774378 146.74790638750548
1775978 136.79710256355264
1776054 -120.24158219531986
1777654 154.49010468936268
1779254 137.03345158251182
1780854 166.55330338970447
1782454 147.0298552911971
1782562 -94.90780300325962
1784162 148.97694032241412
1785762 157.25561143626678
1787362 145.45746455672048
1788962 126.99655900418017
1790562 131.06572245693985
1792104 19.991462527752788
1793704 130.88715189865084
1795304 123.79756326928799
1796904 152.82151189261754
1798504 131.5171652683047
1800104 138.96667572327564
1801704 163.79955909721568
1803304 148.33096366748276
1804904 150.61739035022504
1804996 -110.12167093741832
1806596 133.21301073885564
1808196 126.22322342873753
1809796 140.82370182612715
1811396 154.26183519840336
1812996 170.4862736445282
1814596 137.54394611793256
1816196 147.9242402233603
1817796 159.99894582317958
1819396 153.29014447614762
1820996 154.6387002573421
1822596 169.8789649868555
1822681 -115.82003064344669
1822800 -94.6324270317667
1823348 -57.4652699951427
1824948 169.48887264110869
1825079 -104.2394642247688
1825210 -94.70821448747938
1825361 -95.45908296526814
1826961 151.70029060415374
1828561 166.328986727088
1830161 163.6777308241469
1831761 133.25603172931062
1833361 129.05884228595212
1833585 -116.71675759486823
1835185 84.13784212671634
1835570 -73.14553018534433
1837170 153.5658313541172
1837383 -104.5172161221051
1838407 -21.771245246403183
1839319 -28.331630938411763
1840919 161.39596532915738
1842519 161.41097305440937
1844119 154.29571906289868
1845719 156.74632307792086
1847319 141.91341665700273
1848919 150.6649813310093
1849640 -46.9284915693011
1850408 -33.482613567449704
1852008 148.39418483645818
1853608 146.1821897529605
1855208 146.13064268101053
1855332 -103.66311371197862
1855467 -103.63019040578293
1855603 -94.34669111080312
1857203 138.7776047870468
1858274 -14.881145918097559
1859874 140.0216014351407
1861474 156.29760939905776
1863074 153.577595358655
1863154 -119.70995476941702
1864754 144.4609759499693
1866354 177.81986182033867
1867954 162.8044068087244
1868055 -99.57804911212438
1869655 148.12926611433878
1871255 156.17683684233222
1872855 158.6184418994058
1874455 145.8758040005804
1876055 155.45949044504417
1877655 148.45790743286972
1877786 -95.38321773625042
1879386 157.389682437287
1879484 -100.33105534697201
1881084 164.85142581835825
1882684 152.46221907809928
1884284 160.65202586171583
1884441 -102.61035092961167
1886041 133.06732145408915
1887641 164.69981998107156
1889241 149.0670963036697
1890841 150.63265395822887
1892441 160.48591554877288
1894041 163.4142994783168
1895641 129.9964815264595
1895763 -96.6626863561161
1897363 150.1172525194845
1897547 -94.04418412462186
1899147 151.60892468248466
1900747 148.19762660386905
1902347 154.23726485853908
1903947 135.28629908420652
1905547 152.44106357568575
1907147 164.64309673532264
1907400 -85.93671892159472
1908986 43.347706362845116
1910586 127.43094261729188
1912186 156.58217899563064
1912313 -114.36299376764862
1913913 158.7732151640474
1915513 158.19421286809416
1917113 146.2830686144025
1918713 166.5692275094996
1920313 148.9032802393682
1921913 159.42333705170265
1923513 148.1944098654861
1925113 147.9973507152944
1925192 -109.1202636099377
1926792 163.01987103180988
1928392 170.10124500578
1929992 121.49632645155715
1931592 161.85811251817682
1933192 139.6308485333087
1934792 130.3483577636263
1934912 -115.38361526767785
1936512 164.05187683066464
1938112 156.18631153183574
1939712 153.0333623695937
1941312 156.728242594493
1942912 133.273884135106
1944512 160.23048416988843
1946112 162.37044210136804
1947712 151.91169197679352
1949312 169.98345455832938
1949389 -113.85024849532327
1950989 125.81389396402282
1952589 164.25706060346005
1954189 154.13544896825505
1955128 -0.13722806094111206
1956728 174.2963617195227
1958328 173.24426839241227
1959928 104.2406600915812
1960221 -81.91165417312337
1961821 168.67704708708993
1963421 160.16177915612593
1965021 163.14802126310576
1966621 136.74563079648925
1968221 156.50398181642558
1969821 170.9672169932855
1971421 160.65237449008524
1971485 -115.76807590365844
1973085 178.20329767808036
1974685 172.19685609422754
1976285 166.09751901733492
1977885 145.1917795763549
1979485 145.0149368165541
1981085 171.84878384841122
1981175 -114.16751424597794
1982775 167.8131998437003
1984375 176.51710133252965
1985975 164.59454846236585
1987575 156.6725034491892
1989175 146.02479769789522
1990775 129.4455593205217
1992375 166.3105546236088
1993975 157.38389053525324
1994156 -101.17755827730646
1994327 -94.90688421861208
1995927 157.43534390941417
1997527 158.58590919230343
1999127 162.58797762514013
2000727 172.28854556943915
2002327 169.82447773275848
2003050 -47.111667434873524
2004243 21.54661614686269
2004828 -81.71659524615761
2006207 28.6596720373889
2006382 -123.80535335079362
2006487 -113.08530083436457
2008087 161.53031003703688
2008218 -94.93652513776316
2009818 174.431679028838
2011418 163.12207613644006
2013018 158.6458686974661
2014618 164.02365135485778
2016218 168.0740199456023
2017818 148.65172343783064
2018801 -16.009740775796303
2020211 18.85521540439818
2021811 165.33549750308353
2023411 162.3903918839752
2025011 128.2880779275387
2026086 -4.157797249657378
2027686 158.7603973012172
2029286 160.19643777425716
2030886 133.66859996673023
2032486 167.94655622002344
2034086 162.3121627263828
2035686 170.41470439658696
2037286 161.95308745835456
2038886 160.32628218074515
2040486 154.68468117595071
2042086 164.9383796437177
2043686 164.60381713791995
2045286 172.73450300919603
2046886 181.07500088816795
2048486 145.62626377681968
2050086 162.14814988005102
2051686 166.89782555511886
2053286 183.40559076520827
2053536 -90.89529468762301
2053651 -96.19213603257884
2053799 -109.24611098377423
2055399 165.59557662369537
2056999 146.57874095052983
2058599 166.00011654934866
2060199 157.52524098876924
2061799 91.46437476361217
2062365 -58.66101881267504
2062900 -74.13988813799926
2064500 152.48397823254686
2066100 176.42536933339028
2067700 149.6845196011589
2069300 120.1028723686515
2070900 141.21571396431762
2072500 168.17839640087277
2074100 142.50168510039447
2075700 147.05947882373547
2077300 108.01127865946948
2078900 162.48743366770591
2080500 148.84379243046627
2082100 132.4736430046613
2083700 118.49048966854228
2085300 173.83777775601516
2086900 164.86095658824792
2088500 150.17590978321275
2090100 171.4788864723824
2091700 167.2649224573636
2093300 160.20123868417375
2094900 169.22749513471504
2096500 168.28338013634584
2097748 -23.87151092632199
2099348 151.00465774483834
2099571 -104.51538691059748
2101171 175.0369549503864
2101286 -95.40900447803705
2102886 164.58149431454817
2104486 155.25287328748917
2106086 166.48005561326414
2107686 140.81635848897923
2109286 126.28642106806859
2110886 166.351739480601
2111025 -103.62219038325952
2112625 163.19390254117116
2114225 166.47384050838917
2115825 133.33880142458162
2117425 143.62268740976336
2119025 160.42749045934306
2120625 168.910700763138
2122225 161.8712709693881
2123825 161.60311482590856
2125425 148.88048451027268
2127025 160.5555666880156
2128625 170.40356792927767
2130225 155.1204200257608
2131825 161.79032831673146
2133425 162.50281458468277
2135025 171.5099989629463
2136625 159.44119553045533
2138225 155.3063900337566
2139825 173.1801280320626
2139909 -116.31884480519096
2140098 -93.56499114320987
2141698 168.9539071374121
2143298 127.51913263297325
2144898 158.60688623979874
2146498 170.3261366092388
2148098 149.87102167968598
2149698 152.10901755569355
2151298 177.49201125128735
2152898 156.58915173716696
2154498 135.02687916522612
2156098 168.29620563947782
2157698 166.4601741795571
2159298 176.46848036128532
2160898 166.51776285174242
2162498 163.46046368221778
2164098 157.6012066662964
2165698 176.15719146505833
2165970 -98.82795229993916
2167570 183.79377413582336
2169170 161.0931092795658
2169260 -116.43621951490081
2170860 156.45614888727877
2170962 -123.83856716805481
2171044 -115.25860748886006
2172644 170.81035017441832
2174244 180.63875644786646
2174336 -120.44766618689584
2175936 149.29064948255672
2176056 -96.98247443878279
2177656 158.41093131050218
2179256 175.8343759552589
2180856 175.28946826263086
2182456 145.2675739382675
2184056 155.47818324469893
2185656 166.16268272198036
2187256 151.0716503986371
2188856 163.93786923572912
2190456 170.1791772015374
2192056 146.24969942545854
2193656 168.97050928766248
2195256 157.23327468262246
2196856 165.01763723462682
2198456 138.51723107966873
2199674 5.975008549451374
2201274 174.89527599707372
2202874 166.7524131439035
2204474 160.51480711114812
2206074 167.33034868336296
2207674 154.61588769847893
2209274 186.05056617570648
2210874 176.82011339750616
2212474 183.14019709470512
2214074 191.39897264748438
2215674 170.6980335029784
2215767 -97.0815389280701
2217367 179.44811171320086
2218967 161.26127557258712
2220567 162.1363370384677
2222167 173.38614816763263
2223767 179.87458899528326
2225367 161.32284368340865
2225536 -107.41303958555622
2225641 -100.03083322679934
2227241 177.4720642633116
2228841 170.01270034812833
2230441 171.574628451931
2232041 171.18905788918707
2233641 179.7023216798874
2235241 158.04888187731004
2236841 179.43766631536053
2238441 177.30466388889235
2238592 -94.95540653323273
2240192 176.01364387295692
2241792 186.4246957388978
2243392 175.5679726680148
2244992 165.2619713929819
2246592 163.26519494486436
2248192 151.47442936108425
2249792 175.93412350754105
2249919 -96.3377551883636
2251519 169.68061236941114
2253119 171.57701502254855
2253634 -64.32678808488336
2255234 163.33036954973463
2255313 -120.68548935601828
2256913 182.81954010446213
2258513 181.32157979475247
2258687 -102.64443759221646
2258801 -95.81149451737602
2260401 173.35445682608977
2262001 184.71731683732634
2263601 184.9476035439075
2263706 -98.42697807997465
2263831 -93.72159363653573
2265431 174.53270049205145
2267031 169.91861989604658
2268631 171.62880024849892
2268716 -115.07402657454585
2268882 -106.33584505967734
2270482 185.0398420642023
2272082 171.95518737345384
2273682 163.435799146223
2275282 160.3250983161097
2276882 179.44977735508803
2278482 171.58238404622074
2278637 -94.97865233280727
2280237 170.23211533048325
2281837 169.6989548650923
2283437 174.2713800704595
2285037 154.0560512849336
2286637 154.92377818887405
2288237 161.76329221112934
2289072 -13.385824865537103
2290672 168.35546416957166
2292272 178.1241931505015
2293872 176.92071374303706
2295472 163.5444101096429
2297072 147.70222218810045
2298672 177.83538078810753
2300272 147.0486859329816
2301872 167.23992559640985
2303472 159.56650347072133
2305072 157.72872515787301
2306672 175.7712520174078
2306760 -114.890251837867
2308360 166.63450290817474
2308476 -122.18780091636319
2310076 178.2839221132165
2311676 178.2524954846977
2313276 159.77870761491243
2314876 158.80093167494906
2316476 165.2477014217776
2318076 179.76282913633145
2319676 172.596622086731
2321276 169.49081760900927
2322876 177.79958164701122
2324476 150.25913684959758
2326076 169.20859541364948
2326203 -95.64065279616042
2327803 164.15935328047826
2329403 182.70849642586086
2331003 175.22859945741095
2332603 169.21515074423158
2334203 178.63713053402788
2335803 194.2403750755743
2337403 167.02253418200783
2339003 176.86943462698528
2340603 176.2536290436346
2342203 173.425651416677
2343803 178.73474038620046
2345403 166.1031054226986
2347003 143.95284680363872
2348603 151.50452260354547
2350203 181.04369967880297
2351803 170.53411497111375
2352585 -20.11632235963735
2352720 -117.9662748700045
2354320 182.7440936366047
2355920 193.49003010524297
2357520 186.2417027577917
2359120 156.85397768749982
2360720 139.83134600410472
2362320 169.24299060184669
2363920 179.68316065957913
2365520 183.01986031600583
2367120 147.86956798218128
2368720 172.8791771234508
2368819 -114.07237176793876
2370419 161.9982034480973
2370518 -114.76055008828888
2372118 163.58276813761162
2373718 163.0986678623425
2373830 -101.87362900929402
2375430 166.02072883025403
2377030 167.7108693993869
2378630 141.11867807747703
2380230 180.1362580749498
2381830 167.95871514593796
2383430 186.49442068277048
2385030 184.36958005323513
2386630 192.18025552636294
2388230 171.44380480021803
2389830 162.79371046425226
2390016 -129.54121477967408
2391616 168.78374650362014
2392794 14.284880853427012
2392967 -113.93422464996529
2394567 153.8686570131493
2394678 -96.22189851583276
2396278 149.3478684365526
2397878 147.3420897726516
2399048 -9.44567265020386
2400648 135.42390767199583
2402248 168.4166852890893
2403848 161.43730662867355
2404609 -18.74133394010991
2406209 183.61331521291808
2407809 179.4274801190642
2409409 154.54842099791688
2411009 186.1188365686107
2412609 173.70201985419027
2414209 170.05526436666634
2415809 172.00763910247343
2415903 -117.59686844337669
2417503 145.39378679231143
2419103 162.52070717181437
2420703 168.3621203280388
2420835 -117.95882651989629
2422435 182.81126363998746
2424035 187.49207428347944
2425635 174.32268072890562
2425774 -105.66214290769476
2427374 183.08653533180424
2428622 18.398920385002455
2429072 -107.83417071179986
2430672 145.31606231875284
2432272 163.78809350226192
2433872 167.99111037693345
2434360 -61.28277120529249
2435960 172.05045749964884
2437560 172.12009324806857
2439160 182.91635937587267
2440760 158.356114069074
2442360 184.61762805623303
2443960 170.0515981244783
2445560 155.77252034071967
2447160 182.35046731877677
2448760 179.80435951335565
2450360 141.95509505349378
2451960 177.47866331703463
2453560 173.51323727693247
2455160 176.69878347947162
2456760 114.74715236742409
2458044 35.851802759483945
2459644 170.01853886033638
2461244 179.70942568128467
2462844 147.644105474397
2464444 185.24097538636664
2466044 159.3298949892364
2467644 171.6470599606932
2469244 173.17385502785504
2469385 -111.72524068570448
2470229 -19.42004172357605
2471829 171.81899559926134
2473429 173.94550143487677
2475029 189.20568074243417
2476104 0.7663439610842033
2477704 170.65255753776623
2479304 183.43608740296705
2480904 160.31428489902933
2482504 126.17277954045004
2484104 151.20774032835948
2485704 183.74350222484776
2487304 195.72615925907766
2487448 -120.69345707441718
2489048 140.50421968658458
2490648 171.22920391697812
2491896 20.99957212355382
2493496 171.78969171776183
2495096 135.28251776183467
2496696 165.645780136435
2498296 171.53615970669978
2499896 175.2329333546076
2501496 165.73918208114424
2503096 158.32739722905092
2504696 171.2521906702478
2506296 166.79223629606682
2507896 173.2750409714055
2509496 162.0787580751488
2511096 174.98263467510782
2512696 160.48000330350558
2514255 56.53973220667234
2515855 175.32772722462522
2517455 158.51789142926503
2519055 147.9246200486048
2520655 170.56636653051785
2522255 184.5782194664386
2523855 182.91225182864252
2525455 182.48712321401146
2527055 171.05773693744885
2527181 -106.02798024934127
2527458 -115.06032897266809
2529041 68.62427213929811
2529998 2.6354061152512855
2531598 176.66402576554785
2533198 187.31179863949257
2534798 184.41625159073803
2536398 190.96724880727564
2537998 171.87505466197481
2539598 114.1531719526495
2539722 -103.60994401798739
2541322 176.8051877660526
2542922 162.56705603387516
2544522 186.74509161189243
2546122 179.43059258032457
2547722 191.2074247014718
2549322 163.92676432660198
2550922 153.38854053577265
2552522 158.4038522406515
2554122 172.28080946782518
2555722 179.5505631792384
2557089 -2.186242326359192
2558689 185.70794344006651
2560289 163.68312872292108
2561889 155.2767894990691
2563489 164.6213484864155
2565089 177.67400510794357
2566689 179.25776119060743
2568289 165.64637606379492
2569889 162.0483741133923
2570298 -76.38308055326496
2571898 164.9676928091134
2573498 183.33581274413183
2575098 172.21851316766663
2576698 182.12094837645176
2578298 174.9643765175345
2579898 182.35364932634073
2581498 182.44564885851563
2583098 155.33499568564758
2584698 167.35950851201022
2586298 174.4591058436596
2587898 197.9208597775906
2589498 167.21282547509264
2591098 171.0995795894489
2592698 175.53642632464496
2594298 179.5890886703334
2595898 174.10389893161732
2597498 174.18470063394923
2599098 172.8521516702804
2600698 168.0611049692118
2602298 168.77009465988633
2603898 172.269983751462
2605498 164.65559551386715
2607098 165.49682245486264
2608698 171.81836443869258
2608858 -121.52339520282857
2610458 158.0091995542416
2612058 182.97418846006963
2613658 180.37470420118754
2615153 -7.827519995852171
2616753 181.13498343504483
2618353 127.80620182437062
2619953 184.51387492466773
2621553 170.48365663055645
2623153 177.57791295968727
2624753 165.9612891357395
2626353 126.8727342207563
2627953 148.75638776909386
2629553 173.95921126041648
2631153 175.29596173370598
2632753 180.06916381330456
2634353 191.01623764456136
2635613 44.66743307614638
2637213 176.57071863755854
2638813 154.42504829043588
2640413 191.6250729896573
2642013 175.46247084268197
2643613 183.37426011270574
2645213 184.92800030816727
2646813 165.2728356732915
2648413 178.76620099454038
2650013 169.32747383918772
2651613 181.02988017089982
2653213 176.7388184091412
2654813 184.76470254789544
2656413 135.87712996939467
2658013 182.70893997112933
2659613 176.3986646210014
2659715 -114.51351191911101
2659813 -116.10089952533816
2661413 166.81311390856666
2661596 -94.52231700832273
2661796 -103.47105075886039
2663396 151.0727305959472
2664996 195.3787057994767
2666596 187.7442898667523
2668196 184.9433979994483
2669796 188.26424432105247
2671396 180.73500736649825
2672996 184.48745390913376
2674596 163.45657095155883
2676196 178.9749043521261
2676317 -113.87823322262335
2677917 169.08176138191104
2679517 184.95269775387152
2681117 174.5623400231071
2682717 198.11279962967976
2684317 178.65749096063155
2685917 172.40830386667858
2687517 177.64698374603498
2689017 51.88424100287895
2690617 189.2171718292366
2692217 173.02095061195857
2693817 180.71199070977198
2695417 178.79819581187138
2697017 201.61844740760742
2698617 184.04854394909032
2698788 -108.80916161022398
2700388 138.1861897605409
2701535 -15.784027346460519
2703135 177.55585056581353
2704735 183.05050793573795
2706335 170.53199509614367
2707935 177.47768342727684
2709535 173.8310421549841
2711135 187.04656961075835
2711287 -94.2095926792752
2712887 185.16802754526358
2714487 193.8619212510303
2715938 25.68793387308044
2716082 -108.67509848156836
2717682 183.27740636117656
2719282 184.11249034596935
2720882 152.02869554604843
2720965 -108.52457263198309
2722565 190.0710435082538
2724165 167.6963219397632
2724667 -48.45916650643718
2726267 159.1008377741913
2727867 181.29636086870588
2729467 180.8881328006047
2729710 -109.72486509307225
2731310 164.33720642985648
2732910 187.72925357207657
2733524 -60.9320264546956
2735124 184.66107707242995
2736724 121.5215015739488
2738324 181.42453259225536
2739924 179.82750969397193
2741524 175.8817457721641
2743124 188.91863546267984
2744724 191.91731095406226
2746324 184.52109540218507
2747924 183.90267989287392
2749524 156.41228274543954
2751124 182.25529919478265
2752724 190.92254349698595
2752915 -119.74800341359426
2754515 169.0110351569406
2756115 172.57573431046768
2757715 178.63421261737045
2759315 170.89208504290826
2759444 -116.22235638615115
2761044 182.6432959191077
2762644 172.06981802541222
2764244 169.7315840270775
2765844 182.06183335719584
2767444 185.24988590469061
2769044 172.1848010949067
2770446 4.913075378282258
2772046 182.9944941863894
2773646 177.12296518082968
2775246 176.8080484315093
2776846 181.23215781118614
2778446 177.8661647475298
2780046 184.43322566173816
2781646 167.7116732385259
2783246 179.55676012971628
2784846 177.97734163488118
2786446 176.50818603350302
2788046 176.1714378451724
2789646 179.06692013072617
2791246 155.41539964511645
2791397 -103.59960591402721
2791587 -105.61471290240156
2793187 181.3821593944256
2794787 185.97455667242886
2796387 173.52905696989043
2797987 164.1410087349584
2799587 180.85440145812922
2801187 183.18175845395456
2802787 187.12389881958134
2804387 164.61052921474962
2805987 176.7396680326057
2807587 191.476466043872
2809187 183.43982510611454
2810787 184.28616839577748
2811479 -50.678279040628084
2813079 174.04443222503866
2814679 189.70769922545526
2816279 171.79978345536216
2817879 171.41792581149474
2819479 176.84220503312852
2821079 203.02893196427308
2822679 177.33330061119477
2824279 196.86370141180743
2825879 181.49511677853175
2827479 176.64874959287053
2829079 199.7887677269734
2830679 189.5356994336321
2832279 179.25730364823812
2833879 173.41982080758152
2835479 184.53352643357698
2837079 171.74768289614946
2838228 -5.47072619813909
2839828 175.51820717277684
2841428 191.80488021500477
2843028 163.24050141123777
2843364 -113.38209323932945
2844964 191.59399319677425
2846564 193.40365271079537
2848164 187.52665209937408
2848800 -49.14861272194147
2850400 181.68975731369878
2852000 161.67341854468202
2853600 183.51136072776143
2855200 125.0859220892471
2856800 151.81301210779804
2858400 184.4998958882427
2860000 193.74098362954857
2861600 177.43973389991115
2863200 180.89564472881767
2864800 177.6034914672421
2866400 195.91394572640797
2868000 189.0427431564648
2869600 170.70801456678456
2871200 143.50308522241647
2872800 190.07688348555556
2874400 172.2678587309056
2874489 -115.95918451402832
2876089 176.1111127770776
2877689 169.89940250401798
2879289 196.9336236572202
2880889 190.25148975978814
2882489 174.2465578742648
2883530 -0.20401336261750203
2883630 -103.79935007758314
2885230 188.97193489224247
2886830 168.06427154476637
2888430 189.52591806646348
2890030 187.4582597500233
2891630 186.62577465204174
2893230 203.4043047638811
2894830 186.3316796526985
2896430 160.41253920131456
2896509 -121.2161428304892
2898109 145.52695902655978
2899709 164.78436601127234
2901309 196.43233507634568
2902909 182.2790809414501
2904509 178.91246485763088
2906109 189.4266393556972
2906221 -116.37066066121248
2907821 184.85676815843155
2909409 42.421303831683275
2911009 178.66128647108627
2912609 152.4995069917455
2914209 168.64212293596205
2915809 172.58816832275772
2917409 172.97907909826844
2919009 189.5224375544211
2920609 174.641721700496
2922209 180.63085988232237
2923809 176.4133099317688
2925409 178.01179636654007
2927009 192.77238285885846
2927152 -100.78073452245506
2928752 170.5040024614596
2930352 175.00693912602347
2931952 178.53784446027595
2933552 177.2275937612962
2935152 170.89182139876027
2936752 173.07563448544383
2938352 178.6812632204457
2939952 181.57834343707776
2941552 169.50560024385956
2943152 173.6078192022095
2944752 171.50641044851088
2946352 186.67220147355056
2947952 207.0631984779821
2949552 186.92726143863717
2951152 185.10424613028604
2952752 192.36161451995392
2952838 -118.76404028147334
2952972 -134.30077159190176
2954572 167.4673344066434
2956172 175.70815014413893
2957772 167.81695384257657
2959372 177.94747255850737
2960972 170.28354726835616
2962572 188.16548228811897
2964172 176.14866713942965
2964325 -109.75779732476012
2965925 187.84530535897608
2967525 175.486422712248
2969125 176.77273665751423
2970725 164.3673419539465
2972325 158.05154078538826
2973784 48.99651600301769
2975384 177.91072086971116
2975469 -119.49027426452655
2977069 178.72970815550315
2978669 176.8044064732553
2980269 171.46524040815774
2981869 167.39774019773856
2983469 147.69292573788718
2985069 182.6768754059856
2986669 172.57277412881373
2988269 176.82840966844051
2989869 171.02585958164192
2991469 179.57927212491668
2993069 171.03926282158312
2994669 171.48298351628983
2996269 189.14201814917809
2997869 178.70511798144034
2999469 182.8038673829397
3001069 161.99907002324053
