# reward.txt contains number of transitions:cumulative reward
1600 -110.09884546820844
1658 -114.96766057910335
1723 -116.72481224881773
2412 -161.3885117337403
2519 -116.05997108588042
2616 -122.81620394168414
4216 -120.10453365839702
5816 -114.63643925875517
5921 -124.22339866198132
6011 -105.0390576131139
7611 -113.77788644195925
9211 -110.25571309991813
9268 -108.72531118124661
10868 -115.88061256727693
12468 -110.77967569379662
14068 -109.85208072891947
14108 -110.0914921125838
14158 -108.64762271303
14236 -108.03465217797303
15836 -103.07209177914197
17436 -100.95231755136021
19036 -96.88973130090733
19107 -115.31467037482312
19496 -131.54399723999572
19552 -114.3518574308635
19627 -107.04340928926506
21227 -88.63790853348823
22827 -95.69294857173962
24427 -87.58775846248054
26027 -92.60574903812925
26083 -113.57729526186733
27683 -100.86997368747811
29283 -98.16296483911344
29340 -116.60044705371061
30940 -96.14862613874793
30994 -109.45159024408832
32594 -93.54106807516858
32662 -105.97632262804049
32724 -111.67618647413887
32784 -106.98290934907024
34384 -89.83635681073812
35984 -98.76139179781147
36060 -101.04382015302404
37660 -98.33513661475038
39260 -79.93210291997467
40860 -84.3577378309173
40938 -106.06153092728059
40994 -114.8572713535608
42594 -81.34811751421101
42656 -117.76749805738902
42703 -108.34086754985091
44303 -99.1977121138689
44387 -107.61518775173401
45987 -84.24388933254113
46034 -108.32606690543456
46109 -98.55877805645206
46185 -124.07485076948814
47785 -78.97267854443496
49385 -75.37641257308498
50985 -79.96282024469612
51055 -98.33234524084565
52655 -73.81029487879536
52832 -103.04549663198429
54432 -72.26548758967168
54493 -111.96019161959676
56093 -80.92768844316166
57693 -81.74771729548901
59293 -65.60270285177292
60893 -77.50079868560418
62493 -80.02841603230132
64093 -68.79423452012487
65693 -76.70468920377756
67293 -66.21452179556005
67373 -107.9761755805177
68973 -71.47871630282187
70573 -68.62418658522323
72173 -73.39694729439844
73773 -63.79886606416737
75373 -62.79526619742076
76973 -62.390050485845755
78573 -58.78786063719599
78655 -100.95418236738134
80255 -58.543354061922635
81855 -63.57306062826082
83455 -53.412681811000546
83511 -114.62153254866166
85111 -54.72929242983772
86711 -49.46905825120649
86769 -109.65461818763055
86949 -113.56423947602325
88549 -56.713125334915375
90149 -48.77938726483227
91749 -61.290605432656875
93349 -59.918594268740776
94949 -54.73882139120123
96549 -51.92264156993168
98149 -48.442897241531035
99749 -46.157877085433576
101349 -40.17042448775245
102949 -38.24512332760225
103943 -124.49650200632462
105543 -41.060799951180144
105620 -116.9026920493599
107220 -40.27374899621988
108820 -41.51188993532593
110420 -44.13575531320897
112020 -47.35170185489016
113620 -42.246228101325556
115220 -41.24218842887443
116820 -46.48631098858462
116979 -109.07431015281254
118419 -137.60611183095784
120019 -34.09180889805649
121619 -36.5242939545394
122034 -103.4162783967238
123634 -30.619425631618803
123715 -111.92520371301659
123959 -122.7862212470596
123995 -110.86768326183844
125595 -48.176642723478174
127195 -43.741336180492034
127288 -112.70660678078359
128888 -37.470378719445016
128953 -106.06820275876672
130553 -51.100423929922286
132153 -43.33886445894276
133753 -41.5724749666086
134982 -148.54371176171736
136582 -52.873054555038514
136864 -107.85047791223228
138464 -38.49901254723219
140064 -32.86542662527165
141664 -27.496124737701813
141747 -114.86962504788426
143347 -26.23373032483892
144947 -30.68019590352168
146547 -29.249489497813073
148147 -32.613737451441644
149747 -26.403171269062277
151347 -31.893824879458784
152947 -26.201188081202705
154547 -25.849837331034227
155065 -105.94999936296169
155119 -111.8396275798486
156719 -14.02045272401967
158319 -17.632468798402073
159919 -12.858090557752513
161519 -19.116592462911594
163119 -11.597368859907613
164719 -12.57106451367028
166319 -7.653730201149363
167919 -17.49302458616921
167971 -122.19217411015121
168060 -114.08326014970926
169660 -12.835300369502368
171260 -1.3753582795194164
172860 -6.9618153430366405
174460 -5.918680683891611
176060 0.22237829734757017
177660 -11.573575517505386
179260 -2.9324495710755363
179355 -115.31348811995736
180955 0.6294667304726221
182555 -3.0492099440147364
184155 -2.5515220702849413
185755 -1.1282726400339447
187355 -5.180554668596001
188955 -4.8148746590763345
190555 13.59053141818816
192155 17.525025670437124
193755 19.583058313464743
195355 14.154813027767151
196955 16.972866613102447
198555 24.06472693823959
200155 37.36863090763362
201755 36.112095479646676
203355 35.13939104503893
204955 45.76104857937055
205318 -98.24216949256137
206918 47.871622862081956
208518 54.25475033249712
210118 52.75885283887389
211718 41.46559112234292
213318 73.62985028283619
214918 71.43197317588447
216518 74.74965663185273
218118 63.80629106668882
219718 96.29010172587611
221318 87.85600279353278
222918 84.9720695233792
224518 99.23563841598666
226118 94.68662379793268
227718 117.89232292802323
227955 -99.07974828410148
229555 129.61541786608842
231155 120.01541367407621
232755 107.13758681936797
234355 134.87788462537893
235955 129.67971813266524
236021 -110.66195502445909
237621 148.75741273145388
239221 146.3090570507751
240440 -1.6179813396908997
241301 -26.88788245752768
242901 148.5705654601617
243796 -44.909506845865394
245396 153.28527819896962
246996 135.91178166133338
248596 133.6507041959799
250196 155.1639954130248
251796 146.79758646425677
253396 156.7484354170551
254466 6.6360956593389915
256066 167.42185079719454
256975 -24.578959048168173
258033 -3.8662992926101794
258491 -93.08625319910111
258648 -107.82386283881094
258891 -98.19350146036719
260091 -2.456109637103296
261691 181.8967424959815
263291 183.299347393448
264891 146.83083149727904
265687 -29.46359039136945
267287 170.90401466839245
268887 175.49362477871725
270487 170.63019792994996
272087 190.82440707325995
273687 142.01912650387857
275287 185.22997630531611
276887 190.63004538584744
278487 165.7732898452207
279986 92.8178539465828
281350 32.394293662221145
282950 198.36758847330634
284550 189.47005908874192
286129 67.5194525561815
287729 211.55130911364225
287875 -112.76509598250004
288701 -9.150122965676005
290301 194.33973464192894
291901 194.67251270669712
293501 203.01405931881777
293937 -53.963551931661804
295537 194.41081196543388
297137 199.1257592302937
297223 -123.77639348860086
297394 -90.65478137452217
298994 175.7784772519537
300594 196.95418295850862
302194 185.4829828105048
302273 -105.99142051983128
303873 191.03922583469765
305473 192.01328630351148
307073 190.8851670750751
308673 157.11563470804697
310273 206.6507935687096
311873 185.78067777792702
313473 188.54705317691153
315073 191.7972239469704
316673 197.6789022113169
318273 201.53633814172252
319231 13.564497613625434
320831 209.8631767630378
322431 188.12197696579074
324031 197.41916811718994
325631 209.97147199306977
327004 66.10094629777996
328604 196.40700323656978
328667 -118.49661807725641
330267 204.63952166376095
331867 203.57993225293166
333467 206.6581169420237
335067 208.3984289397763
336667 212.77212603919952
338267 218.9731672817674
339343 22.398911271175393
340943 185.0723368328607
342543 199.52791485665225
344143 207.8310879249188
345743 205.9099106265061
347343 225.38740284387885
348943 203.7996868148956
350543 217.20985477275403
352143 206.9321277285452
353743 223.95160100438616
355343 213.33720240981444
356943 243.81322291545766
358543 196.8876959619045
360143 221.44157714206267
361444 53.17626399695564
362897 90.23685211113238
364497 201.81963092678583
364793 -85.27335258525424
365209 -51.147017534896094
366809 230.51149656310156
368409 193.91855238233106
370009 229.13619118532
371609 189.0765670766767
372384 -26.27488987576959
373984 208.68177751533395
375584 219.9543868204286
377184 235.04533930165138
378784 196.38628829018037
380384 220.07984130708218
381984 220.11523739320495
383584 196.24703318998587
385184 216.82132828923298
386784 222.94478759608845
388384 216.35579287648721
388443 -104.07140882451894
390043 228.07906203867802
391643 220.63684688480504
393243 233.28876379393674
394843 216.01177700671855
396443 236.85760889106228
398043 221.19756241501562
399643 218.60949184460102
401243 234.43311717690509
401460 -89.81443950046972
403060 204.51883331170703
404660 223.73056139334196
406255 120.08129380924987
407855 224.88798193786673
409455 223.68898362981795
411055 214.13888999820065
412655 230.78929097293718
414255 215.94848007205573
415855 243.3405339517709
417455 212.85330920029597
419055 242.01716610557023
420655 248.05043653046351
422255 234.98579580574943
423855 234.6453456732552
425455 231.2953892009853
427055 232.9578083833344
428655 228.7231308093073
430255 246.53519693918705
431324 61.60542575224562
432924 251.9752088933444
434524 237.00869543698687
436124 233.46727263886493
437724 246.6107176953422
437879 -108.03969890488374
439479 250.40515716588757
441079 218.75375861497534
442679 258.28577682484354
444279 238.16597673268188
445879 231.1004369973063
447479 246.22043484017377
449079 254.69542627035517
450679 233.33231943865874
451242 -34.919743581161015
452842 232.26090868153162
453039 -78.18384742603946
454639 241.81898712734207
454692 -107.37065683384922
456292 227.29234818046254
457892 232.23434975946134
458991 46.70561975855321
459579 -22.49294088506892
459727 -93.49657704824209
459791 -119.43438862605207
461391 210.22134756350655
462991 224.64096286163
463900 24.36734033789172
465500 231.46323246220868
465615 -97.80633102596862
467215 230.63888731795532
468815 238.97745225095323
470415 208.3789476763967
472015 209.13374862574054
473615 241.2098578038652
475215 223.12614495535556
476815 232.3993064890037
476869 -103.84910896882167
478469 247.9222277368673
480069 230.75069027549782
481669 242.84804394037405
483269 230.999911417815
483941 -12.902426264502637
485541 251.9264852799597
487141 238.59465258692543
488723 116.65282950352412
490323 243.48330609643423
491888 144.6524590263587
493488 213.73147396981807
493880 -56.2238507158489
495383 101.36823691642468
496983 264.57986251910603
498583 235.47744598114588
498685 -97.67812849853995
499690 27.699875973023865
501290 254.04909479240612
502851 132.10906059327615
504451 241.9128174421103
506051 225.80088348402603
507651 229.78293450830873
509251 226.24351208131725
510851 226.30513542441864
511282 -54.86997300685814
512041 3.839655079459206
512682 -18.067711397651124
513779 33.325974053272375
515379 247.12819038548014
516979 246.77828238073468
518579 243.45676461656493
520179 227.0247636894297
521779 226.85210308515582
523379 227.81854523222302
524979 229.29202586147508
526579 205.71865392586608
528179 225.84430872293888
529779 244.64466710504863
531379 255.95996204090162
532979 222.266055525328
534579 250.98945983848617
536083 128.75680361205156
537683 239.89782472381805
538843 62.433615852933485
540443 254.1639540602566
542043 249.18927050607994
543632 262.0844517619519
545232 246.66222996165595
545376 -98.91203905156442
546976 227.59463932284007
548576 235.151630656735
549062 -41.20327107044309
549162 -109.35158979153384
550762 259.71330139440977
552362 243.02023974451546
553962 240.3977034778915
555562 231.7449834530585
557162 257.325933517488
558762 231.01970995881842
559150 -57.00577693878177
560140 40.07160164549879
560191 -103.37112208533038
561791 248.26776177822418
563391 229.09156659100415
564991 241.8937472589037
566591 229.65438934444063
568191 240.55175450490856
569791 253.488778133689
571391 238.21586176957052
572991 240.63729428384042
574591 252.37577421816974
575002 -62.822235607697934
576602 249.22874193696424
578202 248.37085281466986
579802 223.41648017443356
581402 252.1519224057822
583002 248.708116506325
584311 86.47306508821401
585911 260.68881098314495
587511 254.14897401552855
589111 242.21687360752537
590711 247.7143419260962
592311 255.07046569698633
593911 243.3654660278311
595511 258.4630744269263
597111 243.2472654316298
598711 243.41474656635913
600311 238.33957649095012
601911 259.37147600370844
603507 265.9224711061583
605107 251.06021358269064
606707 258.16718424480973
608307 256.2702608265039
609907 255.84212854487254
611498 265.5187070212034
613098 252.0547026877939
614698 257.80098262013854
614754 -104.72478576880569
616354 250.56643725854858
617954 256.73487218212415
619554 247.21569509273127
621130 265.92567401986634
622730 251.91459889422825
624330 258.35310903078795
625930 234.391457646392
626559 -15.439699402358983
628159 263.0487014703627
629759 261.0930874692157
630229 -40.853172372351665
631829 255.5154628725426
633411 267.213215557256
634797 91.18756528154898
634984 -93.93840052766788
636584 248.6634569742046
636856 -68.0460171540715
638456 247.55510325017656
640056 239.56714509796433
641213 60.998554168722876
642813 264.0720414684931
644413 263.571076770121
646013 246.81469991495678
647613 261.2045618521283
649213 258.2794231500933
650813 238.91738575943197
652413 252.2119885163889
654013 247.63957665574173
655596 267.9470646847089
657182 268.1765411309563
658782 263.30391790675327
660382 258.3286218809268
661469 65.63048177876689
663055 266.0876725563685
664641 265.15204993642885
666232 264.81424723952824
667797 267.7341069349009
668984 86.3801866615643
670584 255.1645229593457
670628 -107.1528641050489
670723 -114.63391466769762
672323 266.167862477907
673923 239.5254634990846
673967 -106.10454959459913
675567 264.2888634408357
677167 253.69438131025993
677225 -108.98204355247505
678802 270.085109039864
678854 -105.52391916244726
680447 265.28395603372076
682031 268.1931665345215
683631 259.7252368473907
685231 259.9244414568084
686831 238.55687242611063
688431 244.6428929756255
690031 257.85598187114476
691624 268.1780101149819
693224 260.1414412617938
694450 68.48574443539587
695994 270.442989435129
697594 268.2120548020744
699194 255.43013268394046
700794 246.43454807787404
702394 250.8396593659381
703994 245.19461040225156
705594 243.48173788644016
707194 252.02956915534554
708794 255.1175566351782
710394 248.62633521586386
711994 246.86168748801478
713594 257.8772514872233
715194 266.8549309145593
716794 243.07715368888168
718394 264.39130984354404
719973 265.70239796866497
721513 271.3424948981857
723024 272.5984282701416
723586 -42.20067231538456
725180 268.3419149865222
726780 257.9429752305528
728356 269.9032895715606
729912 271.07322223937626
731475 269.59219182269607
733075 252.76035106236532
733583 -43.41439200145873
733746 -99.51054445517435
734851 77.2971723615218
734899 -107.30206542943728
734944 -105.73049750115536
736543 266.5351696239727
736661 -91.99326988616026
738214 270.4986521963902
738261 -107.05044956377087
739842 267.58108427935696
741382 268.7307549324129
741450 -114.56681344246616
743050 258.96843694293756
744650 265.80396133341094
746250 204.75868455512418
747799 271.34679010109045
749399 266.21731808183245
750999 262.9664938286246
752599 260.9284005183888
754199 264.59673569579445
755791 268.8223144551759
757391 266.4321922688223
758978 267.1077269118537
759027 -106.06811668245992
760627 244.3864909741514
761846 66.51832375250248
763411 271.91312660085765
765011 256.5658210838949
766611 265.22513123738645
768190 267.5907457934629
769734 273.57739596664794
771334 266.7114199303297
772934 264.3846174930173
774526 268.3388730106939
776094 271.6064716243705
777694 261.1719978779138
779260 271.8413951555535
780647 128.63846668850746
782169 271.50675768703354
783746 145.34562553744047
785320 268.350238971587
786915 265.8793512786054
788515 262.08238034894316
790065 272.670361318334
791513 142.39401501951397
793108 266.98101594314784
794675 268.6105829501656
796275 264.9519957193142
796325 -108.63615516679982
797831 273.317249344093
799405 269.5112197958957
800981 267.69491773750156
802561 266.4832319162314
804106 272.6819894757309
805646 272.38547228050345
805694 -105.59421972900195
807240 268.98412426299444
808835 267.81859644705685
810427 269.32487761232073
812027 264.83740417559466
812913 -34.74609869844768
814490 269.1517159503316
816078 267.57512160752543
817634 268.6024988889041
819234 261.05672460810274
820771 271.7899865662358
821169 -50.223929830667885
822724 270.58791418882714
824290 270.54533963022317
825890 227.79788323550264
827467 268.699797706866
829011 269.5460270835911
830533 272.83906487990316
832133 265.97787791033255
833698 267.41469160662865
835203 272.156893993368
835262 -106.99390508998061
836862 261.47909236464903
838416 269.523019749627
839944 269.3130126114501
840470 -21.255065767406833
842024 269.70471696185723
843605 270.5744841956817
845180 267.8905765543804
845230 -106.80362733231237
846784 269.8181533493167
848323 271.7883946960503
848463 -94.61029008683562
850016 267.73132281300246
851528 273.2168342446444
853024 275.3058848853065
854507 274.5640928560354
856100 267.092014856748
857610 274.4254861984213
859164 270.89680828276215
860726 266.93469516877184
861684 42.950763153776336
863258 270.3452517074856
863304 -107.16658555209885
864803 273.0297285396397
866254 277.82835262732726
867854 259.8605149171738
869412 270.3014470604567
870958 271.2267972846292
872553 267.57859269955736
874045 272.02045446241954
875640 270.8953449423779
877130 276.1411791121821
878662 272.66865642356703
880201 273.1171657851697
881765 272.2212802668401
883323 272.23211440006173
884923 268.7292157674836
886466 272.26757229252075
887994 274.0744325382176
889505 274.80499748035936
891013 275.47384431865936
892559 272.82016217293494
894096 271.7101435173342
895696 269.7174680015035
897282 269.6542022478042
898087 31.700721239157843
899642 270.7625183983825
901206 269.83605127226963
902698 274.99545288041907
904235 271.8198898365784
905769 272.98557502204005
907331 271.62878586423
908896 273.2229436049449
910496 266.35566789278033
912007 272.65693708859243
912086 -113.01476680322489
913622 272.4231496140747
915127 275.8691700230517
916661 270.5513646041136
918261 262.66285870747316
919775 275.12531970444155
921332 269.3592511494179
922889 270.07780745736045
924415 272.89592060714943
925870 276.7491426531296
927340 273.5665021451012
928815 274.73133155730875
930312 272.3730551814164
930358 -105.19416789622046
931849 273.2267985539654
933350 273.72170423350036
934815 275.1925055413314
936304 270.5960918818309
937083 19.508806523821562
938601 273.9330793218588
940140 269.1451304752789
941643 272.6851484759528
943175 271.649909608496
944720 271.4969164867629
946266 272.56139172112944
947780 145.72672504286695
949277 275.3530690484129
950846 95.37848035646263
952346 273.96306478663007
953910 267.02015437521453
955440 269.0249355376421
955491 -105.52766010916916
956968 275.3895932502879
958472 271.9011720200215
959957 271.33294114998716
961455 274.75147550810914
963026 269.7151742517809
964478 273.6111329443534
965921 275.95686015939486
967043 90.52920617086855
968576 272.44238810616366
970109 272.4892521581499
971663 271.29006421866217
973135 275.40684521792207
974633 271.54111209174073
976180 268.5321903529715
977686 275.409144213116
978934 119.87344092595231
980470 270.16827079330443
981522 64.25470124710611
983029 270.92827551505263
984511 272.0996296899395
986044 271.17014987075424
987627 268.7635463652091
989154 269.8058305243886
989601 -47.84111774379817
991161 269.3468377979482
992650 274.1321953866403
994222 269.1371209237089
995765 271.65112332248
997265 274.6180492819873
998779 273.51131696320573
1000254 275.9431696558038
1001807 271.43064531860506
1003350 268.8223686011115
1004934 269.0778262213669
1006534 261.374082536261
1008083 272.2129685884305
1009663 269.2268651289628
1011179 274.4836221763273
1012649 274.2948873074866
1014203 270.6100327500146
1015694 275.25251291911746
1017167 276.0233062772226
1018767 269.42597660161186
1020260 273.2314410612521
1021786 271.3930550997421
1023312 273.1461714271744
1024867 272.0417864191953
1026407 272.50693315725596
1026511 -98.23225818267466
1028100 269.8951490591981
1029604 274.00885936894633
1031101 273.95610268218786
1031218 -96.49490474684474
1032746 274.74659305919675
1034271 272.33217480232486
1035782 273.99353552829365
1037370 269.85914801741535
1038958 271.8273625645635
1040468 274.4917269263439
1041166 17.646242028255003
1042664 276.51823241178
1043157 -29.701463736608602
1044660 272.2979595062197
1046201 270.0714412153113
1047734 274.23880627372307
1049228 273.1434548694711
1050713 277.81260044405946
1052234 271.1933646467614
1053600 150.22409698174044
1055086 276.62073073488443
1056570 275.05177498278806
1058059 278.10948084549995
1059589 273.43889188074445
1060407 25.497742437166522
1061897 274.18069449746804
1063414 270.73173169541957
1063536 -90.89594167486268
1065039 276.3031075041555
1066639 271.11849472495345
1066790 -98.36147658318157
1066902 -117.96718495624326
1068459 271.85021905684266
1069952 277.08213212964165
1071530 272.3138222141418
1072990 276.6147072915358
1074467 278.02451376291464
1075982 275.4240490789337
1077505 273.3442329726722
1079093 270.5538209945036
1080607 274.81041261138824
1082112 274.0434296529656
1082598 -45.61236810364322
1084079 275.324818489822
1085568 276.3965759116035
1086819 122.60888807833376
1088383 272.7312354697095
1089872 276.05326592344056
1091402 272.2437447337023
1092954 272.03304612814736
1094475 275.6556376604631
1096056 272.47499256171534
1097656 261.27364314861404
1099132 278.75160752402815
1100615 275.6776437171354
1102162 272.89596808633837
1102322 -91.44004084499429
1103852 274.76333795299956
1105316 278.336756510933
1106817 278.0725867679136
1108372 272.16337716610076
1109906 276.6162127664471
1109955 -105.47721299192806
1111492 276.7187408345842
1112952 280.2200907728371
1114492 275.54482058227285
1115954 279.028348893032
1117409 278.4070243603725
1118927 275.7134145133436
1120420 277.57557330818435
1121916 277.04723742671416
1123424 275.4564680392911
1124968 274.76116877080483
1126473 275.8383293030735
1128062 269.9162778943579
1128107 -106.21631644254053
1129630 273.06487724466257
1131115 275.2449588053265
1132555 280.8309600244401
1134065 278.36912058966436
1135538 276.02953207370194
1137096 274.90051308803874
1138620 276.2930593714019
1140092 278.25399884837134
1141570 278.16426827484486
1143170 267.0996350505842
1143793 -2.699564374595866
1145297 277.65504120207896
1146819 278.41499525069406
1148305 279.34363140582656
1148437 -91.32473786454959
1149943 277.56185918228226
1151385 279.8493406486541
1152939 274.1867792990116
1154421 278.70367666698246
1155893 279.17674262118265
1156011 -92.63484386116576
1157589 274.1787663909822
1159178 274.1050158001742
1160661 276.3299146312781
1162171 274.5439348984947
1163606 279.87010703732903
1165107 277.32933686452935
1166503 285.41576148592867
1168039 275.1680284855416
1169534 279.0920616090469
1170746 81.96652346349731
1171336 -35.309178079803345
1172556 126.86784976977245
1173551 74.68952947787076
1175004 278.7981560863921
1176538 276.12115736066073
1176648 -94.66255860846118
1178150 277.54914573243934
1179624 276.30746872382326
1181061 281.0272375842914
1182560 280.68259361523076
1184100 276.8245173721984
1184668 -5.8719643524127605
1186154 279.3719752824841
1187655 278.2875012948673
1189131 279.9920422465045
1190630 280.3233108960701
1192124 275.8748809773009
1193573 281.322998173338
1195038 280.98967378628316
1195128 -111.05101767616347
1196581 279.1116038745094
1198089 280.0599685350333
1199626 277.10679098467926
1200595 77.30477448303108
1202044 281.6033904261733
1203558 277.4128650182318
1204997 280.70399089073607
1206454 280.1101304464709
1207927 281.2490187773955
1209438 275.78677605945353
1210936 277.08197319569433
1212394 278.05927980132776
1213889 281.42998622001693
1215378 278.6703366557869
1216978 270.25015825233163
1218455 277.8573620762472
1219917 278.0920094443852
1220222 -62.50795074710316
1221195 77.88033569584113
1222633 280.2202243420146
1223495 32.605088816420505
1224966 281.2980124420456
1226454 280.3190190828731
1227889 281.2434058980272
1229396 276.04557419091066
1230859 280.2659701777675
1232342 280.63000122510834
1233803 282.54647729244755
1235301 279.4854175996059
1236793 278.9011298687567
1238296 276.9990173475836
1239728 283.6056412542533
1240177 -23.401990701329666
1241669 280.7781500334873
1243160 280.18084093538897
1244674 276.8092384168691
1246133 282.16317114620347
1247628 278.4490561564699
1249106 276.3916783015088
1250556 280.30550745161867
1252016 279.9529303267954
1253455 280.85294910807806
1254921 281.18095218721044
1256361 281.1263145978766
1257943 276.381492002205
1259436 278.6957713004958
1260942 276.33741204759605
1262418 279.3577694444803
1263908 277.3909472076062
1265442 279.0107443019781
1266930 277.79900267279737
1268437 276.9211593446148
1269962 279.59362621269463
1271489 275.2389371221875
1273023 279.1232420995817
1274514 276.3219109266133
1274559 -106.88231940318707
1276029 279.6500114142304
1277508 280.24708268011756
1278998 277.6347918612473
1280495 278.52011800270776
1281936 282.1064625169196
1283419 281.46879736469384
1284965 275.7838602611777
1286503 277.8159533691151
1288011 276.09307123021046
1289534 279.34849855874046
1291093 274.0358876671545
1291137 -108.78338170409451
1292035 53.474078441776584
1293554 278.77897553080663
1295035 278.4996610972639
1296550 278.59418838261945
1298091 277.5144050017137
1299549 283.64182727265984
1301061 278.6537998152485
1302545 281.47847174468234
1304007 281.988411369722
1305537 276.80125226184947
1307066 278.03634688846574
1308563 280.4166643485102
1308881 -55.79073315584163
1310414 275.92748496058306
1311888 282.2894802549293
1313377 280.2885536496352
1314825 279.62255866842327
1316361 275.6142345852043
1317807 282.6873425011469
1319407 270.4748090374908
1320934 276.730136056433
1322390 282.51213617536763
1323906 279.2265610510824
1325436 278.4786098568889
1326963 274.614428284222
1328485 277.07244152939074
1330022 279.03400083466516
1331445 284.04121469149163
1333003 277.11856677812773
1334468 280.80935654967635
1335898 282.4126855613019
1337412 277.8109138016218
1338883 282.4509688001255
1340330 281.6647969377748
1341847 278.7530539558676
1343335 282.4149562635282
1344866 276.84344274839617
1346356 278.9419012629345
1347817 282.51439820614996
1349314 280.0829454025478
1349382 -116.81095161966235
1350899 279.3475790981202
1352400 280.9842837090213
1353859 281.70172984065346
1355342 279.8991479169379
1356848 279.2335703650062
1358445 275.5560899534265
1359938 282.05535627301043
1361461 278.90256921887544
1362970 277.69358205788353
1363893 61.78009188596272
1365424 277.20040969669896
1366957 274.729892710881
1367017 -114.86321985449347
1368489 278.65750413029707
1370056 276.7573099306403
1371549 278.9290013042027
1373048 277.5068699725603
1374648 205.8666646168679
1376155 278.9957401646395
1377697 278.3184754852851
1379187 281.2720387618797
1380663 277.6859616668509
1382158 276.19240561876745
1383694 278.16889197263095
1385168 279.5466714989468
1386697 276.53892720012914
1388166 280.0472399265741
1389664 278.1793803301883
1391190 278.1599625627166
1392696 277.74819084446
1394191 279.52420668214467
1395692 278.0200622794456
1397176 277.0138649151305
1398648 281.59723034897024
1400098 282.65824671839925
1401588 277.5681149412946
1402999 281.70218980703953
1404516 280.1183534865856
1405968 280.7044404069009
1407419 281.38084243838665
1408851 283.7687025820759
1410312 278.5826566765841
1411846 276.4902487712049
1413322 281.57634868962134
1414746 282.5640998258242
1414791 -106.65958121573925
1416271 278.77548550139926
1417720 283.51346048632684
1419223 278.5864215750243
1419270 -106.66088948805071
1420734 282.1318246694734
1422192 282.8787621725687
1423756 274.01101673154164
1425093 148.33866897598693
1426556 282.1773775194826
1428049 275.84740833769496
1428115 -111.10550011384115
1429613 275.8985779810191
1431114 277.5831617039935
1432636 278.2845835762743
1432704 -106.3180416042041
1434221 276.20474355368555
1435652 283.68612746872896
1437172 277.2168616637337
1438638 280.60537164319936
1440105 278.4851062335414
1441606 277.7439295112092
1443083 279.15334618481387
1444525 280.21045691003513
1446059 275.645984864355
1447545 278.67635564378946
1447609 -111.167331580791
1447731 -94.77275387009978
1449187 281.95668885720164
1450675 277.609188407967
1452186 276.60045442889685
1453679 280.17053378228997
1455112 281.31612529901
1456544 281.62792339997475
1457050 -25.261981137276265
1458524 279.7153469830539
1460014 280.66847330377635
1461505 280.219624212323
1462927 282.3403804379187
1464391 280.4452918805785
1465909 277.84313305837964
1467406 278.57090244086373
1468837 283.85513049836965
1470260 283.68986866720536
1471711 279.0746722922679
1473115 284.1302992991402
1474532 282.6005376611605
1474578 -107.89012335672726
1476071 280.4104453078046
1477598 278.0159935862076
1479027 283.7040508886226
1480546 279.2210086191186
1481983 281.7518706664181
1483437 280.3569721953315
1484939 280.2725783690394
1486424 278.1784596226326
1487907 279.3432154951931
1489372 281.32216027654874
1490807 282.7631582693322
1492291 278.14905516538516
1493767 278.6010827272596
1495235 279.4917012738712
1496697 281.086401273062
1496818 -91.70763146143655
1498274 282.23939833046217
1499743 280.10743978024567
1499945 -92.97226993023604
1501408 276.64142735691047
1502910 276.54471734465
1504425 277.78811266615617
1505966 275.0988919507027
1507433 279.35905123020643
1508873 280.3161873339517
1510348 277.42072018890815
1511833 278.1162763870761
1513308 281.8377049746695
1514792 281.031528796364
1516302 277.3777042380293
1517860 277.16202304269484
1519377 277.62827194363393
1520865 279.6659971769221
1522372 279.81994529926953
1522773 -42.633202811565134
1524211 281.2328401109628
1525695 281.23231695291065
1527151 282.3057579394316
1528599 279.8395165992206
1530062 282.2429522731853
1531533 280.41576490439513
1532976 283.2218381985016
1534410 283.3402846893476
1535910 278.88738384402234
1537415 276.5283877370911
1538894 277.45762298640386
1540348 279.7509684759756
1541806 279.9198112367095
1543056 123.29828576729764
1544502 282.95972289048893
1545948 279.5767718138565
1547427 281.4358090625666
1548887 282.165001939843
1550417 274.56279382290165
1551867 280.8566128244317
1553344 278.2797519686061
1554816 282.42743239171045
1556227 284.5405346924808
1557696 277.37841296505684
1557843 -121.47985842811565
1559269 281.50447661096734
1560714 281.6700161466831
1562188 282.27866627371037
1563624 280.4772256527666
1565076 282.09216006018846
1566533 279.2274678719408
1568015 278.9720148344015
1569452 283.527900753177
1570909 278.7396154160045
1572305 284.30957935422595
1573743 280.35716133357374
1575231 279.8199034673964
1576686 277.8300530850028
1578131 281.054552840883
1579587 280.68014096708004
1580568 67.86140120423505
1581980 283.18926612691126
1583467 277.27866478115214
1584919 278.31937241371213
1586387 282.0292406649289
1586865 -20.766646412011852
1588344 278.2598791210373
1589819 280.3371597517287
1591294 279.8837337132122
1592723 282.7361017394651
1594245 276.1777504239772
1595701 278.6098999516385
1596776 81.52844617972411
1598283 276.366985060982
1599708 279.10408002376147
1601159 280.52690900512533
1601261 -115.69517644170175
1602722 277.0596868894802
1604166 280.46191059228937
1605605 281.4157709374801
1607052 281.19139358379107
1608510 278.57938135404083
1609972 280.66245844287283
1611379 282.825081515171
1612813 279.95374891857523
1614298 276.82748287204777
1615745 280.0266608139554
1617185 279.70236401969896
1618625 281.0811740787325
1620079 280.06661951567804
1621543 277.7434250666421
1622986 280.0295571725925
1624424 282.91166737862727
1624492 -111.92863896389926
1625946 281.19875261931566
1627407 278.21172396493705
1628833 282.15982136889994
1630232 284.5877083237432
1631664 285.04090838818075
1633083 280.80222590966656
1634501 283.5985452264187
1635901 280.9079145671211
1637333 281.72837792262453
1638798 280.10562277377136
1640230 283.1704207081751
1641682 281.5151052924509
1641743 -114.79926255070977
1643195 281.9596066932674
1644620 281.07312237173016
1644661 -106.36151928614763
1646108 278.5797320004708
1647525 284.62880898228326
1648969 279.96573120664874
1650367 285.20639430252703
1651801 280.4682144722453
1653230 283.28216014611303
1654622 283.5814278568697
1656064 280.00197143533217
1657490 283.81589556981106
1658893 284.99020725930103
1660383 275.9180661324649
1661810 281.2514223720364
1663253 282.423182409717
1664674 282.9068537199727
1666097 285.1277743549572
1667531 281.4878353766272
1668772 127.89189772403279
1670187 284.15524697708815
1671648 277.781093280943
1673074 280.34130917473624
1674472 284.46880052377026
1675892 281.906659369389
1677323 282.8510183183365
1678744 282.11258979454277
1680166 284.34169001747324
1681603 283.15134771652214
1683055 281.03090216331265
1684499 279.7248341903754
1685933 281.0973925644721
1687395 279.86651522151095
1688875 276.749434269832
1690305 282.2992887846295
1691807 277.4779067163805
1691886 -114.43626962078487
1693375 278.646321618412
1694794 283.79826030670927
1696264 280.0196158101655
1696839 -36.70494404411806
1698276 280.55673749859756
1699752 278.15263947725646
1701259 274.3109750448803
1702669 284.4964805756672
1704064 282.25457909215123
1705533 281.13733358656424
1706354 42.248139422341126
1707788 281.00629098359104
1709240 281.90249067618817
1710678 279.98812041082954
1712151 280.07400457305766
1713584 280.5844672921506
1714990 283.56668259474003
1716434 279.61240712767494
1717884 280.8912371120029
1719321 281.0580166487633
1720731 281.29786708662954
1722194 281.77103489922143
1723642 282.598558761763
1725075 281.20164255485713
1726530 279.87592049561863
1727951 281.59573616442003
1729397 282.2924892484312
1730800 285.01669556975025
1732225 280.6849619192825
1732370 -94.75855997886819
1733809 283.7775419696326
1735250 282.292163933475
1736742 277.37753263688626
1738241 276.33556636191145
1739634 281.1571806209525
1741138 277.3563329007459
1742546 282.329828442643
1743995 280.1119221544834
1745426 281.2951253890233
1746907 280.6506194965815
1748353 281.6361222325386
1749828 279.187407246007
1751306 280.6539075041261
1751481 -98.68812545822871
1752946 281.3239874720788
1754419 280.3220057199616
1755876 281.32963687292215
1757307 281.1793312213939
1758777 279.38130042764794
1760231 279.70542436555303
1761668 284.25854519523807
1763099 279.50480226827653
1764510 283.6123496525524
1765952 285.20973049145454
1767407 280.2468587612651
1768859 132.72729582574613
1770336 279.4838793439445
1771762 281.4343699554086
1773191 283.73116227732453
1773254 -109.82940428203841
1774668 283.7957429051411
1776085 281.2383621790458
1777511 283.6825044190326
1778957 281.7976030743097
1780388 282.4899582068549
1781811 284.84579122573155
1783296 278.0046497734384
1784751 281.75926563664876
1786211 280.2103701525944
1787664 282.7074408918754
1789110 283.3439120124055
1789986 11.655216440994124
1791451 278.8903015793694
1792886 282.3358488090896
1794350 280.11874213537476
1795783 282.6184898582226
1797261 278.85603973840426
1798686 281.63359921997437
1800101 281.55737976789544
1801574 281.9179728305
1802968 284.1417598013307
1804475 267.30408877336083
1805904 282.06757866625384
1807348 279.83408549549995
1808808 280.1310609463132
1810222 282.95312691229714
1811660 282.74423688088774
1813086 282.3186762499928
1814495 284.3893462577873
1815973 281.10032944104734
1817417 284.3073691537243
1818855 281.89191739243853
1820259 285.97627575041395
1821695 282.08016402625077
1823077 287.74510850801323
1824518 282.3687184837131
1825957 282.2052446912578
1827418 281.8841054725408
1828858 279.66119616676735
1830369 280.2479345079524
1831765 283.9776916095373
1833195 281.8068500847151
1834675 280.1816093880706
1836119 281.74334274974444
1837120 79.56251149988256
1838562 284.2574781077002
1840058 277.47780454399344
1841499 281.17400431929633
1842954 282.4467608958624
1844404 283.13639170293663
1845830 284.78284219252504
1847236 285.9570073645227
1848699 279.03736311580116
1850129 281.3107227324824
1851578 282.10761566920115
1853050 282.4823128385235
1854428 68.64129046920976
1855875 283.9574714828678
1857281 285.0620164848246
1858713 280.7542606844369
1860193 279.5204069137579
1861592 286.0858552573771
1863065 279.96523583118056
1864495 283.63477152164296
1865946 279.7908711341081
1867388 284.2225890018175
1868824 283.1976813601039
1870291 279.4780997082731
1871719 283.93170325198577
1873169 281.7053431246229
1874575 286.22994078210553
1876035 283.3254746554049
1876478 -37.367437146918846
1877895 282.5982218374136
1879368 280.8880641585145
1880845 277.31464300204726
1882309 282.384430658122
1883706 282.7228986418502
1885140 282.1424176461318
1886599 282.50340751906714
1888019 282.7733021862204
1889534 277.2722014948227
1890998 282.7693295281315
1892434 283.79218268023607
1893905 278.74610129406375
1895326 282.58906288384213
1896728 282.69095639553024
1898179 283.5266612902424
1899698 275.4119126378753
1901106 283.2239612573365
1902531 280.6936958444954
1903958 284.56030368595475
1905492 278.7626167017409
1906948 280.646860343654
1908410 280.21222777310965
1909939 276.87026841876803
1911366 283.42770215757855
1912786 280.18741044652785
1914265 278.9477368969566
1915709 280.7465691215633
1917201 282.39938107368715
1918621 281.8523894527733
1920152 279.0593275202629
1921566 282.4915044890414
1923007 282.9881545132119
1924440 282.0415560751404
1925844 281.56506307686664
1927300 280.65602629836536
1928735 281.5568681073702
1930161 281.1529878135395
1931649 280.95147538341456
1933016 286.9314487998511
1934443 281.220108287861
1935934 281.39368602838806
1937348 286.10862005233565
1938829 282.1701011089424
1940284 282.6964528777942
1940352 -115.99529455939742
1941761 283.895577169955
1943123 285.07476305902065
1944546 285.2425006328622
1945719 120.67181946189518
1947151 281.5930963741341
1948565 284.85664750292506
1949991 284.7742832078288
1950923 52.56041417246033
1952473 274.5272254553031
1953954 279.83845873591065
1955429 277.02539644537626
1956904 279.02197027685116
1958361 284.28317122648014
1958489 -88.46659211342222
1959969 278.63858782717074
1960732 28.002750166953945
1962209 279.7262738043268
1963747 275.8383246806039
1965251 280.6456901182515
1966652 285.45148378038925
1968101 283.7274676627997
1969551 280.622512350013
1970970 283.23334126723387
1972427 283.0164588798604
1973854 282.2599420998424
1975301 279.7351117509729
1976772 279.40702119849993
1978185 283.1610258090136
1979629 280.99544470031645
1981052 284.7458806368069
1982445 283.7765374467312
1983894 284.44321521568054
1985310 285.6816367005493
1986746 284.87113285965194
1988144 284.31902141973455
1989564 282.252346225385
1990979 284.3630831631917
1992376 283.68872195241954
1993789 281.73411138898166
1995205 285.46839620678065
1995813 2.4412012425740954
1997231 284.9810588631695
1997294 -114.96119782818855
1998708 283.6235482897369
2000129 283.4559564973334
2001521 287.14786041616804
2002917 287.5338399275427
2004311 283.9936904078334
2005711 283.03261550141644
2007166 279.8579345987138
2008594 284.88266804527115
2010009 282.4675200674789
2011468 279.88017159634927
2012898 283.21173407640885
2014322 282.43675646552765
2015743 283.4658051872514
2017174 284.3234530080804
2018583 280.7010969199588
2020016 280.2049636171031
2021466 283.2955844999867
2022886 286.18810509452766
2024372 279.3991520047761
2025807 281.79245243318974
2027285 280.423282824297
2028731 282.3823785830026
2030159 282.47075216685744
2031620 281.7711723102508
2033051 285.87042322461673
2034509 282.6093736488913
2035922 283.8576418584797
2037418 278.6179549807194
2038888 281.03628296076033
2040328 284.31074353021717
2041730 286.3861471901991
2043286 278.5705178070234
2044699 284.49998634666974
2046135 283.4992667548627
2047578 283.3228380061255
2049038 280.0855162057571
2050481 285.58315880409214
2051904 283.82249464840254
2053293 288.0854690736589
2054698 286.2420384601851
2056135 280.0119569222083
2057715 272.4438685652774
2059183 281.642026508357
2060486 152.4359769935984
2061905 286.0287252938374
2063367 281.32240924462604
2064805 284.5710475685712
2066191 287.740588212524
2067704 280.16762948747805
2069109 284.1463821104291
2070509 285.6067986641124
2071938 284.7491863704941
2073371 284.33082016174603
2074722 156.50156965876948
2076132 283.0337249427643
2077526 286.9117148096492
2078946 282.8719105450386
2080404 279.7321420066104
2081841 283.11825552123196
2083253 283.3998977628755
2084691 284.6283675228852
2086117 283.6210975748331
2087593 281.2906342735093
2089084 279.9519163456387
2090518 281.89968794751053
2091906 286.3374818703648
2093306 282.90860680080704
2094693 286.1652407993425
2096135 285.36853901209804
2097583 283.24015009275433
2099022 282.6162001111082
2100440 285.01483278813214
2101825 286.546509510463
2103235 282.44881148045096
2104625 287.52776058924456
2106039 282.7328733571042
2107466 281.94990867541486
2108870 283.17098858161313
2110322 283.5170854646119
2111773 281.7397616567907
2113218 283.71727347402316
2114692 281.5130089302527
2116092 284.491613319252
2117535 281.9238884275776
2118991 280.7651412423143
2119119 -92.87611193431604
2120640 276.9752077108427
2122075 284.8821047368948
2123480 285.0164878422433
2124934 281.2087081163312
2126370 281.37821685864793
2127794 282.32463118165487
2129182 286.4599312074722
2130563 286.71043853849756
2131998 284.03914471433933
2133399 283.89760897985656
2134804 285.9033728298837
2136232 284.0638193728725
2137668 281.7263559002171
2139168 279.7128736719764
2140607 283.09836084860945
2142023 285.3646892512944
2143437 283.36444750919566
2144860 281.3029625343699
2146278 284.088551396088
2147674 285.85803074123646
2149103 281.7750703470149
2150514 284.4324195200653
2151930 284.34783869067223
2153326 283.8260465459147
2154742 281.46013341114156
2156188 281.50075727607907
2156311 -123.25239086087917
2157531 136.46638563733796
2158971 281.73918080475056
2160399 284.8288744623598
2161820 281.66570569901734
2162046 -96.11935118831136
2163424 285.9387497762596
2164835 285.24333655980917
2166269 284.8070159817672
2167709 280.0541205223168
2169120 286.41294331295643
2170519 281.82115402648327
2171999 280.8412605009281
2172122 -92.76297614897416
2173538 285.0844881870463
2174934 285.0789661463156
2176387 279.2118236035762
2177799 285.2030004183027
2179190 287.33770231939934
2180615 283.2368561977705
2182049 283.3187537610524
2183452 284.0479461989435
2184865 283.4910901770058
2186292 283.7980698671267
2187759 281.8476919613451
2187898 -96.72205655768514
2189346 284.2108025755574
2190167 44.572762179034186
2191612 282.5154764114377
2193056 281.56586984408847
2194449 285.75134180978614
2195919 281.13453424166335
2196045 -96.07406744993291
2197495 279.31574180280984
2198909 284.08006632977776
2200342 284.88410242508667
2201774 280.99621563004337
2203245 282.9318664923995
2204646 284.4916799626139
2206087 283.81215523931843
2207536 280.28903879313657
2207646 -91.76662162704518
2209068 285.1405076787904
2210556 277.5118001954165
2211998 281.82151976159383
2213422 283.1408707500825
2214823 283.05067659148494
2216252 283.56639475875085
2217690 281.91682675636287
2219154 272.8397826167534
2220579 282.13253783686883
2220631 -111.55281346246724
2222089 283.7380941894039
2223495 282.36543258734656
2224937 283.9871567507073
2226373 283.97639046724737
2227782 283.0864790088293
2229199 284.3308869940056
2230681 281.7454813237559
2232093 283.76844882248974
2233529 283.91711373871124
2235003 279.62801816393664
2236400 286.28475125612965
2237832 284.3157459774225
2239238 281.8372320277552
2240692 280.92884177450077
2242123 283.1849253912765
2243523 284.8571212410273
2244981 281.69337031581114
2246368 284.5159631921706
2247775 283.43671220299944
2249149 286.0290522773682
2250563 285.97266298621633
2252001 281.15036684756
2253077 96.87559143916678
2254505 281.81547768298145
2255912 286.16418167185606
2256944 93.02754229084249
2258339 284.80959274995854
2259727 287.41755948718
2261150 282.35257584188713
2262544 285.8887290120287
2263913 288.67477270411274
2264352 -31.87034386584537
2265624 141.54391885373036
2267060 280.9795084582691
2268475 285.5432879139221
2269846 285.45830451896245
2271279 282.66142849434266
2272695 284.8027905004187
2274125 284.6834724994011
2275602 280.32169270733556
2277029 284.78102711980426
2278467 283.6260721628324
2279883 283.7827961166748
2280778 60.50656411530386
2282189 286.75028447629757
2282326 -97.33523556033646
2283723 284.926839258101
2283766 -107.30199620292397
2285169 284.37489684830314
2286589 285.3504635827226
2288021 281.88699891512437
2289471 281.45925945576414
2290890 285.6819753908043
2292358 282.67544716931155
2292416 -110.46315153682046
2293867 285.001564120913
2295284 286.19513183567784
2296665 284.8518419275535
2298050 286.7440014909207
2299467 285.00852765804876
2300870 286.6175787909321
2302368 281.09470748876663
2303757 286.21689137656375
2305169 283.79036434220563
2305225 -110.49713326508427
2306649 285.80389915974513
2308093 281.3306332616695
2309542 285.1051639559705
2310926 285.96204469986225
2312359 283.2730607466262
2313780 283.6304217921786
2315183 285.16914231570667
2316591 285.0366041514325
2317998 285.8421278579955
2318601 12.370270001647413
2320035 283.7139952966811
2321494 281.32305912554676
2322920 283.9741282549398
2324364 285.1100963250288
2324527 -92.68563417747431
2325960 285.2375963416437
2327391 285.09841321544314
2328799 284.0279634486101
2330247 282.6109716169148
2331631 288.7877182486628
2333042 286.9679723013449
2334487 285.6644431485614
2335942 283.6299052758031
2337322 288.0521444486033
2338750 286.02687184040866
2340167 285.3735903877019
2341636 281.77350159943234
2343153 278.9608718374724
2344530 287.45683210021
2345947 283.2244184386917
2347352 287.17749574413904
2348737 155.24870900645277
2350205 283.8882765851258
2351626 284.11913519280284
2353031 287.81793623502784
2353535 -26.02119712318826
2354986 284.8687587620649
2356419 286.08079096142774
2357873 285.23750652890953
2359310 284.04222424170933
2360712 284.8617564574203
2362128 284.89237008267673
2363505 287.45908454840134
2364938 286.18635188398395
2366357 287.40519357385455
2367799 284.35238441321934
2369205 284.3942207921793
2370632 283.21578690513445
2370769 -96.88114310546716
2372160 284.302231091034
2373546 287.7634344904987
2374943 288.02505012357193
2376363 286.61924766650833
2377799 285.99162556447106
2379220 286.39134916218876
2380651 284.7756125038168
2382038 286.810943392354
2383543 279.35650350451135
2385041 280.2051390459731
2386399 289.83912438377337
2387811 284.05305225678126
2389206 285.91899555083484
2389321 -90.23147025805463
2390723 283.8903660612343
2392110 285.9881772611258
2393536 284.1328019916726
2394950 284.8738389273804
2396402 284.5432735062323
2397042 -2.6128168206124514
2398525 279.5155613867621
2399925 288.3069885670766
2401362 284.84001765731915
2402818 282.22117362440366
2404255 283.45714747329487
2405660 287.46105638020805
2407079 284.8789487013627
2408526 282.195063314697
2409943 282.3107485453771
2411355 287.8795478228404
2412799 283.0841168616457
2414224 285.4450122042605
2415636 283.5518108773818
2417071 283.6277843336023
2418491 284.61080690433846
2419928 285.6251005707246
2421358 285.8747985609104
2422780 286.7928102431136
2424213 282.9897852105609
2424592 -36.09187811626491
2425970 286.59538765260123
2427389 286.19060683307805
2428810 285.66505907244726
2430250 280.78269950390825
2431705 282.97968134116826
2433084 287.5684056484458
2434090 33.62638433383796
2435492 286.8078562970541
2436910 283.67765759596597
2437304 -36.68253815618591
2438691 287.68563040628203
2440083 288.2923254591435
2441532 283.32838104781126
2442955 283.7573494343276
2444463 145.18614725427125
2445875 286.234516103093
2445937 -115.08234449652831
2447382 283.2212624224238
2448819 285.20893923365395
2450234 286.4146145291855
2451685 283.1531417742526
2453105 283.5062893221106
2454577 282.5976495610563
2456013 281.9235517634926
2457489 283.2507205925624
2458934 286.53656577549134
2460352 287.9086913086647
2461528 109.06587112613369
2463100 277.02107745329266
2464512 285.039134165894
2465959 286.14615009763406
2467380 283.36147956787903
2468766 287.9715604863388
2470175 286.38089865344625
2471583 283.7768858342105
2473023 283.91966560133176
2474468 283.3657930978396
2475930 284.99446231023796
2477349 283.7924457941596
2478770 283.64143685444907
2480217 286.02909173450985
2481624 285.3484998746324
2482993 285.70948828639126
2484437 283.05406362005385
2485868 284.00893359700194
2487288 284.91357584444745
2488756 283.1034254740368
2490212 281.6437649424464
2491683 280.0631344821757
2493113 285.8511699470908
2494513 288.1237411703099
2495928 283.6108321764746
2497375 282.657122310166
2498818 285.2200699199444
2500209 286.5699140357483
2501644 281.99138703224133
2503064 284.03696114612256
2504475 284.9842887804723
2505913 282.0896075369989
2507356 281.9196609662618
2508786 283.8420073861396
2510184 287.83220089624285
2511602 287.24867877778223
2513017 283.715790275408
2514453 284.6170994462209
2515917 284.4287262988993
2517297 287.5629585709291
2518724 283.3645962864806
2520107 284.91706546397023
2521546 283.57461219740907
2522958 285.63480281817505
2523606 26.99097890505375
2525080 280.17088885541847
2526491 283.85315772028684
2527964 284.26993436882594
2529375 287.48633860709106
2530790 284.24906780240747
2532219 284.5386898516152
2533619 285.5248514509719
2535092 158.53819505416948
2536492 287.7515068402235
2537912 283.54189279167525
2539360 284.0872825337046
2540829 283.21195247890114
2542301 281.9784377564965
2543722 284.20508697861976
2545159 280.82109082104796
2546574 285.17377698549626
2547974 288.7353043233633
2549405 284.71380722145915
2550835 281.8539069565428
2552267 283.94315762957626
2553674 286.47554678257194
2555052 288.0578279553415
2555114 -111.05288043771436
2556527 284.1975694814825
2557908 288.33155435979006
2559325 283.7194183010699
2560730 286.5844139292512
2562125 284.76483102631903
2563508 288.2323179823409
2564972 284.2011677163427
2566355 285.12460422771983
2567755 288.22712547994223
2569182 285.06763565178
2570687 279.664154087036
2572149 283.379969506077
2573605 284.9833510709575
2575001 286.5672978820144
2576363 288.8989139216818
2577747 286.7425360672657
2579193 282.44309932910204
2580620 284.1146783883799
2582121 281.56158682915566
2583504 287.32539453717004
2584896 288.60281419345824
2586348 283.41734186127593
2587786 283.3914171378577
2589240 285.19846371527217
2590633 288.2292690761035
2592047 287.08591854393745
2592398 -41.24033774773897
2593807 284.67796384872037
2595354 276.42018501371734
2596811 281.7527750236904
2598296 279.60434415152844
2599756 280.7399723445054
2601206 282.17875713740045
2602673 283.34702456316955
2604076 286.75947364941175
2605479 282.07715828091614
2606892 285.2033243295496
2608304 286.4266885010788
2609743 285.3898504090906
2611167 286.4867928896141
2612644 281.49771946939035
2614107 284.11959338729747
2614911 29.862731595063707
2616337 285.46324366985095
2617755 286.90258542805395
2619135 286.27299480975284
2620542 286.0439811567191
2621910 289.4163171784747
2623302 286.9953020132853
2624694 287.9318152135817
2626140 285.2953156120394
2627566 287.0567151546465
2628990 286.6554162685693
2630398 286.40970182830347
2631815 287.9946644485167
2633306 282.838181277746
2634134 46.13833646836139
2634772 11.615349283982809
2636159 288.54935672098344
2637732 275.68371302700547
2639186 281.2999404098324
2640589 286.4493593219575
2641986 285.85092804390314
2643382 288.8589508851935
2644899 280.97733876524154
2646313 285.71844888371845
2647791 282.7874012241057
2649219 285.8116890677759
2650652 285.80810052262484
2652049 288.8588198145142
2653455 287.23859564994405
2654924 284.7930835991652
2654990 -109.86940409836515
2656408 284.5791231040926
2657791 286.12513197866616
2659221 284.8776523896959
2659740 -17.120901752188203
2661146 287.9764360375535
2662643 279.88823799505826
2664099 282.3701575886961
2665525 286.7668767465565
2666961 286.7782207252124
2668368 288.3129706890428
2669793 285.7870742215299
2671225 286.1207934602918
2672662 283.66621820496664
2674093 286.8271779810315
2675516 286.34442275900165
2676971 283.05584335283913
2678396 287.7934770258
2679806 284.94403221385335
2681250 286.1544471845505
2682749 280.1427027256172
2684167 286.0359781188308
2685618 283.384209707491
2686994 289.51987165687893
2688454 285.07528887358114
2688804 -51.11978180340493
2690261 283.4992706977074
2691687 283.95138950150465
2693107 286.61327918676665
2694472 289.824335702086
2695922 284.43946396544425
2696240 -65.73040633597287
2697659 285.84079522155525
2699099 286.4896244373313
2700529 286.4836649684599
2701916 289.04760184372697
2703369 282.0280220558835
2704773 288.913481156763
2706187 285.55102301201424
2707652 284.32836063405097
2709047 287.73037518203824
2710470 285.1316501980182
2711970 281.18608224732384
2713403 286.397537136899
2714825 286.73817310894736
2716290 284.1019073752656
2717691 287.37327126114724
2719120 284.54740035910834
2720495 286.2213388469588
2721871 286.22338113198845
2723353 284.18977371078273
2724783 285.36526942390987
2726177 286.63431926381685
2727564 285.32675458922944
2728988 285.2102027499243
2730476 283.1499619233637
2731889 285.87469541715535
2733316 284.53095752939663
2734782 282.52206625764154
2736140 290.9583931581762
2737563 286.9022554642434
2738987 285.4291625299214
2740426 281.0696459530125
2740478 -108.35738038231122
2741934 284.68563151576626
2743385 283.4085252329631
2744771 289.2040459502151
2746182 283.09206100128495
2747590 283.19622929039946
2749011 283.42878549144393
2750102 118.65089798434059
2751471 288.82964131210656
2752913 282.51181352747557
2754368 279.7647135402772
2755838 283.2270259693519
2757270 286.16226622584145
2758735 282.95490876307247
2760163 283.93127426963144
2761573 282.6971961310743
2762958 287.5345673460323
2764376 285.45746160639897
2765853 283.8704231302826
2767284 282.5596190113298
2768687 286.1220472222586
2770122 285.93262220546507
2771654 279.2725445291483
2773059 288.54231391210993
2774474 285.8578040535872
2775868 289.68734533295964
2777299 284.0833889205072
2778725 285.1193309174562
2780134 288.0730654538232
2781578 287.27607790581095
2783025 284.4854968553588
2784611 275.06918105562215
2786042 283.18062134899463
2787452 287.47016510277484
2788860 286.07004513233846
2790272 285.40617772403255
2791718 284.9776693045071
2793123 285.29633954087325
2794552 285.9956968515863
2795940 288.1568744804431
2797414 281.2916282178799
2798825 286.63805897020956
2800235 287.22000493733026
2801650 287.7430891258472
2803035 289.0582413535351
2804445 286.00129992094213
2805907 281.3539918889977
2807380 283.0993668617181
2808810 286.7389895641582
2810279 285.5783190954555
2811697 288.15576062562917
2813077 287.8753978780179
2814493 287.15347387979506
2815915 284.68795664271033
2817372 282.90241318621014
2818810 287.7341842328693
2820219 288.97883617924106
2821645 287.152199332425
2823099 284.6569809553965
2824516 287.14415975462873
2825939 286.6921573296164
2827375 285.4098399132153
2828780 285.7329291086486
2830223 283.8702876035415
2831715 281.93459713170216
2833121 285.75699983551726
2834517 290.1998588491479
2835913 287.3316074494492
2837306 287.08522743694203
2838683 290.9184834368226
2840082 288.8532719006236
2841519 284.6920441424105
2842980 285.6302088303617
2844428 286.65386146281634
2845847 288.3996748794949
2847241 286.9903948895346
2848645 288.7111560081916
2850070 287.2541600065902
2851428 291.839541162071
2851495 -112.35191109731296
2852957 286.6580088411874
2854328 288.4170939699963
2855817 285.28583776532713
2857223 288.8428472698333
2858605 290.01856314347015
2859991 286.7741188835348
2861409 289.68955524172344
2862275 65.65118390402625
2863690 287.9455327981419
2865077 290.77709002896563
2866490 288.0182318043757
2867906 288.4357784858765
2869339 285.8026087945834
2870790 286.21450621987
2872250 282.82151458891315
2873662 285.991405786254
2875143 279.84388354734864
2876571 283.9909478697893
2877997 284.9290541723449
2879420 284.839761415947
2879544 -92.7697140650954
2881005 282.29792730794344
2882382 289.45461782284593
2883823 283.3267687967573
2885256 286.4931844517191
2886666 289.32763567045123
2888135 281.46136974095066
2889536 288.6951385413927
2890952 285.4207775909329
2892370 285.15215360128246
2893486 109.4618254820208
2894896 286.7913585834778
2896303 285.5615891507173
2897712 287.0245819899624
2899125 289.00553167374346
2900505 289.719913436656
2901938 285.4430016874016
2903379 285.95341764506327
2904803 284.7778870067489
2906295 279.33641905942056
2907685 287.56936767374975
2909105 285.4826913767998
2910518 286.4582262625544
2911984 283.1070686306021
2913378 289.08842672778934
2914808 284.0803721932686
2916208 285.98210075288455
2917579 290.1431279286426
2918955 290.9574509362586
2920402 284.3889095814086
2921782 286.22449933763096
2923182 288.59898239196355
2924571 287.0710462881378
2925983 287.7310338526249
2927356 289.98813920678765
2927871 -9.999789985037708
2929272 288.4345810530862
2930642 289.912363587753
2932044 283.65190642073827
2933447 285.85980323181
2934873 285.73891152602107
2936254 168.45973665511838
2937684 285.1077711714022
2939092 288.78980447891456
2940512 286.0278211488141
2941896 286.8541777107583
2943276 290.98041779396107
2944727 284.3442881360908
2946120 287.6960694080519
2947516 290.2001566600975
2948942 284.2051981395741
2950323 287.55541501034145
2950947 14.825365715064123
2952436 281.59255947121284
2953823 289.6072220648425
2955229 285.3530565128972
2956666 285.0521053099806
2958144 284.37115998541077
2959680 280.27597888310913
2961087 286.8198782594781
2962520 288.29323231574637
2963955 284.5178524297682
2965370 284.799951575686
2966838 282.9446181435009
2968212 288.4214090342195
2969615 287.9293035705804
2971013 287.06765555301416
2972409 286.9019825082997
2973861 285.2510566762349
2975271 287.5111118049909
2976688 288.1191166433339
2978071 288.2839710841396
2979508 284.8828141616911
2980890 288.02333776966464
2982278 287.3443591597489
2983706 287.40690537780915
2985153 284.09868252449
2986593 286.3719383197364
2988193 268.6955422572502
2989600 288.90009380683364
2990973 288.4520813807594
2992393 285.2376982406877
2993778 290.24403890142736
2995214 287.63820368590734
2996617 286.63029673566865
2998052 285.48039340793326
2999487 286.40363534657365
2999631 -88.65260036598892
3001064 285.95976371471727
3002427 290.37293369279746
3003853 284.5510625144525
