# reward.txt contains number of transitions:cumulative reward
998 -200.29037439567333
1069 -99.47625867857039
1164 -97.73046182084495
1222 -106.35538560612966
2822 -108.31827871158659
2859 -107.56932347670818
2921 -100.9306662650695
3008 -121.08484454672877
4608 -126.34880074513262
4671 -105.27144159541527
6271 -126.26919091088821
7871 -99.34641659473623
9471 -120.61121654616915
11071 -92.4044130278088
11144 -104.61934404176101
11232 -108.86445689483857
12832 -110.08120212141847
14432 -105.73402015384433
14490 -118.19755360722728
16090 -93.76357143083709
16208 -105.3571191649319
17808 -89.54130767048414
19408 -105.8956567241669
19511 -99.96562636681521
21111 -92.1870168814138
21169 -114.22920798199407
21256 -113.07140238073096
22856 -94.65515099929709
22974 -121.66455446139784
23065 -109.45978934969318
23128 -121.76306339390483
23167 -109.33309438155716
23216 -110.85184695487159
23299 -119.52195533808134
24899 -106.80502849337138
26499 -111.48565294216635
26567 -112.96228987205153
28167 -104.21653993673924
28206 -108.42639064765784
28268 -112.77985917024873
28319 -109.87406977332135
29919 -119.18037638235509
31519 -111.73268810659783
33119 -114.09158210213458
34719 -102.73707142368693
34795 -113.43640291690454
34858 -103.74787918144061
36458 -101.33337804239977
38058 -104.71827324851665
38112 -103.26949505978078
38182 -116.43628882970413
38265 -115.61080620286242
38325 -114.59091559217994
38390 -103.77159960120855
39990 -111.47521880438121
40051 -106.06706978741288
41651 -108.51271056468794
41718 -111.01106022044767
41771 -115.39243792526362
41927 -121.50133648458495
41992 -106.49542309969911
42052 -111.12925700055187
42107 -103.5827362472204
42239 -109.3113955965632
42313 -114.2834728509734
42403 -119.64626674187495
44003 -103.61397832880462
45603 -103.47675781376418
47203 -104.8063547567412
48803 -112.50537704980917
48882 -113.97837903336188
50482 -111.22414986842377
52082 -106.21631158237095
53682 -105.01154019815885
53761 -118.16184746224371
53833 -116.36836746623429
55433 -104.61330138816747
55495 -110.90065333849937
55573 -103.97669776771156
55661 -114.69196137858368
57261 -93.2847960747876
58861 -98.33367211515029
58920 -113.54953610573213
60520 -98.04623103882862
62120 -97.79635999322127
63720 -96.60169736950597
65320 -98.50049567863914
65422 -109.20638587625635
67022 -95.14454494651487
68622 -90.86602855453894
70222 -93.31079116635456
70298 -112.3131216672423
70360 -110.42902765318192
71960 -93.98191627713223
73560 -90.60500376908372
75160 -83.76497572703471
76760 -97.21504696663413
78360 -94.52826494601551
79960 -84.83591213498319
81560 -79.51304492027445
83160 -81.49426935923833
84760 -91.11406863069097
84868 -119.49964186025412
86468 -88.63752225041436
86536 -102.43650482251681
88136 -89.17294480251523
88248 -112.09206320077057
88301 -113.72193035550353
89901 -93.68892383592087
91501 -77.99708903043773
93101 -88.72968476210892
94701 -77.12246727549785
94761 -106.7639007474302
96361 -84.1641953440657
97961 -85.07173469062269
99561 -80.8458399658688
101161 -83.3629973813667
102761 -83.78330187320458
104361 -82.03167182701833
105961 -89.53131759521858
107561 -85.46951110496107
109161 -94.78383991904435
110761 -83.73914130743904
110831 -104.33036655916956
112431 -85.92885094673422
112509 -109.97292037411344
114109 -75.18142211811148
115709 -94.18368794874895
115822 -107.27248448393307
117422 -85.357801117127
119022 -75.10454826328335
120622 -82.46373593529376
122222 -75.81717321079473
123822 -73.17073961992378
125422 -85.62702399099246
127022 -73.32792584016804
128622 -80.1174465209981
130222 -80.35426602266156
131822 -68.4090738954258
133422 -62.91966428568295
135022 -71.61469793229726
136622 -64.89081835814322
138222 -69.29955071157276
139822 -67.23929659857664
141422 -73.3609817886924
143022 -63.075532275803916
144622 -59.47404692418501
146222 -61.02507700749669
147822 -68.69146967942511
149422 -60.375230677525785
151022 -59.87863637400049
152622 -57.20148826331336
154222 -51.6243585456219
154371 -127.86380848619838
155971 -59.431354246585826
156110 -137.46539043253102
157710 -49.96115199008706
157776 -115.75374650123219
159376 -45.683724709226446
160976 -38.671911135705166
162576 -50.154968267230274
164176 -50.1603923987851
165776 -48.29351040579374
167376 -49.33813043587035
168976 -49.273344141289
170576 -54.11236435037963
170638 -108.91274787035894
172238 -43.46242615819732
172391 -112.72896758346694
173991 -45.61279414331666
174048 -116.14717714534265
175648 -39.55304780273949
177248 -47.99164616872007
178848 -47.588840383538454
180448 -38.27213391717001
182048 -46.07160172944571
183648 -44.17459478419774
185248 -19.80103752148713
186848 -42.32344655060889
188448 -28.814934310278456
190048 -31.869208512835193
190120 -107.3580246302324
191720 -11.267269814630959
193320 -23.011082898412518
194920 -4.532829890280351
196520 -21.71166517466927
198120 -10.81160890081648
198943 -110.4241667161944
200543 -8.013803830788177
202143 -9.069380163665407
203743 4.915950407684458
205343 10.252570917842904
206943 -5.296940600575902
208543 12.951753693043543
210143 5.819454176212966
211743 15.304984507100034
213343 -1.8005379505852923
214943 6.579948827760282
216543 21.366673026618823
216613 -119.24956508084821
218213 12.358835215925572
218336 -126.7018701967119
219936 16.15040716336357
221536 24.040227435084645
223136 23.684847681888666
224736 40.807875178792166
224812 -120.61645758424575
226412 32.326836433202665
228012 48.01580315305037
229612 33.04471788734948
231212 46.514754924313515
231263 -110.40307652189892
232863 38.29729050056582
234114 -84.96889177275696
235714 41.51001284902169
237314 45.58773829887868
238914 54.86074179080682
240514 41.27863964148794
242114 51.99132950483438
243714 47.94178131223652
245314 54.24939761310447
246914 66.8426611423083
248514 52.40364700719712
250114 49.190666858379274
251714 70.72002071010141
251802 -106.15550344238865
251956 -128.90189190755348
253556 59.240506928094355
255156 51.478241806902616
256756 71.05420200438542
258356 76.22943997448424
259956 74.42384716461348
261556 77.78772469594887
263156 79.31006794202086
264756 103.17892256824746
266356 78.62669655407173
267956 71.32943474527563
268013 -109.43988464094078
269613 112.20215392516371
271213 78.82896952076062
271295 -111.61637324542117
272895 92.34404125941953
273015 -104.98631388309288
274615 83.84583753070604
276215 107.18624146764796
276309 -109.61478154394962
277909 93.91739221409148
279509 84.35595041969056
281109 81.93726524159749
282709 103.4733352946663
282801 -111.90622156020379
284401 130.14272531951386
286001 101.63480947102943
287601 67.87817796670274
289201 86.68216222074986
290801 78.53887825001539
292401 99.87826575608983
293502 -37.01831334553158
295102 81.39046366664822
296702 81.80180323635042
296748 -107.05821192067489
298348 101.86655845632198
299948 80.6041994424004
301548 84.36416456659136
303148 112.85617124925236
303244 -103.0398616702451
304844 104.12945970392751
305003 -106.77757252587627
306603 72.80514874248452
308203 89.15771742771878
309803 87.99795490492879
311403 109.64432024831994
313003 50.77461961556032
314603 99.01617816807236
316203 115.03124932896775
316275 -111.6557564301081
317875 95.76684316837886
319475 85.92475147775748
319530 -111.04376143982076
319609 -118.19160688366307
321209 101.05716728429731
322809 98.88568201935557
324409 116.94365370041433
324550 -124.74321257455833
326150 109.44960632482804
327750 107.62771099413072
329350 110.62747481060283
330950 81.4092715323711
332550 111.60364158029479
332603 -113.6234321452044
333797 -11.982902030048265
335397 110.40455661050481
336997 95.74149132978545
338597 121.92398203095671
340197 111.83305858160561
340261 -116.0007557627863
341861 129.45980296553174
343461 126.96712311057317
345061 127.83513358553876
346661 125.09912100916837
348261 130.54774081516203
349217 -37.974841925766235
349283 -110.20850054142004
349401 -106.35579953832614
351001 88.29257075288085
352601 135.48569477319612
354201 144.88870390905493
355801 149.53073008613984
357401 127.5693641506879
359001 128.56138006100377
360601 144.4533375538226
362201 138.5565211148367
363801 115.96186099404811
364525 -67.61002144266602
364594 -104.85822243016958
366194 140.26461099124592
366290 -123.79790995820612
367890 122.3610579604575
368481 -56.91162551572985
370081 119.00212881066787
371681 139.16419141879
371740 -109.8192737025066
373340 118.24710155311652
373736 -83.61822610934699
375336 140.28207730466735
376936 141.66806609024167
377005 -107.10524130323653
378605 131.13264439987833
380205 142.49441653907562
381805 119.10462011597127
383405 119.66700689334101
385005 137.47881752519453
386605 148.29759983359654
388205 151.90564098327286
389805 123.24463492731006
391405 153.4816776681258
393005 140.61745174663793
394605 143.91398398048247
396205 183.60771047800404
397805 167.41359488047613
398646 -27.68300118852713
400246 130.13261851285534
400362 -101.9721855226693
401962 160.9901800384881
403562 147.34267028647545
405162 163.7288283683251
406762 167.7694122822806
408362 170.97157373037362
408463 -108.83816292532285
410063 168.3559494374309
411663 169.99704217070666
413263 138.8185002229655
414863 165.63572315447877
416463 164.27429926068646
418063 162.21202598725495
418197 -102.43170332703244
419797 168.80651325500742
421397 156.98248772497985
422997 169.36424328554762
423098 -99.37587313450128
424600 52.77495965246038
426200 166.1687151134357
427800 152.55312955098222
427915 -99.67350138806489
429515 162.09744360261266
431115 140.46339066715342
432715 156.5632864448859
434315 154.23096128373763
435915 169.72803764122605
437515 121.59106799356758
437846 -75.45107988438195
439446 159.96114782132403
441046 138.0464915693702
442646 148.9717948673484
444246 168.9695366432617
444358 -115.28272801707313
445958 163.62141092518104
447558 149.55213513630173
449158 162.68740573951436
450758 170.7641011804298
452358 175.27110538472118
453958 169.05739668768993
455558 174.17273463938088
457158 164.74156931013928
458758 158.43785968889668
460358 161.43871720296838
461958 148.79111032238188
462830 -10.446164889503308
463343 -64.75262608741407
464943 180.80067000181583
466543 177.94926402110272
468143 171.76311642714214
468226 -107.47979782299697
468398 -115.09282834946984
469998 165.7453314864122
471598 184.20201561853233
472300 -54.78211418690035
472368 -116.31637845185523
473968 164.81382565052076
475302 39.38582987072692
476902 146.03563317152359
476975 -112.94972706049433
478575 179.15895451006529
480175 173.4367016480905
481775 180.45427250761844
481904 -97.55460476876485
481976 -111.96613414910684
483576 172.84504204081858
485176 159.8120202260573
485320 -129.48026465650585
486920 198.06541935474914
488520 169.91385085905964
490120 176.70067468041688
491720 181.20179140344132
493320 182.27166143169057
494920 163.30882039188228
495131 -103.91744918874527
496731 179.38408199865182
497008 -84.77866870771285
498608 95.67741315355988
498895 -116.68590070669912
500495 182.23186295880814
500641 -103.6523302994656
502241 187.38713854266962
502334 -110.18569356809805
503934 194.3496273480045
504058 -103.91718786502629
505658 186.20360738291564
507258 162.93766805549316
507922 -66.15607274337364
509522 180.63128441484227
509669 -101.17798594466535
511269 187.2082573040427
512869 176.37308257446173
514469 172.58824255092867
514643 -113.95134241966778
514785 -127.5754553239538
515103 -133.93434120692558
515158 -104.97729889404587
516758 175.49384758455423
518358 165.68913524522682
519958 169.72795907250196
521558 165.7284808029729
523158 171.01170559596767
524758 183.69578090360122
526358 180.42239541004756
527958 200.28635508727038
529558 184.75700793815778
531158 172.7280589007631
532758 177.74362844190128
534358 168.75837303911388
535958 152.16873136205467
537558 177.05462180611673
539158 181.8698015131327
540758 213.08975657458876
542358 189.02587325337763
543704 59.34204917348245
543799 -116.3833813639724
543940 -98.45506440973034
545540 173.18069586192942
547140 184.96217520906282
548740 174.14559561948167
550340 193.38870368713512
550402 -110.60299117619296
552002 195.8514619148074
553602 184.26189255950183
555202 205.96663814908644
555338 -109.76006953738754
556938 188.6833671834133
558538 162.72132158225594
560138 167.35364137718284
561738 181.4284889593564
561910 -100.73931157480305
563510 200.402053846558
565110 210.33893556514164
566710 188.27580280886454
568310 201.82217670988513
569910 193.06506449075854
571510 202.6080557498242
572135 -55.89800293135579
573735 193.88090262042905
573863 -127.20533866723068
575463 180.15188340975035
577063 176.7834820480292
578663 203.6862791663301
580263 218.22440817772647
581863 208.98646027788647
583463 185.99985246752343
583507 -107.05524056018889
585107 205.89275415465136
586707 214.1751049997053
588307 174.8672116291424
589907 193.029906126367
590007 -108.13640213391403
591607 181.49333917183387
593088 75.41421245675781
594688 167.72162523489865
596288 204.27381380530747
597888 184.70570547018136
599488 196.5638404048737
601088 200.2583937663947
602688 186.31085170550404
604288 189.5618869292542
605888 204.74401737445092
606009 -120.462692845632
607609 195.59035541249375
609209 205.2915857209541
610809 191.4708683476196
612409 205.3255579679158
614009 187.6885717693674
615609 166.56679089296946
617209 207.5856865778944
618809 192.679475969966
618906 -116.0037299571416
620506 212.0028949109141
622106 197.57269362190763
623706 219.55121467286293
623795 -118.19551996423056
625395 198.13531886046243
626995 214.3995371057241
628595 188.4459364499602
630195 220.67084809873745
631795 202.0055837775536
633395 203.94616122965127
633690 -81.93274435972981
635290 209.31380953459035
636890 212.93791111061887
637031 -104.3755002364001
638631 235.65862976794867
639809 33.457464921807855
641409 198.96467746186178
642190 -5.188555780277795
643790 211.81290205657763
645390 199.04536673324003
646462 23.013230230173747
648062 204.36376544723427
649662 187.55379444036402
651262 214.03539037129133
652298 -0.3729905362809376
653898 212.9272843825813
655498 197.2640944549217
657098 191.19540866907911
658698 225.39367755220675
660298 204.51536010589436
661898 213.95534564841475
663498 218.2227133674662
665098 193.75313128787397
666698 210.99196936340198
668298 207.83988110705417
669898 213.72239138320433
671498 212.1079359836473
673098 207.33934732042664
674698 208.53825203021327
676298 216.73469277574014
677898 210.78043327392825
679498 216.20758606965293
681098 213.517982842826
682698 224.06777860341222
684298 228.0899222604802
684408 -99.18119176799928
686008 231.38525252797407
687608 202.30475697300687
689208 226.73261713227888
690808 215.5527723963516
692408 211.40926832047913
694008 228.75895431378726
695608 214.7446981556739
697208 197.47298034493778
698808 218.63705700491374
700408 226.3440335216076
702008 210.66174722088306
703608 211.5843297624512
705208 221.2956272406453
706808 192.84954023864805
708408 212.91572920197805
710008 204.9785777160202
711608 219.75389928718224
713208 222.86523997763882
714808 209.73676862508609
716408 218.94866496991895
718008 221.82019314649395
718972 16.86038630195759
720572 232.47674230334923
722172 228.8625222898717
723772 220.69290926565753
725372 203.92807066730197
726972 222.37793027224447
728022 32.909326117863
729622 242.7623968779381
731222 219.50841297534606
732031 6.29904823053694
733631 231.54304260097692
735231 232.817952915758
736831 242.67612414560338
738431 232.13892663234557
740031 223.5033684664702
741631 222.70331962600707
743231 236.7544979073126
744831 235.99441577837842
746431 230.79073089700643
748031 233.8620147001508
749631 239.4689275011496
751231 238.5802938617986
752831 242.3209035601284
754431 234.3250675986946
754516 -114.25647902057567
756116 222.8807344521815
757716 234.86636769968553
757854 -120.95269754367072
757925 -116.77671561226124
759525 241.80930850550723
761125 225.13570681735618
762725 233.35747234992976
764325 243.3930829155588
765925 231.91687604187712
766104 -130.1795821604797
767704 220.49825113200995
769304 236.92804199354515
770904 216.62766317626654
770999 -113.21157093126078
772599 235.62351074127795
774199 228.60490244514259
775799 221.8754930820133
777399 231.48724191094126
778999 230.30959104511064
780599 224.8743170661083
782199 216.09072036355084
783799 228.6879556526766
785399 231.02891268410858
786999 252.92134438648586
788599 208.9903399624775
790199 230.76813256509828
791734 124.11107422350742
793334 251.1505447756837
794934 230.0798288279695
796534 232.43126397395974
798134 230.7284292442423
799734 236.7965257115731
801334 232.68751935803732
802934 219.20044372502576
804534 216.65499877088325
806134 232.25892017762183
807734 251.27837062776536
809334 235.3735604938726
810934 227.74271833022675
812534 241.86335224538303
814134 225.8470991579794
814245 -112.45079137354095
815845 238.94610704714907
817445 235.91805236906367
819045 236.5162902534785
820645 240.1988723746392
822245 235.2205910568439
823845 240.09774574662578
825445 232.04011742323348
827045 233.61187039249543
828645 248.30617443473562
830245 243.88662840118965
831845 243.67579262392204
833445 235.75822193980915
835045 230.70717693685563
836645 234.75222844466686
838245 231.1456166264942
839845 238.89431212454397
841445 252.24296705496656
843045 239.23584186759484
844645 238.4202095027566
846245 229.51831369943253
847845 228.03493189489066
848505 -8.338481773240431
849967 104.6246745264933
851567 231.9751691647532
853167 235.51997148531322
854767 239.61788549022364
856367 233.61601148286582
857967 259.71847215038144
859567 243.61769626150644
861167 244.91827480142075
862767 231.22391652053088
864367 236.5137700751061
865967 252.5919269322399
867567 257.8977495045488
869167 247.1051344953416
870767 252.16911673836614
872367 258.32143534538943
873967 248.68702659228984
875567 260.911960686864
877167 243.39088924913
878767 241.66236683320642
879317 -27.297614615090808
880917 262.03048077967287
882517 246.6672952257489
884117 248.32862673624092
885717 258.79688455331205
887269 266.54942768940145
888869 255.65057026158672
890469 226.2592596993833
892069 248.5340911868612
893660 263.22802405650924
895260 236.3012658267392
896860 255.14449746885387
898460 253.85029657696202
900003 267.4579718346151
901603 258.23375446592814
903203 257.5712967673058
904803 258.0696965330466
905774 30.568271349486707
907372 264.6672534490066
908972 248.9068355295292
910572 255.78473718923794
912172 262.26373439119067
913772 239.5000773428301
915372 258.8472910758433
916943 263.07790480247274
918543 235.57852796299366
920143 243.37001628542257
921743 244.59609356110732
923343 252.499311096162
924943 246.05115145838062
926543 251.17232514521547
928143 255.06815078712435
929743 261.6941010475492
931343 255.3676777042106
932943 236.24144753455954
934543 252.30435042535797
936123 262.6614618089694
937723 262.341179991907
937832 -109.9488272367809
939432 256.16563785276145
941032 258.9636894976072
942632 227.51344487908108
942727 -114.79716718529103
944327 244.89431781755368
945927 261.23311455375745
947509 265.2332600220544
949105 265.1379267289843
950705 240.4616117364393
952305 257.35104977494507
953886 262.46595696127815
955486 261.6014969987485
957068 261.7837094683316
958668 256.709997135728
960268 224.58827482096748
961862 262.9587799219485
963462 252.12600024117475
965044 263.01729288343626
966644 245.49481164649043
968197 267.58030913470355
969797 250.4474944660279
971397 242.23259605383345
972977 260.36082695759876
974577 248.75082229465315
976177 259.803874937331
977777 252.6920629855453
979377 250.20154734156773
980977 247.1416590935869
982577 244.8443617725648
984177 245.34575753626234
985732 269.0253846460233
987332 252.30003736037526
988932 263.21119270818997
990505 265.2100573381905
992105 256.63994150739126
993688 264.806233034753
995288 246.1515575975053
996836 267.03556357080885
998436 245.10862514430838
999995 265.65571128347284
1001595 255.7354552560533
1003152 264.8162062745987
1004752 259.26629071554134
1006352 258.65630548488457
1007919 263.92490277765893
1009519 253.23131063870906
1011084 264.0272019520329
1012683 263.31996091350794
1014283 260.6978578493135
1015825 266.723408731589
1017381 267.13503715139706
1018981 234.7618041577401
1020581 260.5581771099726
1022109 268.04019229109707
1023611 269.57244171229473
1025211 246.31518894307376
1026777 265.0724882789617
1028377 265.15667928906464
1029977 254.178686914577
1031557 265.94164503548643
1033100 269.34275792617314
1034700 261.25453125772503
1036300 256.81986764778173
1037835 269.7039257309923
1039392 266.82785969432234
1040966 266.8748597321405
1042566 243.534294318657
1044163 264.11077169248506
1045673 270.3168448886534
1047241 266.9017641429173
1048841 260.25763943999664
1050351 271.4475009097007
1051826 272.0742758312193
1053376 268.8800764972197
1054953 265.07263636387637
1056399 275.8113648250069
1057924 270.4812959502372
1059509 265.61601442631985
1061107 265.3522267225869
1062635 269.7603349738948
1064182 268.3402219656349
1065735 268.3733945936515
1067224 271.23059340237137
1068739 270.7511631987884
1068843 -111.52423187128889
1070443 257.27789735605614
1071987 266.5662647027249
1073472 272.3413380417118
1075058 264.6546764492223
1076658 261.9029141777359
1078133 274.02554007889506
1078258 -106.22081015454916
1079703 275.74722073626424
1081303 256.4068286439277
1082844 268.4599687145991
1084426 267.5434047258468
1086008 268.58988380249474
1087543 269.50283794603695
1089040 273.5561043096448
1090601 268.28857915151383
1092201 259.90505667230417
1093800 264.9434176133308
1095366 267.27363538990534
1096966 253.13297563343886
1098488 270.4032112217501
1100032 272.38675654724364
1101632 244.71968258031376
1103217 267.9916730373013
1104779 269.7024782663209
1106290 272.4499954336346
1107868 269.0086445522306
1109424 269.80749534607395
1111024 244.61578168303336
1112595 269.27639666629534
1114081 274.3921616875371
1115679 265.1341106452471
1117173 275.5015083009379
1118727 269.31163328994023
1120233 272.1354258688652
1121736 273.31115029270063
1123232 272.3910083299105
1123325 -105.83208802356135
1124773 277.69766043699707
1126314 270.3779042740717
1127796 273.97889288970987
1129379 266.38052356636797
1130895 272.400830486087
1132389 272.5682566813279
1133889 270.7392316472393
1135401 269.86709636496334
1136885 274.48035196177966
1138318 275.91129799682386
1139786 274.00377303020235
1141351 267.22676693364764
1142951 264.9639173220631
1144493 269.3244700252855
1145972 274.49743246406746
1147512 269.11573715844486
1149006 274.23295137509865
1150450 276.3415356883078
1151952 272.0301700065606
1153439 274.112215700304
1154936 272.53779062412934
1156536 251.93074983803314
1158136 239.88227123000468
1159689 269.09256805834565
1161279 268.64907648892506
1162774 272.44512466680766
1164257 273.2218720592882
1165783 272.45488752279823
1167253 275.1115916687626
1168746 272.3045385481789
1170202 274.5423420742582
1171734 269.5574679558377
1173213 275.77863337585944
1174730 272.0711935421983
1176223 272.9171093509346
1177657 276.0919893839765
1179081 276.5879938001987
1180608 270.66563821247837
1182110 273.42123512217813
1183594 274.3286257378363
1185046 275.2002945998412
1186598 268.49168736358666
1188155 268.0025329900441
1189627 273.9435713998906
1191085 276.80420087359056
1192547 275.55126330392085
1193978 277.0855942037188
1194436 -26.565933336266056
1195895 275.7117753269147
1197398 272.1078248632795
1198932 269.5947008398228
1200447 272.6879255876708
1202027 267.61531189629216
1203473 277.77735316864033
1204978 272.9449149448623
1206455 273.7559058458219
1207889 278.16493585403225
1209432 270.897512490282
1210946 271.47728245219633
1212399 275.25226301789314
1213918 270.61406029242767
1215468 269.3917408061866
1216954 272.401112890981
1218528 267.2454827174771
1220037 270.82561560208507
1221441 277.2742013387389
1222944 269.76861147010595
1224411 273.90774680373875
1226011 253.95141452533397
1227547 268.0997721556807
1228988 275.5894979752456
1230542 265.9177448523811
1232036 272.0061589060867
1233591 266.87503556902914
1235016 275.59906580104024
1236456 275.4517320124447
1238002 269.6284220148641
1239442 276.0150305577737
1240833 278.66375183769344
1242293 274.054470578633
1243731 275.577095378288
1245186 274.545163690014
1246637 275.68010718513847
1248140 271.76096128604405
1249629 270.6230841083063
1251093 273.7823912585281
1252631 268.468522447751
1254124 272.23628056442413
1255573 274.4348204341544
1257077 271.70861481123285
1258540 273.9015052359411
1260022 274.21714165259283
1261514 272.01739738122654
1262995 272.8190858251534
1264525 270.24019899355375
1265956 276.77799610589324
1267385 277.0736434789589
1268866 273.5360290954441
1270331 274.1386852120868
1271764 277.12013172673676
1273191 277.8235650839028
1274656 274.5808330497786
1276141 272.73820392889934
1277741 257.8379892343842
1279204 273.7798679590804
1280673 274.0348566013769
1282092 277.70835121177913
1283529 275.5139500325526
1284893 156.0912234658133
1286370 274.3432791964616
1287861 272.62802250060037
1289323 274.1477714775392
1290740 278.5613171300524
1292197 275.6130282541218
1293696 272.3076753763293
1295166 274.0705785553052
1296617 275.85402573466916
1298095 273.84333738294515
1299511 278.0678484885775
1301003 273.00664849354183
1302456 275.0649724514964
1303928 271.68458334523774
1305419 272.84737284525806
1306906 272.6433360999208
1308306 279.0856308387461
1309694 280.66436485271
1311256 269.4432814624482
1312705 276.3956985270454
1314148 275.39555459319547
1314416 -65.75827896564206
1315853 276.042078477786
1317314 275.8883709594472
1318749 277.33578111698307
1320216 275.1002725306143
1321666 275.11449583506493
1323224 269.15204283206
1324657 278.69780712466974
1326045 280.16497787420144
1327489 276.09356510919
1328995 272.7586370022396
1330466 274.75407350647527
1331894 276.7719344869416
1333305 278.96610631328167
1334713 278.31526258926766
1336256 270.3788804257068
1337677 278.6132572849652
1339091 277.87937782942896
1340509 278.5646935181023
1341982 272.6571601602505
1343389 278.10042671125365
1344770 280.79576755839355
1346185 277.7526798627446
1347565 279.3041280040775
1349012 276.12555274406486
1350457 275.9755871217004
1351875 276.7336648994687
1353304 277.1334598182354
1354767 275.0440807693396
1356207 275.1461680496561
1357603 280.10467324542134
1359083 275.2492001255504
1360575 274.5244074961905
1362023 276.1293302506556
1363437 278.95149268991867
1364840 279.1884618177302
1366311 274.0914370722311
1367744 276.52839724163266
1369161 279.3804127444214
1370553 279.79134507229645
1371939 280.6560203159934
1373321 281.04812176282354
1374688 282.97768026474654
1376156 275.22550672370096
1377660 273.339610375052
1379058 279.7184555630787
1380434 281.2598890821092
1381844 279.7978907442068
1383347 273.2822755995174
1384777 276.4130295166695
1386182 277.5180423083222
1387637 277.2547479390195
1389095 278.4777620081882
1390509 279.4840653918552
1391943 276.6785574091649
1393361 279.0465934871017
1394741 281.3729836003949
1396341 266.52552105122214
1397787 276.60464490903325
1399164 282.3368747836942
1400701 270.7532892441309
1402125 278.50811479608745
1403512 282.16554074649815
1404911 280.8994357740515
1406352 278.14288071587765
1407709 283.3715896103015
1409144 278.36044257034126
1410498 284.11248846042145
1411361 74.71620011624194
1412728 282.1061084388311
1414076 284.0618926713428
1415496 280.23869286306484
1416870 283.5475328975975
1418267 280.265987149107
1419655 279.514896285819
1421000 283.58110818662465
1422327 286.16387033146515
1423689 283.47160264033016
1425081 280.9514421439706
1426534 144.72085914554012
1428016 275.32467855071707
1428887 39.49126561098845
1430261 281.3660879598874
1431701 277.2080061405411
1433114 279.51989385597955
1434575 276.4326489836239
1436175 256.1173658835611
1437545 283.733435926772
1438944 279.74313003522497
1440414 273.7921701241885
1441758 283.6045970311401
1443166 279.90058434127224
1444551 281.94922631360186
1445985 280.0939138348016
1447393 281.4410980658221
1448814 276.83787940101786
1450212 279.35020186073075
1451591 282.27977700760823
1452992 280.6688753654097
1454379 282.89612696230654
1455804 281.24480364851706
1457194 281.20607015712835
1458627 277.5293673379106
1459997 280.6774962098666
1460656 8.518622724470248
1462041 280.83967223989384
1463381 283.3766747128437
1464777 280.493902310676
1466134 283.2700788698472
1466531 -36.110938930726995
1467942 281.1531818635741
1469348 279.83243577754655
1470835 273.62359987134533
1472207 280.7861878949635
1473606 281.7581620320627
1474999 281.7453169607527
1476372 281.7610088719983
1477731 283.9401858723617
1479210 276.08805992875693
1480521 287.3860754822039
1481938 279.8507137170784
1483295 284.4982533578814
1484786 275.04740580635337
1486172 282.23649909345335
1487562 281.34602333925744
1488956 281.4004795064969
1490321 283.55983698717955
1490426 -105.73343190872856
1491731 288.3686364296562
1492827 101.3606194752079
1494265 279.55842929830567
1495595 286.38044086333235
1496968 281.9422780077234
1498365 281.678501189626
1499740 282.9038018009312
1501174 277.61766961178796
1502526 284.80653783295554
1503943 280.2753148432032
1505309 284.7140529784102
1506813 273.5509436864863
1508158 284.3718341149062
1509545 282.34800135231245
1510934 283.74626566605696
1512307 284.19338782903145
1513649 284.7860520675043
1515086 279.86419312382776
1516505 281.19975712693287
1517934 280.05280526282337
1519316 283.54666490567706
1520317 93.02210952068586
1521704 284.14299512486946
1523074 282.66753369508325
1524487 280.7740356539212
1524873 -61.33469489188369
1526291 279.4628165625504
1527674 283.0491561437485
1529064 283.16004480991916
1530450 281.97650087788816
1531822 283.163340635899
1533193 281.4399266608351
1534514 159.40761423075526
1535895 283.1367474978949
1537238 284.9007693641098
1538575 285.0847400807528
1539986 280.40144215846
1541346 283.54214708260105
1542731 282.35499201614556
1544124 282.3556194875711
1545497 283.0524324281613
1546889 284.0474356174975
1548336 279.6295517161512
1549700 285.3351576380254
1551056 284.298752605973
1552445 282.56217629333145
1553843 280.9476387195629
1555188 283.6362369509584
1556552 282.936403615968
1558017 276.46564399431577
1559396 281.57802490046237
1560770 283.06096592190477
1562131 283.52168687657195
1563491 281.79303482056633
1564923 278.8968400777519
1566267 284.72912255710344
1567697 276.6676419916872
1569187 275.62302744532326
1570560 281.6392683266183
1570868 -61.20695566682459
1572326 279.0830550663335
1573746 278.7598329608021
1574898 73.52946172675595
1576245 284.5893406230366
1577637 282.6626675459877
1579078 279.7003576999492
1580483 282.70023053199424
1581866 282.56240864910876
1583268 281.46515754146105
1584643 283.5265782487444
1586023 283.3764965307032
1587381 284.05941663741936
1588790 280.6646844641946
1590352 271.31781352314914
1591821 276.98202067488455
1593159 285.1815159557497
1594530 283.14920583336425
1595117 -9.626028187239825
1596510 279.69450917100767
1597857 283.298368314814
1599232 282.94428682960347
1600563 286.43251205667997
1601931 283.65560898627797
1602364 -31.04623133885235
1603758 281.07566162797985
1605118 283.1482644150263
1606574 277.3385968643596
1607966 282.00497283500545
1609300 284.76990564628136
1610701 280.84066121884723
1610842 -99.76101100387983
1612233 280.1607176418945
1613609 283.83751274631743
1614988 283.2499251120121
1616351 284.00706481408713
1617769 280.16543250274447
1619134 283.40196503593415
1620501 283.1376429217587
1621841 284.573001975428
1623265 278.7273333667432
1624627 282.2194501922861
1625947 284.34819439826975
1627345 280.25195189412364
1628696 284.48872415773195
1630062 282.8411290828343
1631445 282.397716560956
1632888 277.9985398123373
1634296 278.8943129319758
1635614 286.63794411210625
1636954 284.0369686482439
1637975 44.09471212285166
1639317 286.1672372482737
1640686 279.93542189983486
1642022 285.5512086472966
1643350 285.334954343757
1644689 286.6504526704173
1646056 283.88879698278356
1647407 285.2926448106014
1648749 284.97959307556295
1650127 282.7486526139409
1651453 286.55457326404644
1652814 284.22657593757503
1654218 279.41486362549733
1655548 286.1497388809512
1656889 285.4821648355706
1658261 282.8026466396843
1659568 285.54027863012516
1660951 282.48878468860045
1662320 283.4292953618109
1662565 -71.84870855354146
1663969 282.21478177171406
1665368 281.25163791980685
1666730 284.8989865601605
1666821 -115.27124530512653
1668420 270.89127439155413
1669819 282.0413162605739
1671253 279.3277971311707
1672667 282.08542968887946
1674086 281.1138425511173
1675461 284.15830068417523
1676853 282.7338840742297
1678188 285.2071599073342
1679544 284.1226864687333
1680866 286.8600899066228
1682127 290.5771205392594
1683421 289.01177579241084
1684924 276.7486190717082
1686285 285.08556726180126
1687632 284.5968561580631
1688988 285.44211678343953
1690323 287.0335798254034
1691651 287.15425791854153
1693003 283.48450298481345
1694304 288.9343028748365
1695669 284.4771177424338
1696998 286.305202866285
1697994 80.1544787856048
1699360 284.2314751156543
1700741 282.3832600586999
1702125 283.6488321187708
1703487 284.6417255935636
1704787 287.84458152857786
1705076 -95.76450633843709
1706376 288.2627611556799
1707719 286.6643860619815
1709152 279.9730905541152
1710478 287.1029300271323
1711794 288.2492618154628
1713149 282.4033459286417
1714454 287.1374647111301
1715877 281.1783991020767
1717208 286.56974491608185
1718547 285.86166398420863
1719901 285.14012161630836
1721267 284.7929718799531
1722614 285.6898384257785
1723943 286.4563526468937
1725281 285.02904572609555
1726580 288.9604390299231
1727920 285.64855454967534
1729280 284.4278469431603
1730658 283.4850375232975
1732021 278.0251547222984
1733352 286.94310779293414
1734721 284.3393162504973
1736066 286.10413484742276
1737360 289.49923247198194
1738669 286.41454242333714
1740070 281.64740966847893
1741438 283.5456592507389
1742767 286.61670637682977
1744099 286.4504022603669
1745430 285.9447677037701
1746796 283.84307728997703
1748087 288.7138450359392
1749426 284.6775397818217
1750782 285.4446866874571
1752131 284.9064790760329
1753483 285.85946918116036
1754837 285.13020452037415
1756161 287.7065525465621
1757498 286.51198609689766
1758872 282.4639428025652
1760188 286.1918536888371
1761539 284.3638157857676
1762916 283.4506532004231
1764240 287.4799536659695
1765613 284.3134765320534
1766927 288.537835224082
1768230 287.6822343176896
1769587 284.61056586484915
1770866 291.8267596758064
1772190 287.34626723420917
1773596 282.14561980745674
1775024 281.94258715933955
1776436 281.76649176297485
1777747 289.2025878954382
1779094 286.04896687081634
1780492 284.8228484437878
1781821 288.3773281416777
1783137 287.21083069422104
1784507 284.4903577776628
1785819 288.431196770301
1787202 282.6764814487079
1788534 286.209806798255
1789963 282.5273555343822
1791258 289.6350632499099
1792571 288.46267823300826
1793886 288.23187558684674
1795244 286.1164165163053
1796566 287.1977153581149
1797865 289.4578996907726
1799170 288.92162530389965
1800499 285.55287085739076
1801858 285.4026010903721
1803146 289.49304262175053
1804401 292.95758621763207
1805772 284.4520473681111
1807090 286.33059208827115
1808379 290.8005731727888
1809714 288.75002082399897
1811023 288.03036537537986
1812342 286.3041701024208
1813632 290.11066234404854
1814942 288.1782689358197
1816312 285.14170516825516
1817645 287.12589940704464
1819069 280.2211165443506
1820393 287.68261259811186
1821724 286.48020750527667
1823081 285.8401736414559
1824430 285.7599280130861
1825615 133.20722843090883
1826935 288.399070335385
1828250 289.37759289273833
1829557 288.96027545382026
1830866 287.5444788253846
1832229 283.9067058795474
1833636 281.7229186440803
1834967 287.65684284586666
1836273 288.5644079472855
1837657 282.41460407292993
1838976 287.58910510809363
1840314 287.3301091580103
1841569 291.4830695698617
1843033 278.7933975454773
1844364 286.3444354580523
1845701 286.3938574122593
1847090 283.26338205866216
1848402 288.48563601819336
1849743 286.4758118732721
1851060 289.3372546415411
1852401 286.6491815321649
1853758 286.39142113520955
1855076 290.1699880685859
1856375 289.82881884513375
1857664 289.4018666709049
1858998 285.7343415901487
1860342 287.5826779967246
1861713 284.5255552882356
1863035 288.51043648658964
1863793 54.49912892140068
1864650 80.01047429901158
1865967 288.65021495286743
1867290 287.7094878799779
1868572 289.9462472179286
1869887 288.86548510424603
1871144 292.23852626682265
1872369 294.18107517434913
1873731 283.90076662284224
1875024 288.37478109319403
1876335 288.77545851482915
1877641 287.93485500917893
1878982 285.8256211056637
1880333 285.2051810241835
1881647 287.25300449456984
1882941 287.4063665383866
1884239 287.3909725130966
1885559 286.65270123853213
1886827 146.65932923284367
1888135 288.6951920918521
1889482 285.83286314822755
1890773 288.2681126497477
1892113 285.5211934347871
1893386 289.2464322035709
1894718 286.950620002599
1896186 278.4556150428184
1897539 284.5903914768244
1898888 285.8022589273471
1900255 284.4432711113164
1901540 288.92218646981075
1902826 288.0324209135711
1904191 285.017017134345
1905553 283.61330680825904
1906887 285.2487156754437
1906962 -100.97494569309242
1908305 287.50656094881435
1909576 291.43514185876853
1910861 289.92452459922373
1912208 287.06958902954943
1913608 282.46445717003246
1914975 282.7530737049825
1916381 283.7724230746533
1917701 287.3450438279606
1919056 284.8495534158365
1920380 287.62817618550304
1921828 278.5463501354317
1923194 284.41648036148854
1924543 285.5922694077452
1925868 288.3810949736821
1927196 286.491424588593
1928506 288.1976451030633
1928795 -49.80626605150045
1930156 286.2032773818139
1931444 289.05240088708024
1932816 281.47975174945674
1934244 280.80003787399045
1935555 288.1113755356448
1936856 287.8979968949157
1938183 287.5522144175933
1939498 288.3310019535095
1940928 279.60263103112834
1942227 289.5603178972233
1943535 288.3611700441169
1944801 290.4161029887737
1946114 288.7556778859723
1947421 290.4026102154151
1948787 285.67840329236344
1950114 287.3735705923091
1951465 286.37435265967883
1952803 287.70053777385925
1954164 285.046231998136
1955465 289.47665324440044
1956740 291.11808254526744
1958095 286.450111466526
1959382 290.41071431373143
1960713 286.9656492731024
1961975 292.24482731174146
1963258 291.31484648587576
1964565 288.93319975467256
1965849 290.97845720592204
1967125 289.0024213359574
1968412 290.52673907058613
1969486 91.6346801932985
1970954 279.92157070151274
1971167 -94.98376280189181
1972483 289.5456857792956
1973755 291.3316631777165
1975039 291.225591131839
1976335 289.4000633596128
1977631 289.58803542299125
1978938 288.6227597285702
1980222 290.256332361712
1980303 -101.85293712126277
1981572 291.2546035886145
1982871 290.2650446158953
1984247 285.85971994236223
1985553 290.22685354114265
1986797 293.83595345097035
1988120 289.2753693396023
1989438 288.94550768497334
1990763 286.1082407496227
1992050 288.3281671441289
1993399 286.1499826513562
1994716 289.3772671092733
1996073 285.0535860828231
1997369 289.7118584911945
1997452 -104.07487578381598
1998710 293.3599446444753
1998800 -98.67521635737643
2000166 285.25955593061065
2001487 288.60799356354187
2002827 286.3744810608573
2002927 -103.52153870459522
2003567 32.21757579547983
2003639 -103.45022888938523
2004998 284.2950125307485
2005116 -104.47731650425804
2006447 289.1007744989003
2007734 292.88304169125297
2009036 290.4465648462287
2009124 -101.2691447672608
2010430 289.80719390203615
2010574 -112.21187677790348
2010715 -94.36897912083876
2011971 293.6643021587384
2013341 287.76695524003554
2013437 -96.13105649317428
2014723 291.5568193405207
2016000 291.6602283418519
2017373 286.28961816434685
2018711 288.16915339901476
2019971 292.54672907029914
2021412 281.5456588634408
2022749 286.3318853416649
2024063 290.3281766807999
2025367 288.2453688745634
2026645 292.8807432863076
2027969 289.45394925845267
2029284 288.2392608945945
2029402 -100.98603631384889
2030687 290.48002340451006
2032043 287.09572243967597
2033403 285.2108023724388
2034741 286.75660226938294
2036001 292.44165382369033
2037295 290.09927378227536
2038645 286.6207756388803
2039959 288.9667802735484
2041212 293.4253063124417
2042557 287.30355073385385
2043868 288.3241214356107
2045141 291.08887581782574
2046445 290.9001646374437
2047755 289.02476702925804
2048526 38.501629695537815
2049793 292.33398089646647
2051079 290.3352483805188
2052423 287.94932215063403
2053772 284.6572664461836
2053851 -100.71753630663144
2055153 290.2677756340301
2056441 292.0516554884128
2057693 292.6764740434688
2059047 284.930358110985
2060351 288.60479496937324
2061619 291.98979038636287
2062879 291.9797127527458
2064164 291.5851482725251
2065429 293.1244939316175
2066759 288.4483459248611
2068057 288.58365496100015
2069382 289.35325352451264
2070654 292.92978806604197
2071924 292.5429639547446
2073200 291.33606743509046
2074509 288.8985532551977
2075801 290.32813485830405
2077096 292.088680740204
2078418 289.11077855281076
2079736 287.6542078669356
2080256 0.9803506362773788
2081558 289.5458118973039
2082895 289.3654664528262
2084282 286.28665556737974
2085692 285.9508729513892
2086977 292.5959093529465
2088272 289.67186434607146
2089552 291.15271390647376
2090927 286.50937196172475
2092208 292.3069480994309
2093503 290.9299920860024
2094840 288.40183863542046
2096116 292.3625700753341
2097370 294.21418672553364
2098660 290.91713052241863
2099914 293.17987510372507
2101260 287.5980633430187
2102552 291.4473357639147
2103875 290.7199202302722
2105177 291.06165605164387
2106537 286.2364972644753
2107875 289.30087158226667
2109143 292.0861751701128
2110413 292.49489522297984
2111674 293.85944677797954
2112945 292.2099970883225
2114244 291.4044888161013
2115546 290.703997483631
2116909 287.6381070632395
2118204 291.9720389535575
2119443 294.7716920365552
2120763 289.1303051153079
2122083 289.6218676307829
2123363 292.8122101152032
2124664 289.36563648573514
2125939 292.6488146429608
2127229 291.04372370408834
2128538 289.8334224463866
2129846 290.8456993269129
2130714 77.40684426743124
2131972 293.0165838352617
2133293 289.4785364903155
2134560 293.135114308004
2135876 289.20769492372074
2137176 291.1046900193156
2138494 289.74328321755655
2139820 288.91907540632246
2139907 -114.51958661092414
2141215 290.31548012789824
2142561 286.7884821410355
2143872 291.63346491838325
2145143 291.04947661804187
2145272 -101.18166320184113
2146655 285.6681285780816
2147945 291.822337660253
2149215 292.62619259221253
2150463 294.5006879719555
2151792 289.4234547233358
2153097 290.53858141298423
2153248 -115.62202805806449
2154577 286.4362494916063
2154649 -107.24358607957558
2155916 290.7069209011987
2157234 289.47327704600366
2158640 283.99628449385875
2159978 288.83854996751955
2161291 290.5537071655786
2162676 284.70350439334084
2163938 292.9555635386334
2165240 291.2691450949959
2166542 289.9735138746239
2167820 291.8243738937569
2169104 291.52604486584903
2170423 287.23650935249185
2171749 290.1115021678167
2173002 293.8060148343007
2174304 290.63150253374283
2175639 289.32675651996476
2176934 290.6510041452556
2178229 291.76735038350466
2179526 290.58801725777204
2180827 289.0508028533022
2182144 287.3013850049604
2183452 289.8047077989233
2184784 287.6569254210162
2186078 290.6418535758331
2187386 288.7977045724672
2188739 285.70760429766585
2190037 290.0633623999056
2191330 289.45549023026894
2192646 289.7515446391724
2193942 289.5526996761096
2195234 288.74793354160454
2196528 290.0816502479944
2197821 290.4918533807973
2199106 289.79583563582474
2200497 283.94143040648856
2201821 289.0153205502886
2203136 289.51167642428186
2204439 288.83822379378836
2205745 288.1335635477902
2207082 287.8199070781449
2208336 290.71529564183993
2209657 286.55142356685946
2210947 288.0525077692491
2212253 288.63193684917735
2213512 291.496654724463
2214820 288.67556933658057
2216139 288.3386820468349
2216218 -117.53430428527233
2217510 291.060230095892
2218793 289.39656961331855
2218923 -98.73571668693454
2220237 289.13341298910746
2221544 290.25453966261955
2222884 287.04609988980087
2224223 288.20643903222617
2225463 294.2650191632322
2226805 286.7515626485678
2228081 291.4450064234893
2229369 291.0290424513083
2230646 291.92294117298525
2230731 -111.4029621784569
2232020 290.19136228305297
2233316 290.1773571863914
2234688 284.0075678988754
2235989 292.4776556169284
2237265 290.3693871128691
2238573 290.1927468881156
2239868 291.2929895033277
2241090 295.39273180149524
2242378 290.6008839482265
2243697 289.23102024793684
2244956 293.6891509389625
2246217 292.5597895880954
2247543 288.53302724372486
2248792 293.5550514038952
2250045 292.9685386100457
2251298 293.25658057847596
2252561 292.1492940571593
2253892 288.6321071926673
2255205 289.997691939474
2256468 290.6055294143833
2257725 292.65746320865867
2259069 286.0554910212971
2260404 288.83005124679084
2261700 289.754542029767
2262973 291.5373285039153
2264279 289.85896380990596
2265659 287.3647698463686
2265766 -108.20453651846573
2267089 289.1805732805092
2268374 290.81277787609775
2269623 293.6630372980669
2270924 290.0776651398857
2272231 289.02758407176435
2273540 290.1366847308705
2274863 289.19543272086094
2276176 287.7195278456097
2276249 -109.02919640325413
2277542 291.66374406540046
2278932 287.0688539736896
2280217 291.77725375114505
2281508 290.148794750624
2282766 294.06466542484725
2284032 291.4328253394069
2285328 290.2739109477253
2286631 289.44165383029394
2287936 289.61509294796605
2289226 288.9549563348831
2290491 292.3894401160191
2291762 291.93232135931333
2293037 292.34218819247974
2294320 290.33068263584596
2295612 289.71652287936945
2296943 287.0669391448224
2298266 288.9342036954565
2299554 290.43446282365886
2300893 287.22794999495443
2302139 293.7642319413311
2302220 -122.03768633882888
2303524 289.5716750102203
2304766 293.9690927663031
2306040 291.94066855313844
2307303 291.8780725121563
2307396 -113.94702745777306
2308648 294.17975013725066
2309910 292.178328265334
2311216 289.4809924219885
2312542 287.73603492137727
2313808 290.59303749370326
2315114 289.09762191665425
2316436 289.3452459561271
2317758 288.34825643605745
2319005 293.76637598616014
2320337 289.4665020095154
2321616 290.88646324775095
2322894 291.3327642191703
2324171 291.8214724688701
2325460 290.57114349386416
2326696 294.15805690174784
2328037 287.043054185474
2329333 289.60023191804754
2330628 290.37653125961447
2331912 290.6105265189511
2333204 289.3821876794511
2334478 289.96243841484886
2335810 286.90483469172483
2337094 291.5071139328537
2338349 292.4451083196145
2339588 294.55688481852684
2340868 291.76762169543713
2342116 291.6878508122443
2343376 292.80698233995986
2344673 290.13918649975136
2345948 292.11566002779676
2347261 288.5992110428207
2348542 290.5181194754775
2349845 289.58962537635216
2351147 287.9048616351047
2352392 291.9532186054193
2353657 291.5281152817455
2354956 289.7731442941136
2356172 296.0656249336459
2357433 292.81214742103055
2358689 291.6282406400026
2359992 289.66077635538693
2361285 290.2068646801452
2362572 289.8052589953025
2363861 289.85781284333973
2365116 291.7345434603514
2366342 293.1564896188917
2367636 290.52012712988574
2368912 291.85654496902055
2370232 285.8602833172309
2371519 289.12855395692236
2372806 289.90499768851953
2374032 294.0338355325739
2375361 286.1693875384232
2376635 290.41540708039406
2377993 286.2696695427745
2379257 293.2168784613103
2380571 286.90897195509336
2381895 287.7725391831376
2383168 290.5881872863004
2384432 291.7545498374782
2385719 289.4475725778112
2386963 293.5759191335236
2387099 -106.18350439418852
2388353 291.4913371534074
2389634 290.5494909833729
2390901 291.0851711481596
2392180 291.63937164605164
2393459 289.8463869174544
2394729 291.19312689843406
2396015 289.69729793991337
2397310 290.32816119053444
2398615 289.6577067845189
2399931 288.3411583990952
2401208 291.0741937340905
2402494 292.0205895647556
2403790 289.3808576253307
2405054 289.8487906121969
2406311 292.8949249191243
2407552 296.1074895480338
2408787 293.18353209331497
2410105 289.03375428467257
2411417 289.27166678673774
2412717 289.70734519200835
2413999 291.2928482384673
2415213 295.5604651793624
2416471 293.4270385183028
2417692 295.20118481596666
2419046 287.13369219212865
2420359 288.78652286521935
2421639 291.2850916980031
2422873 293.6313488604347
2424208 288.8056377447231
2425584 284.0276176668876
2426926 285.98074275334454
2428233 291.2328244413778
2429529 290.6506322876361
2430788 292.08230682341855
2432066 290.3639728581926
2433335 291.87610232044835
2434608 288.93367861320576
2435881 290.3005748698687
2437167 290.2870624452031
2438486 288.3754059209422
2439754 292.1947021494352
2441046 290.51821341092307
2442296 292.3556545715134
2442435 -98.22677661029995
2443790 286.1132007786068
2445095 290.15736181372307
2446329 293.55127595585634
2447666 287.1016010761952
2448913 294.3811017431787
2450184 290.9541973487892
2451545 288.2857968797036
2452873 287.56990904309714
2454171 288.9452584911885
2455448 288.82463392467025
2456722 292.6431690501812
2457977 293.1373328505295
2459220 292.62943450832364
2460496 291.7031799826376
2460616 -109.72752501430858
2460688 -102.83316133530624
2462041 285.18290870389575
2463386 286.0896060058056
2464765 285.23001240228746
2466109 287.05396287784805
2467432 288.47613822637726
2468732 289.54103734477565
2468826 -101.41898636125525
2470083 292.221201359202
2470186 -106.39314935874194
2471467 290.1747469884038
2472761 290.65687456105854
2474043 291.07929554955405
2475331 289.6416388364276
2476617 289.75029162458054
2477851 292.01465606108565
2479108 291.37260884276225
2480363 291.56513074951124
2481603 291.5947798220928
2482857 292.9680943566799
2484129 291.25867889063153
2485430 290.6789425130611
2486703 291.0177130923372
2487957 292.6759267932699
2488024 -107.71304583692115
2489271 293.5377420960846
2490561 289.8763150940031
2491871 289.6704539140239
2493138 291.7716330982701
2494472 287.043366857406
2495788 286.26506578146365
2497132 286.3366299418283
2498489 288.1265762869644
2499793 289.4268533997821
2501064 290.6355117372944
2502319 292.4446363255609
2503565 291.49872507759386
2503632 -107.66610827114495
2504964 286.8705026338576
2506228 291.56464233182527
2507528 290.12519730313915
2508831 289.54823797431663
2510175 288.4628626021477
2511451 290.9709819654051
2511552 -105.14311694167662
2512836 289.5781342249749
2514139 289.63175563791515
2515452 288.5388916565626
2516719 290.64922075169346
2518025 288.483689110409
2519294 292.56217090468783
2520586 289.91691027181747
2521878 289.3369510270798
2523177 289.73588969955017
2524497 287.75417065351576
2525762 292.4252716161907
2525848 -109.46506114968534
2527104 293.25598678106735
2528369 293.36567009530205
2529682 286.9232156305629
2530928 294.155234973458
2532255 287.6189429979667
2533565 290.11419051706116
2534854 290.4925726650744
2536139 289.00485166275223
2537393 290.869565810673
2538662 291.26545997417037
2539944 290.2907980917836
2541234 291.6981042907841
2542555 288.86830117428946
2543787 294.0588704207982
2545088 289.5969584257737
2546360 292.02594991139557
2547611 293.22079618655243
2548863 292.56740329541896
2550162 289.289163596161
2551439 292.19738951783995
2552692 292.38379315523173
2553927 294.40193916959663
2555158 294.61607706431766
2556428 293.2233855139357
2557190 40.73009173141577
2558432 294.04357962701107
2559723 290.0025021955556
2561040 291.10449959511516
2562331 291.0642426274444
2563646 289.5468387201438
2564940 290.68615184957997
2566272 287.7117501246916
2567604 287.4496231581525
2568922 287.894277875385
2570234 288.6391270404077
2571512 290.70669950996137
2572862 287.40563681688974
2574147 291.3562339330254
2575423 291.4524252093598
2576671 292.97406923177755
2577954 291.0550490731852
2579233 290.87653724062835
2580508 291.5303730541444
2581814 289.35388183993217
2583136 288.73938551768555
2584399 293.83965764811074
2585664 291.7086637950241
2586887 293.79065534467674
2588225 287.03011617757767
2589530 290.1356809348973
2590832 290.03876131510157
2592119 291.1297772949652
2593457 286.61282266661726
2593593 -103.27028036827407
2594824 294.4109026852949
2596134 289.4513497753735
2597419 291.3948829073992
2598693 290.5875832576735
2598837 -97.72655350226924
2599387 -0.1100208938234033
2600643 292.20419395893043
2601908 292.3969277385266
2603163 292.8621787567648
2603264 -97.4131245528888
2604518 293.9976990218254
2605754 293.82567871354644
2607003 293.51808052517924
2607079 -101.63000575280624
2608329 293.3186415171169
2609669 286.7373048335696
2610948 291.6681787957677
2612180 294.6216618282936
2613479 290.44953065343725
2614765 291.0613033940667
2616044 292.4572599715208
2617289 295.1571016349568
2618627 286.8820148759299
2619890 294.3662504074865
2621186 291.9064568212509
2621315 -97.15729310085128
2621453 -116.43732314921232
2622766 289.28723303091306
2624033 292.4364522845838
2625322 290.3164808371872
2626588 290.1900422767522
2627891 290.32607454278883
2629182 291.7725005765293
2630438 292.0538193739902
2631704 291.86697857466964
2632981 292.87833123975935
2634205 293.0359120815642
2635412 296.97432068079075
2636664 293.41709405264237
2637921 291.8264815666692
2639173 292.99740090547755
2640425 293.77510254100446
2640523 -109.48552924596828
2641751 293.58822976406486
2643044 290.5168613307925
2644303 293.10008617392486
2645539 293.0556685383364
2646840 290.34125203444876
2648114 293.3099789307038
2649353 294.4123507294485
2650681 289.37254707658946
2651939 293.26228853939864
2653198 292.900953874006
2654460 293.45592348461196
2655733 292.6046011081504
2657059 288.4914804256302
2657137 -101.27619591665268
2658417 292.1234618378636
2659665 293.2002952153022
2660951 290.98194064486233
2662267 290.3418235393008
2663521 291.90679970156083
2664785 292.10484978390383
2666101 291.66938200776684
2667435 287.1568082866931
2668721 291.22470931664265
2670018 291.51683715981505
2671319 289.7090997296531
2672537 296.99147850290655
2673847 290.63080428239005
2675122 292.5709997213636
2676432 150.83469427799125
2677734 290.17314682813407
2678962 296.1110711211398
2680233 293.37118006120954
2681547 290.073278160063
2682814 293.29267287029865
2684092 293.3096125989689
2685354 292.92351271406926
2686613 293.29408868318365
2687923 289.36337979193337
2689161 293.7695389596178
2689338 -95.50953473593019
2690606 292.926958084737
2691881 292.253503840403
2693165 291.7207951203296
2694431 291.822424806843
2695707 289.91826502476005
2696978 292.2237446103437
2698242 290.8270806085279
2699512 291.49296262632276
2699628 -98.7527477009731
2700941 290.2748478504376
2702198 292.9455239880781
2703546 286.16495705111595
2704835 292.7397105237583
2706136 290.9092114287546
2707456 288.5378326993026
2708711 292.7109069406433
2710020 289.72913726196896
2711302 290.93926791630156
2712630 285.9980729839029
2713859 294.9734826826668
2715099 294.9759536187479
2716403 290.47222390362185
2717679 292.5165111697214
2718962 291.3677138577448
2720260 291.14227626672346
2721523 292.0810278690421
2722798 294.10246013765266
2724093 289.40130731739316
2725341 293.85351371939197
2726629 290.740585747726
2727877 293.19044823985325
2729150 290.51632576528385
2730395 293.73898087456007
2731654 292.20444140753176
2732918 292.9112175862991
2734207 291.0606244468532
2735554 287.66706605775954
2736831 292.79847120067035
2738094 293.3048488143058
2739318 295.78655010775833
2740590 291.65377057153813
2741873 293.2943759453769
2743109 296.0749638491319
2744410 289.7908759058539
2745707 291.27726543823223
2746972 293.02427031746726
2748276 290.4392550677844
2748369 -101.6390528683172
2749604 295.6588223668068
2750846 296.4131765318556
2752072 297.2373843389964
2753398 286.3187521898623
2754691 291.7483910754584
2755962 291.78535145518293
2757269 291.46159690169674
2758548 293.21007432262263
2759845 292.0358114281437
2761112 293.0107597875155
2762366 294.2813432723268
2763638 293.7754412627734
2764889 293.97366614165105
2766155 292.82758418674496
2767393 293.45963535744966
2768657 292.647665534176
2769917 292.7005977701443
2771182 293.9424379970085
2772454 291.04043403144067
2773729 291.97164196638374
2775075 286.7641811272174
2776398 289.20626859826837
2777657 293.0302973578942
2778956 288.6635798039888
2780214 293.2040558317859
2781495 291.4119861276413
2782762 293.2333304566605
2784049 291.7336422747369
2785288 295.02187025256654
2786593 290.4980321801731
2787867 293.30263396351324
2789153 291.58631823174113
2790456 290.27134406183336
2791775 289.10912637488127
2793105 289.1687860095022
2794439 288.29980810164227
2795709 292.08610305028094
2796976 290.60008802085207
2798359 284.96349622638337
2799683 289.87067671569395
2800964 291.29440091457667
2802258 291.46677061572717
2803536 292.7805542369004
2804793 294.11625345240043
2806073 291.36357201200394
2807360 290.9818600724272
2808710 287.3644673651507
2809988 292.74916849301565
2811277 290.1354163309307
2812560 291.63940040711594
2813860 290.4048024359556
2815141 291.328542510866
2816404 291.4999100590119
2817667 293.9447007265823
2818936 294.18612014674625
2820245 292.10844806388263
2821573 289.614542585626
2822868 291.9180882496629
2824108 293.92557572496605
2825407 290.855191424348
2826699 291.7289667666206
2827995 290.9237870266557
2829258 292.94256723443397
2830519 291.38814656330413
2831757 294.11214698113207
2833081 289.0226501815477
2834354 292.8765232168495
2835585 295.6851000744682
2836870 291.3443825431829
2838166 290.3386725772614
2839482 289.84859536135014
2839616 -113.70274596591418
2840862 294.8810946897571
2842114 292.98039559754216
2843420 289.79036018729494
2844659 293.77068719318595
2845957 290.731528919369
2847270 289.6499801075755
2848544 292.1641814844731
2849832 290.84700341356773
2851069 294.25761232791393
2852370 289.47585680202224
2853651 292.0323150395184
2854980 288.7597359290658
2856317 288.5822214637798
2857620 289.4429957394885
2858964 287.70853622969673
2860264 289.8894255992895
2861541 291.5063862468073
2862892 287.10936203212503
2864183 290.1055421862873
2865487 287.93895911680914
2866831 288.22563376030087
2868133 290.5686706462899
2869402 293.70376536877313
2870744 288.1187655197264
2872046 291.09406843624276
2873369 288.7599061844559
2874691 288.3760147072305
2875990 289.7125154332235
2877265 292.51604499556237
2878599 288.26767137409075
2879891 290.7521261549336
2881158 292.58491725210854
2882459 290.2587789545339
2883750 290.8214829258841
2885086 287.3179129990927
2886379 290.5786665339912
2887646 291.90968521483114
2888911 293.0029620860045
2890220 289.49193510845873
2891474 292.96790474111447
2892762 289.49254250570306
2894075 288.64755919386846
2895418 287.8670619167279
2896002 -19.263187388696863
2897321 288.78178003579444
2898621 289.5213259993116
2899935 289.1996009607971
2901235 288.7536850168999
2902508 291.9318878040566
2903764 292.17591430514943
2905053 290.79248974338776
2906351 287.91437960312004
2907731 285.2374862584132
2909007 291.21320729759753
2910409 283.46158409821015
2911658 293.7020716310349
2912928 292.7823482403666
2914223 291.3283885898399
2915517 290.67556434030354
2916846 287.4848981935653
2918149 290.2305934567559
2919420 291.1313369283781
2920698 290.88265453869803
2921984 290.9538185921081
2923329 287.74588037498506
2924657 286.8651429616253
2925982 288.11356571749013
2927300 288.73208768433693
2928570 291.2499063390565
2929833 291.5774331680501
2931092 292.5128972774402
2932410 290.2395883452883
2933678 292.1810183664459
2935047 285.1699194489454
2936338 291.01545641371155
2937703 286.27492277575584
2938961 292.1824634530084
2940231 292.8237911553428
2941594 285.8808664680086
2942902 290.0908994062738
2944176 291.18480225397116
2945553 284.61564117919306
2946849 290.11895149841587
2948164 288.973203546516
2949430 293.0791229141036
2950721 289.4809441759323
2951987 292.868031031251
2953313 287.44362847630987
2954641 286.52740623209075
2955976 286.0761096706197
2957303 287.2835082532644
2958625 289.24937635555597
2959946 287.9113034740762
2961227 290.7043894470037
2962539 287.9417518486217
2963807 293.75748453809933
2965081 291.8323229442144
2966387 289.7259230391119
2967621 295.1497002172713
2968896 293.03283004669413
2970206 289.795873113467
2971454 293.8966005746395
2972796 290.42988133970454
2974080 291.0323425635887
2975376 290.7480546872958
2976675 290.82075761460607
2977923 294.22674933959536
2979210 291.79680142112306
2980521 290.18942821617776
2981852 286.5827006937597
2983093 295.2274319883805
2984380 291.11656361044925
2985692 290.35935765179977
2986996 289.6000540816305
2988275 291.1432391239535
2989587 289.1606773784041
2990874 290.83920297815234
2992190 289.8711865927624
2993478 290.8680267744268
2994802 288.5359888975017
2996057 293.18935698274095
2997383 288.5571204735781
2998639 294.279765522787
2999942 288.9802918612363
3001293 286.30064092224944
