# reward.txt contains number of transitions:cumulative reward
68 -112.79170071446212
114 -115.93745497293025
176 -117.44512455788504
222 -107.69475979162249
284 -116.94834538575573
352 -101.5896657643028
514 -118.70182809341699
606 -126.84892925925863
1409 -164.30257106390872
1520 -99.78691641040821
3120 -115.64816666542845
4720 -102.95018095900461
4767 -115.30374424289788
4972 -136.63789269699248
5031 -104.29083477080054
6631 -110.88292237976043
6682 -103.55843738895406
8282 -119.6628514171781
8340 -107.54825693014264
8442 -101.91840807083497
10042 -104.08130921458532
10150 -101.38387378259499
11750 -102.83818433849808
11810 -116.83013658184775
13410 -107.18196698735808
13485 -110.6542415563191
14436 -188.91055364830828
14484 -112.23641676870051
16084 -106.34429913523287
16140 -111.57863687770255
16194 -113.08375992446082
16267 -106.82640644165997
16334 -122.70857567053972
16393 -103.96165573081933
16463 -101.62167400934486
18063 -111.80024333937114
18126 -112.73496742425053
18219 -116.78014126731456
19819 -122.84563235180663
21419 -121.841511218982
21530 -118.30246679673057
21632 -100.8632155976817
23232 -129.97597662831313
24563 -219.78629310686597
24628 -103.20661509070298
24702 -108.44460793354456
24764 -117.65409473610237
24824 -101.02036756968793
24911 -103.60831618719548
25067 -110.04161367824673
25140 -115.49419866566112
25249 -111.00322095091082
26849 -116.95345381247465
26970 -106.02936881286604
27063 -118.01361498012642
27179 -107.71908640319418
28779 -104.75447342722282
30379 -127.06406909651623
30466 -111.66948713744866
30562 -105.32591350132289
30682 -112.83161806500206
30745 -115.66650241668336
32345 -104.83484444359864
32406 -102.80286440344217
34006 -113.10706969227684
34108 -102.15456524227187
34182 -104.16702715129809
34303 -99.80709619754802
34359 -116.25096863365795
35959 -126.8371786191542
36034 -101.25241444571378
36086 -111.18215288601475
36161 -104.25839912787453
37761 -117.58908394443577
37832 -104.50538087419358
37898 -107.38824672685493
39498 -131.71537850991533
39579 -112.92850428627865
41179 -115.51605376946677
41289 -125.10721296012588
41336 -108.27077241013261
41426 -99.6014710272147
41537 -119.27283270070268
41626 -99.18470221136262
41685 -103.78235500875985
43285 -110.68354298243024
44885 -110.49578984452369
46485 -122.57108151355033
48085 -108.24168602191887
48147 -115.8540147402864
48218 -112.9243997195599
48298 -104.48832118005865
48349 -114.75780743226176
48407 -105.72042719427994
49629 -211.30828677416713
49694 -107.37527845460612
51294 -110.78090051218855
51390 -113.32889706565501
52990 -96.67253941659528
54590 -117.5905733384504
54644 -113.99545451030073
54719 -115.9343915840021
54773 -107.24507050343107
56373 -101.00282639768818
56445 -122.13573951329664
58045 -102.31467917259663
59645 -95.07263776646283
61245 -96.47075322229009
62845 -93.2762921022406
62932 -109.62662100491487
64532 -99.47729441214702
64679 -125.97864231492144
66279 -88.42601920271282
67879 -104.14745451191234
69479 -90.67640573303083
71079 -85.46724466501587
71146 -100.54155872467781
71219 -105.07040212706787
71268 -108.12261828616572
72868 -87.80604693760841
74468 -88.2014441440031
76068 -80.8367934794265
77668 -80.96094564208646
79268 -89.65236789141346
79330 -102.75469272287997
80930 -75.40901328963818
82530 -91.09589230547158
82596 -104.52709084113191
84196 -87.71919260024991
85796 -92.62683255756914
87396 -81.70669677000548
88996 -70.63459188366745
89072 -110.20614823623313
90672 -79.53063582233794
90735 -113.57276310369683
92335 -73.14356903128207
93935 -77.55287316655847
95535 -81.94428431881252
95602 -102.12253317672386
95662 -112.32961426722756
97262 -81.46378040183579
97333 -130.96302993305648
98933 -74.79908559103929
100533 -78.29380249832697
102133 -72.15937342653235
103733 -77.7316436221885
105333 -67.85791572535994
105396 -117.24745271483934
105484 -120.74153515851002
105562 -103.81147696366907
105614 -113.47388465958959
107214 -79.66940494036182
108814 -73.57419561043194
110414 -75.03945774883901
110490 -116.54432687141808
110537 -115.50627596048265
112137 -77.32886970437363
113737 -61.693890467493155
115337 -71.95190344362894
116937 -71.07956318858969
118537 -77.4940378905716
120137 -73.75955456680873
121737 -63.67835129893453
121806 -120.77421608505584
123406 -76.34722403505702
123504 -99.05825424785478
123581 -118.62238826514098
125181 -60.876108898661464
126781 -68.0230345019139
126884 -121.54898807361039
127021 -105.89566038180577
128621 -58.87486338171606
130221 -65.30246854576355
131821 -63.80775157087861
131883 -115.39172468920921
133483 -59.767219109203964
135083 -58.430035289761385
135165 -126.56587634506636
136765 -67.21069489840727
136856 -115.21269965288602
138456 -64.41584549869536
140056 -61.636416223717454
141656 -63.18363876073247
143256 -58.17203257710448
144856 -47.93733521444356
146456 -44.416073202891845
146668 -100.38904056947989
148268 -47.978057850817784
149868 -64.52808628223528
151468 -58.00996469429077
153068 -52.65484294252903
154668 -61.195250787700225
156268 -47.13572316323837
156350 -109.82805409221413
156419 -112.85342101200794
158019 -44.73065932460469
158135 -104.23983686839293
159735 -55.456454037986816
159805 -103.69802866901581
161405 -64.25041977723134
163005 -66.16671267521501
164605 -55.6276663110157
166205 -82.89549616107537
167805 -55.50189424124326
169405 -49.0834576899148
171005 -56.760753106305934
172605 -53.994953944146026
174205 -49.55135195436627
175805 -51.40610031402107
177405 -54.89036931911571
179005 -47.314653832119895
180605 -46.577120440330965
182205 -46.810423067549245
183805 -42.02248949514518
185405 -36.813842144226
187005 -33.82598151019898
188605 -36.725662691551214
190205 -33.48046126254611
191805 -33.187360328288165
193405 -29.39103610796573
195005 -31.59061348493725
196605 -31.667018008598436
198205 -18.581379400548162
198331 -110.78452787958955
199931 -25.15960693159333
201531 -11.142203640820478
203131 -24.509558645227923
204731 -27.18326561009583
206331 -25.30768448020892
207931 -21.033829581042127
209531 -22.416344073757887
211131 -0.7126432536610683
212731 -17.04369248540265
214331 -2.847765668225805
215931 -8.986909368379678
217531 -8.231157421572146
219131 -0.6802626857397363
220731 -12.9624320256058
222331 15.689675291210682
223931 13.872007993180919
225531 20.821547626286087
227131 11.895167183223473
228731 30.917821153602222
230331 15.234613078699756
231931 31.591978717697422
233531 36.15447523124887
235131 51.628336999372245
236731 33.10556417226481
237512 -98.61765491565752
237635 -96.24952608012657
239235 51.17798696003418
240835 57.623799417134954
242435 57.43893973870075
244035 46.21027045336985
244183 -121.48645887278144
245783 72.53668348430101
247383 70.61583368497466
248983 50.022401029943104
250583 59.66433518724142
252183 64.9984993734415
253783 64.37749233745052
255383 52.261036090300664
256983 58.74246935294573
258583 69.02102297396962
260183 64.90999817572356
261783 78.29010947426114
263383 75.32857348195397
264983 84.53670998214378
266583 89.18324641601741
268183 115.43057595840757
269783 98.1104532250631
271383 116.59024421622789
272983 97.37891810528005
274583 97.74530762282178
276183 119.52868156770795
277783 124.44201121165484
279383 114.22365284087141
279534 -104.33500720307354
279594 -119.14880594678844
281194 130.64174873601735
282794 113.32877541550982
284394 129.55150091821005
285994 136.56599479730295
287594 147.61462022507652
287665 -112.60532921793995
289265 129.85358331176218
289395 -109.57790410703606
290995 132.11273194952616
291065 -106.36093795033017
292274 -3.919211935103661
293874 114.56662487714152
295474 118.77565957737725
297074 126.6204884330322
298674 132.85958988304333
300274 106.10355864206034
301602 13.314209909039405
303202 121.3693036967963
304802 139.06339134379616
306402 126.3061967194936
307476 -31.43142766360569
309076 130.02553253696047
310676 120.05078521872234
310753 -111.91279281057417
310827 -110.3732480515906
312427 165.196527463345
314027 150.15556577368903
315627 127.72164065888836
316756 -3.4016670375671083
318356 146.31228075850834
319148 -27.92141919769719
320748 117.11955108326548
322280 34.98419702970787
323880 140.55573242316527
325480 119.98205877306108
326302 -31.975739429234537
327902 132.75950923341725
329502 119.56721196543623
331102 135.36633225915614
332702 150.81335899027928
334302 147.3325964018739
335902 120.78368325145473
337502 146.6042544556461
338444 -38.1878517973678
340044 131.897956001879
341644 159.01626994607227
343244 147.58507238339868
344844 150.46831891941224
346444 176.32723037856738
347429 -0.6420440815607122
348790 25.17276917152593
350390 132.78717605691097
351990 142.8426093490485
353590 149.86187898008293
355190 163.7518084137353
356790 156.97903864563958
358390 176.824324002873
359403 -13.178705500702819
361003 157.13241406446969
362603 184.88806452596856
364203 165.7774216864236
365803 170.78895742476257
367403 154.4401989384155
369003 169.38765281240322
370603 160.26627067721657
371844 31.875550399117998
372231 -72.61253398352306
373831 155.71135248190777
374515 -45.072635073005586
376115 160.65194113934345
377715 160.96438066667844
379315 189.96625912962884
380029 -26.0101028233872
381629 172.76332219774156
383229 162.79378204849763
384829 182.53307545676552
385921 22.829747894242033
387521 188.29998024500253
389121 182.7274436397056
390721 158.41538463277675
392313 86.00279694090355
393627 28.488541323280202
395227 168.02707703588405
396753 50.58050428614848
398353 172.01065722586438
399953 176.35645196147772
401553 163.84821490841378
403153 154.86495974744173
404753 185.3967794812276
406353 183.61293551358494
407525 14.540322728491674
409125 177.7159653682423
410725 198.35994373802492
411509 -27.880332421387834
413035 65.10163354674086
414499 36.46689341562248
416099 169.08442157235868
417699 192.39061537463402
417777 -107.95151652050825
418880 29.621522822386254
420480 185.56325821836433
420804 -64.66970681617784
422404 201.88364899420966
422510 -115.45309254026537
422584 -114.10245325456374
424184 184.281002442264
425784 187.44963526876577
427384 178.03834027848694
428984 192.07957056633128
430584 187.07783547200347
432184 195.27304363997075
433489 32.69060577593359
435089 195.12782978572076
435160 -109.5820447250735
436760 194.47482243182776
438360 180.782387951725
439520 34.66966190557153
440362 -17.198939726087247
440441 -112.6517959477678
442041 164.59974577750498
443641 196.1914903405397
443818 -101.1029012196002
445418 170.82777723937727
446840 61.900350785756956
448440 185.77351533218518
450040 195.10638502412115
451640 188.24981565268763
453240 201.84056066492766
454840 174.8425655363152
456440 184.45365690706095
458040 189.8218943601254
459640 205.92508495444915
461240 193.22558375331272
462630 52.43204820620886
464230 180.83373381064823
465830 205.91131031913926
467151 81.22135857149155
467432 -99.19124193706799
469032 205.8202493211399
470632 207.9449778829646
471886 41.96482104010846
473486 183.90778201888565
475086 194.92162371701434
476672 80.58654475253962
478272 188.84234725641016
479872 221.7260014880899
481258 67.11867273495616
482858 210.30920481373053
484458 210.6337047947675
486058 185.32929399637533
487658 210.66734984973428
489258 198.35955588149486
489332 -112.25974537727298
489408 -112.29892942162354
491008 213.2159241703293
492608 205.18557058930196
494208 200.2906557723682
495157 23.20233934006515
496757 215.3152289337088
498357 215.3225338225557
499957 192.42734220714274
501557 196.8988727057658
503157 217.21274736309906
504757 191.92621234343378
504828 -111.41278436011262
504968 -99.1612622076006
506568 177.31172226012615
508168 220.484914035198
509768 214.4871499391896
511368 187.30100394160644
512869 86.50143323737046
514469 210.4681094065228
516069 217.7271886859909
517669 211.35177058004774
518499 2.5590434373261814
518623 -95.64799493587513
520223 204.2925285909787
520288 -115.12781928611112
521888 209.16167738969838
523488 216.38043675695957
525088 200.99733498789794
525411 -85.079185558334
527011 219.04711652706249
528390 91.12855211831427
529990 221.61105957717564
531590 203.6431914294529
533190 197.5240102711486
533266 -117.88521881205713
534866 205.72894244991994
536466 208.6684317531933
538066 205.37025812609352
539236 45.67957690310536
540836 197.99794767644002
542436 208.02281015793454
544036 203.78859057332312
545636 206.2500531310684
547236 223.55403356842925
548836 231.14841626458656
550041 40.097555734676064
550727 -18.824613400792586
552327 215.28154064256185
553106 -22.608662457603828
553278 -97.60989588918164
554878 212.403415381645
556478 231.76812415311304
558078 188.98680985075674
558765 -5.050957422114848
560365 235.32286866160226
561965 181.56585432187492
563565 214.97612455158583
565165 206.5243704576067
566765 190.72264032379968
568365 189.3224038806902
569965 197.2709100524875
571565 214.835782193893
573165 213.23142412829574
574765 221.05076021984203
576365 224.64559999308293
577965 218.36129004045137
578294 -79.42909959938626
579894 223.92712553378792
581494 195.4783531731757
583094 218.54749208148453
584694 217.64693286659545
586294 229.52864680099742
587894 232.04066643489767
589494 210.68305183833456
591094 213.5499019517522
591756 -12.144517098524261
593356 194.18851130747382
594956 201.97044679750087
596556 201.60841952710848
598156 189.8333261548206
599756 219.57050163575641
601356 210.1438528390894
602956 213.86967246751047
604556 212.5006332215274
606156 222.78626635700155
607756 226.408293768912
609356 233.35479886670484
610956 232.18492048175654
612556 212.13614010294444
614156 236.035090645926
615756 227.89873882736197
616404 -32.33008412605702
618004 208.37270547236056
619604 204.13765531868694
621204 219.48860360225115
622804 244.31272286092866
624404 230.41906592444278
626004 200.246679308464
627604 232.37849498942956
629204 210.0706610057557
630804 191.1018373933234
630931 -97.27506167100805
632531 228.86675147542812
634131 247.6451482258819
635731 240.98130187369412
637331 241.34498279007659
638931 212.18721113770513
640531 247.35294111590156
640864 -67.14365883828268
642464 212.6135110074166
644064 238.0884027476108
645664 224.63036154570332
647264 238.0219292420565
648864 206.91916768834216
648955 -96.68538996643387
650555 216.9898730519386
652155 220.85540015904573
653755 225.2868618677621
655355 242.69739578642915
656955 218.0190847115987
658555 229.9539855128403
660155 220.63444530494846
661755 211.0792982452813
663355 234.71483076816347
664955 223.552584131807
666486 116.64465132725005
668086 220.91594629702863
669170 51.859917082570234
670770 229.03413534397745
671816 57.007153029104074
672088 -75.57214763707981
673079 13.198069767747128
674679 205.5300057703996
676279 244.04830088041882
677879 247.30877229990037
679479 228.82872677534647
681079 230.8230859871394
682679 240.44169519898594
684279 219.25247370688487
685879 224.0995584991412
687479 221.4119702530349
689079 235.80735530249603
689219 -89.7517381667619
690819 251.39969159200206
692419 249.7804323888653
694019 229.3668012711084
695619 210.0277388530362
697219 255.6744980623765
698819 240.10269238736205
700419 251.9628659861514
702019 247.19323869859966
703619 254.78203028439276
705219 223.51317093190352
706819 230.93297750567137
706935 -90.81372647489856
707111 -86.8936600615736
708711 229.09458520402387
710311 215.11994711207728
711911 237.81764268161183
712020 -109.63144300887546
713620 250.92729366261494
715220 235.77346564026405
716820 230.36788438812934
718420 242.64983625421033
720020 244.68770597013545
721620 237.69319916174635
722409 14.314513901727437
723038 -14.628236134199497
724638 244.16998033601513
726238 249.49055950758967
727838 221.9961151727711
729438 223.90040437220827
731038 218.3844629159551
732638 235.64593557997486
734238 242.12083723054093
735835 263.71290756973815
737435 249.06302437790967
739035 227.48772432966015
739186 -92.59127986499978
740786 243.10504998598626
740908 -99.961232083849
742508 247.22755216639223
742580 -110.56607202885424
744173 95.9610884054928
744858 -3.041613419786202
746458 253.06659451478671
748058 234.5954586351825
749658 221.833476628074
751258 251.9243844142393
752858 250.97438377728375
754458 234.08164806863857
756058 261.10398045924603
757658 228.67436354611357
757729 -109.37466906176694
759280 267.73641231863604
759350 -113.64530843976698
760139 7.806722017023773
761105 13.46986493958785
762705 248.94780037702682
764305 239.72950825454188
765905 250.06334071013944
767505 264.3279923316681
767778 -68.23955876880574
769378 258.79465335555574
770387 55.89151984166867
771343 37.413574814668834
772943 255.05936370087883
774519 266.9649593347831
775638 58.25935264356079
776558 23.1978729485744
778158 256.3129442598728
779707 267.50723275217274
781307 264.42843780700593
782907 256.7621042039087
783006 -98.65783654929635
784606 259.2427489927103
786206 254.73383345250394
787806 218.42654773378115
789406 235.96320425946126
790998 268.6637510395541
792598 229.90308645889723
794198 252.10395178036336
795798 257.5896351373098
797398 249.1879583144884
797490 -94.37196995784032
799090 247.963458982413
800690 247.58529920099014
802290 241.27298134396025
803890 248.98943906830786
805490 249.14949089682898
807090 258.9983244847818
808690 226.35799699072695
810290 258.3862763227591
811442 70.47037864699033
813041 269.4577789039811
814641 252.45330162269173
816241 263.66590425221517
817841 242.33115139254735
819441 251.73578015119952
821041 246.89090804072944
822641 248.76001924806445
822740 -100.11848277527714
824340 240.68820394908184
825940 261.4244755925759
827540 255.87198917618372
828524 45.30413766154271
830124 254.8899954075719
831724 247.49073793224036
832173 -37.18447826302357
833773 253.20698650676428
835373 256.2059668485975
836973 257.6880135490474
838573 247.2767205140954
839211 -21.598848761299607
840811 258.31714017669
841604 10.039575425455297
842630 49.32094594982445
844230 268.26665879886343
845830 241.62627464889582
847430 266.62881811207205
847841 -55.485581344000984
849441 259.51898413204304
851009 270.65578182794604
852609 245.11524134782374
854209 244.55877323610116
854516 -70.76506014816343
856116 270.27060838348933
857716 260.8767369119843
859288 272.0339686565834
860881 268.3431859876044
862481 247.40673037969879
864081 249.51515505399158
865681 255.0956153352569
867281 259.39587698531477
868881 241.10735821797613
870481 249.80480892235065
872081 252.1375510368411
873681 250.57551547230517
875281 243.01604909046833
876881 258.4768513412165
878212 73.77490797229603
879812 236.96090994558367
879968 -88.19576365953745
881568 215.69390234402758
883168 223.58336584412302
884768 258.636512778595
886368 258.5574024403326
887968 257.9887699482444
889417 121.73448578444638
891017 221.76707862011295
892617 246.91078429867537
894217 252.0330969005252
895817 227.72569875974085
897417 252.7200928672098
897499 -113.7423929321977
899099 247.91730335695092
900699 256.70286633667496
902299 253.71359671254652
903459 64.55805647027813
905059 260.47513018760293
906659 257.19347582806495
908259 243.70621826329347
909859 223.45326889919565
911459 252.00866336109675
913059 253.19651877392334
914659 263.24633978142293
916259 251.56137272679453
917859 251.23065095546764
919459 229.71773144342268
920327 15.992487619947582
921927 257.3254188139854
923527 260.78970304054326
925127 261.6291701704537
926727 267.5763031337973
928327 247.32218481522708
929889 126.87771598437666
931489 255.68529144640377
933089 253.55043786304694
934689 265.8264962406153
936289 260.7203661391477
937889 255.29624541537268
939489 245.86591863704191
941089 239.67540225829518
942689 257.50456137908066
944273 271.74071874062474
945873 255.54156243567436
947473 244.66362187603713
949073 267.94721288625226
950673 259.8580151801853
951429 -6.569533565228099
953029 262.8700858496005
954629 268.3832218161201
956222 270.0447609948456
957822 245.52274468641104
959422 241.52929970109207
961022 248.5124442739527
962622 229.49172686465562
964222 243.27256267452643
965822 247.86446151193832
966783 48.73424511277781
968383 241.30797435522678
969983 260.9447062831434
971583 267.99731402358753
973183 252.3207212501025
974783 236.69773240994323
974884 -115.45398563302805
976474 272.19700340717515
978074 236.34584798159656
979674 246.75798350568843
981274 251.90571963958817
982874 251.09864870832251
983016 -90.72894328626556
984616 261.338925767033
986190 272.4382360740763
987790 244.62192758829758
989390 254.02278991446332
990990 245.9167046963899
992550 273.5498018293255
993794 97.11178288523283
995394 266.28723969573645
995575 -75.51885601696807
997175 257.58282390968105
998775 258.10042149258766
1000375 261.5923998953196
1001975 253.4362847161896
1003575 257.1935460226743
1004917 109.6528899654586
1006517 257.96306008663333
1006635 -92.32943853804096
1008235 246.9742056851525
1009835 258.5550873976248
1011435 260.1677663415687
1013035 255.13600209721773
1013268 -86.48322424156531
1014868 261.69433107909373
1016468 256.1383871021389
1018068 240.17148961472944
1019668 268.5172382173882
1019792 -94.78925985429312
1021392 253.5953522317955
1022988 269.8698459376159
1024588 253.24184676310242
1026188 252.5924521409645
1027788 247.95149617817597
1029388 256.3494136237969
1030654 81.81658409500307
1032254 244.2389499400902
1033854 256.81598520249395
1035454 262.0655767132609
1037054 243.02419472814458
1038654 268.0002461669673
1040254 258.4445206807621
1041854 268.87584859115395
1041973 -95.58947073647629
1042096 -89.46784788519145
1043688 271.90855557544984
1045288 251.97956308494642
1046248 54.073335876946146
1047709 93.91258264368795
1049309 265.2667372006067
1050909 263.5223563162461
1052509 250.4184321151554
1054109 254.81847394573686
1054709 -8.832249455583025
1056309 265.75177536302186
1057909 230.4584728187237
1059509 267.3098156444024
1061109 270.2069827780378
1062709 264.0578107352684
1064309 264.2047059142742
1064948 -15.237352175498515
1066548 221.14100652644703
1068148 253.90982603560332
1069748 245.44827852406738
1071348 257.63877796755213
1072948 255.75840334007242
1074548 262.57004799804446
1076108 274.29715313714263
1077708 243.1158001220741
1079308 257.296882536213
1079883 -21.544229737399135
1081458 273.0379937073204
1083058 271.57909429885206
1084658 263.41846051552574
1084966 -67.54103832558171
1086566 261.5874241457248
1088138 270.55518123558085
1088564 -53.50072729887145
1090164 263.3988541707973
1091764 267.43884756747025
1093361 271.56804843931366
1094961 264.8903745106179
1096561 267.7505681859678
1098161 244.59213976885601
1099761 254.6924203167959
1101361 252.1618642579818
1102961 252.9839843451026
1104561 263.51050402589675
1106161 247.98488319215713
1107708 275.7692136883343
1109267 273.46155190100967
1110867 229.94744676480468
1112420 272.9322961305613
1114020 259.0136245752913
1115565 273.3231592579212
1117165 266.61247426314446
1118765 246.6391525305402
1120365 258.9023918319222
1121965 253.5964053667352
1123565 227.83993121702156
1125165 246.04011804136059
1126765 266.68140852356174
1128365 254.16476207051122
1129965 245.97653412277276
1131565 271.5855946904623
1133165 265.4421132590196
1134765 267.96672598601987
1136333 274.7035916270222
1137581 108.03906248129522
1139181 250.95700737608925
1140781 260.5659706601645
1142381 268.565223131285
1143950 274.00897916363454
1145496 274.95816444395757
1147096 257.4207021344378
1148696 253.89753277991622
1149189 -39.81845979950266
1150789 267.49202683454604
1152329 275.10639214932553
1153929 273.73837435392215
1155529 256.42576917271396
1157116 271.33060155269186
1157179 -103.8687479433914
1158779 265.6327195691117
1158908 -90.47928594407563
1160490 274.2825751469394
1162090 270.13915246334
1163686 270.82154320367573
1165286 269.23678378645053
1166886 258.27149416561804
1168450 271.40927739185844
1170017 273.5106502184531
1171617 256.38699009910044
1173217 265.6908979661134
1174817 266.15539619415557
1176397 274.515458638966
1177997 255.3239931716373
1179573 274.7811499339306
1181173 259.75450721063913
1182712 275.5682323873607
1184268 275.8341395334947
1185868 250.5232192471188
1186952 39.72409953248305
1188508 273.61733787709454
1189701 78.31534079134818
1191285 273.65304090966043
1192822 274.7395157812068
1194416 273.34768279479545
1196016 268.7737865049579
1197616 264.7581695192951
1199216 267.08744958126624
1200768 271.7186443834696
1202368 268.2430304339734
1203968 269.3251182879753
1205568 266.1444100561987
1206104 -22.673605329082108
1207704 260.0823106451925
1209304 264.9077054151561
1210849 274.2922000044525
1212449 258.87090312307635
1214049 253.138239312506
1215649 251.3131537911755
1217249 268.3012059915068
1218849 259.4241556566281
1220449 268.7129353240571
1220730 -71.24569178686293
1222330 237.03445352439326
1222449 -90.803098052208
1224049 249.73966438385688
1225649 272.4465367630947
1227249 260.84414993417573
1228849 234.6935360208953
1230355 277.73019296806865
1231955 264.63107132582616
1233555 273.35427949304983
1235155 270.4753003649017
1236755 263.6894715875628
1238355 259.91678495639763
1238413 -107.72251455339355
1240013 266.0652263339811
1241613 233.46642111218839
1241750 -96.07429581149418
1243332 274.0707599592209
1244671 118.57901704635825
1244801 -102.22025244829183
1246401 264.6340751193451
1247997 275.03868792813034
1249584 271.9799866338763
1251184 269.31142897355875
1252784 263.7466972521052
1252850 -107.38539757980718
1252951 -104.74500248141835
1254539 273.6615233069797
1254608 -112.0137511944018
1256192 273.917483933645
1256254 -106.41120688955982
1256322 -109.30508172420909
1256390 -109.46902457587048
1257990 262.6285538692914
1259590 239.0820829288816
1261190 258.2618949332333
1262715 275.79754414088444
1262834 -103.25393722289677
1263011 -105.79740827290404
1264611 258.69496381404144
1266211 252.8763217591266
1266391 -101.41411530070194
1267991 228.05069805668566
1269585 271.69720324831496
1271177 272.55585777088135
1272775 273.9631993599296
1274375 248.7132656511258
1275961 272.68664916834757
1277561 271.6064542340255
1279127 150.10529555725662
1280727 260.1016235934046
1281386 -4.890821065264404
1282969 272.34295853629817
1284567 272.890730470025
1286167 258.8741375792234
1287756 275.3585337621399
1289356 270.10719020821676
1289454 -97.04003319042673
1291054 270.9751909603398
1292595 277.696827603256
1294195 257.1087602693035
1295795 249.8062892671618
1295916 -100.25575253989237
1297516 273.8025950045128
1299112 273.0266702748661
1300712 243.83953634820418
1302312 268.73271922459634
1303912 254.4942783365639
1305512 251.9291415274354
1307104 273.8571873280338
1308704 264.200388158823
1310265 274.6730369288044
1311865 244.27045389396483
1313465 270.34741692921295
1315065 253.55081817303875
1316665 259.4006327303529
1318265 261.9845315162548
1319842 154.57672285060963
1321435 272.28899974474564
1323019 274.98410521610197
1324619 254.93026492594274
1324685 -109.91869522403988
1326285 266.30284685109945
1327885 265.50735727245905
1329485 262.50137360836146
1331085 246.2248887291128
1332685 252.57829169692533
1334285 262.7779744413048
1335885 268.99835609031675
1337485 262.7322620400714
1339085 268.03727537099155
1340685 255.72968698196885
1342284 271.8843120462612
1343884 264.56549453980136
1345475 276.4439784337606
1347075 269.4173705904344
1348675 271.41121560470907
1350237 276.45581938908697
1351470 106.93891496761134
1353070 265.1746246469889
1353820 22.63120499613828
1355410 272.5206009375773
1356960 276.7811708679352
1358560 266.98971558141216
1358660 -100.08253189265852
1360233 271.75350499629354
1361833 273.9700347035801
1363414 273.8188665554363
1365014 267.8611657636138
1366310 100.82433575884738
1367901 273.54833483429036
1369135 76.98724499720373
1370182 79.09083280874734
1371782 267.2431070172391
1373382 252.3695515896317
1374979 272.3104456973579
1376491 276.6758272231976
1378091 254.56444420231585
1379691 267.5937669861865
1381291 265.88344766711793
1382817 275.175007400527
1384417 259.62045411129367
1385988 273.07651080209183
1387539 275.7137230325189
1389134 272.5702421399179
1390734 260.8652724787277
1392295 271.8073513957503
1393840 273.5430665037232
1395440 249.60885270302498
1397026 271.5247932097142
1398589 274.9324252905694
1400160 274.54762465038897
1400800 -16.36677072251939
1402400 246.8296123035636
1403648 88.6389643038413
1405248 271.32135215364923
1406848 259.12023422261757
1408434 274.18458518343886
1410034 259.88438776260176
1410097 -104.942167310598
1410150 -107.82048158450425
1410230 -111.65647470564954
1410266 -111.31509883990387
1410342 -107.63935952210302
1410397 -108.66733495298898
1410471 -107.47185000428557
1410532 -103.28384143612844
1412132 256.66687437003003
1413723 273.2672072066588
1413782 -110.98084911820602
1413925 -100.73694409705885
1415525 256.99268310259833
1415584 -110.08877703159612
1417091 277.7462847991033
1418586 276.7504779786196
1420186 269.10050994253317
1421786 230.89396124874628
1423303 276.5641658109851
1423363 -111.07844594769676
1424963 252.97862728667812
1426563 267.2801719360819
1428135 273.77610822036866
1429735 238.73311249903952
1431335 252.77744635785862
1432935 263.05955191079784
1434535 261.2728781750257
1436135 267.7252022594035
1437735 259.7333847520504
1439335 269.11317361615335
1439676 -63.26735166304185
1441241 272.44649119828654
1442832 273.39153115908454
1444418 272.72782789403624
1446018 272.0419254168568
1446143 -121.89303307837497
1446199 -108.15391794541912
1446283 -115.82151601868185
1446357 -108.74524624308386
1446478 -106.83544576543446
1447990 275.7092497249776
1449558 274.3594784673123
1451158 268.79532118234397
1452732 275.1330974745821
1454332 268.2262735107143
1455932 273.181687361335
1456055 -102.80741315845648
1457640 275.0229033527023
1459240 229.69643951094227
1459302 -109.06476197875291
1460902 273.7895160236568
1462477 275.34913520037014
1464077 271.8995188672568
1465643 276.13800858430983
1467243 259.44600288789667
1468843 251.34225288441127
1469385 -24.2215184748011
1470933 276.1140630585729
1472522 270.43091536885197
1474052 278.8430489148913
1475652 263.2925672214512
1477252 258.5693907596381
1478803 276.4191929949822
1480403 253.547817005316
1482003 267.8964428874879
1483603 269.560846605342
1485200 273.6487453391707
1486767 274.63877892348785
1488367 262.93313162171984
1489924 277.44490521172236
1490045 -109.40464744060486
1491642 275.55638612402106
1493167 279.32773913290174
1494765 274.6645058671411
1496324 276.9966877794782
1497924 269.93719436213064
1499524 271.26249776462834
1501124 242.2784796252146
1501265 -107.99188324218677
1502830 276.1025489233578
1504418 276.1958303334179
1505926 279.14189994687314
1507435 279.97640648542574
1508999 277.17372725537757
1510599 270.4658168520324
1512176 275.54735547119714
1513716 275.5847049565721
1515269 275.9967876479058
1516795 279.3954207746541
1518365 274.64459506127065
1519876 278.9463078904488
1520005 -102.86172700054199
1520123 -106.16738045096025
1520270 -106.00931593093462
1521863 273.9847024228981
1523411 275.0882366948731
1525011 259.5850378871539
1526545 276.62422007045024
1528144 273.2353440460588
1529629 145.1124445125917
1531204 275.46858889752025
1532804 259.70951649308023
1534360 276.64980364945745
1535960 270.1572661809819
1537050 80.41184549813266
1538637 275.50988454242867
1540164 275.3934494251271
1541764 271.0680685447991
1543310 274.6262878225363
1544323 53.23051819156936
1545890 275.3559584141947
1547463 273.2177412105101
1548603 29.532365218265994
1548715 -103.8710633865719
1550292 275.5923858665072
1551491 85.10008796408673
1553039 277.07320877575114
1554639 271.8195297995838
1556193 274.8367338461117
1556303 -116.19371944275126
1557795 280.62959889906267
1559342 276.63540912064457
1560942 255.46698714154124
1562477 277.39497945184394
1564023 277.2647721279739
1565565 276.66253726910355
1567165 253.61589825780638
1568716 274.46491984033037
1568844 -122.26152354933073
1570386 276.1072208968086
1571967 276.4689785850781
1573503 277.5669485485847
1575103 231.85655736792992
1576631 278.5505280171826
1578166 278.19027001522517
1579757 275.02461941836145
1581350 275.39645916698214
1582879 278.7395089608305
1584479 254.93413647750452
1586079 274.51088665616834
1587663 274.71786099859037
1589263 254.85928797440022
1590863 266.71674228259485
1592451 273.70954920113275
1594051 268.4967407736462
1595651 270.94072226857844
1597212 277.2248597571853
1598795 273.5844354152673
1600328 277.7592507550901
1601821 279.73725504327786
1603421 263.6274164013039
1603550 -111.14958766263351
1604633 93.16804715655968
1605638 71.35656900629613
1607234 273.4958392040291
1608834 274.0715394207222
1610425 273.682072461142
1612025 269.4958428023994
1613578 275.8553125445575
1615089 279.345424319228
1616684 273.74746928071613
1618232 277.1266750336997
1619724 280.54621947960874
1621257 275.91452174300457
1622790 279.0336733277588
1624390 270.7903521663222
1625963 274.4509229826501
1627563 272.5483825016103
1629162 273.630820702248
1630762 273.6577479106698
1632362 272.30965651686773
1632672 -68.3854918703474
1634223 278.5924403149879
1635823 260.4623980462954
1637423 270.6063229201177
1638967 275.368007531726
1639904 41.378463731868095
1641430 276.20620848742664
1642996 277.5472457292272
1644590 272.59593190522764
1646147 278.0415043676265
1647747 260.76208814473034
1649295 276.2600906386538
1650800 279.2820640959515
1652400 272.4445627526286
1653879 280.33125070746183
1654851 -4.8826630537249684
1656391 275.66403323534564
1657919 278.6354056920128
1659424 278.86750514073094
1661002 273.8564561351899
1662571 275.56615916792435
1664065 280.64274978598377
1665613 276.37375762705034
1666958 109.18720448223866
1668529 273.47557032708494
1670055 278.87863244881646
1671449 132.5048205920741
1672938 279.3855389589854
1674521 276.66394252579454
1676008 281.0669040633103
1676953 64.75615495966355
1678504 276.3822351131097
1680019 277.7542443468868
1681619 272.431145538318
1683130 278.93328216451397
1684676 274.646524503586
1686205 278.65891761288026
1687786 276.04566468215694
1689027 96.10058055999866
1690542 278.26683464994494
1692142 272.565556519034
1693656 278.6245593103073
1695243 274.6565605754038
1696835 276.03753571152043
1697159 -64.86482745243764
1697661 -37.60830387216118
1698926 98.27207916474063
1700475 277.2759318359782
1702015 277.8379919735168
1703549 277.83101957833287
1705133 275.61252908660435
1706618 102.79190574624704
1708108 281.98672191421093
1709618 279.8003030928602
1711090 137.27803127998575
1712145 78.71338389895354
1713713 277.04059702561705
1715313 257.8189570141227
1716877 274.08151554048663
1718405 277.73454052302867
1719966 275.75062254694325
1721533 277.0492871062122
1723111 274.59975339995725
1724650 276.33637524078824
1725001 -52.32665310792249
1726601 273.37504558228085
1728072 281.8891371800933
1729625 274.8441439786733
1731152 278.95324659855095
1732752 270.8915002347716
1734279 276.9872770467792
1735835 276.5325548184364
1737319 282.1779764843236
1738910 273.16926462764314
1740414 273.88290288137597
1741965 276.183752200839
1743565 270.9766425492587
1745090 279.34845009821737
1746681 273.42691368905724
1747772 98.25410297434499
1749006 94.2633540499273
1750481 278.8636946028331
1751971 281.1607632635684
1753476 279.48036728263156
1755009 276.08136465388054
1756516 279.55368016667916
1758116 267.1035366590797
1759698 270.64078200538097
1761192 279.2980525304207
1762704 274.71124577183167
1764304 268.4888697337593
1765839 278.3459582900504
1767359 277.1849540028574
1768458 77.27478167416868
1770055 273.5218015749838
1770668 -15.282548253306501
1772202 276.1661723279751
1772558 -58.45524886804324
1774078 279.47412050238256
1775621 276.2523281820502
1777221 272.7855630893098
1778786 274.73185132634205
1780336 275.3077308961711
1781914 272.4805583627897
1783455 276.42279064702353
1784991 278.94976785286923
1786591 269.1237629771624
1788116 277.18556622857443
1789651 276.794369510443
1791208 276.10288238746466
1792798 273.85069574651527
1794159 133.84842285164464
1795759 235.18576350188363
1797359 269.2461614627816
1798880 279.6439983884832
1800480 270.3866126801006
1802023 276.9417231722132
1803324 125.04079999523321
1804833 279.6424351089069
1806433 271.8142543562954
1806488 -107.03531887378172
1806572 -111.01473327845024
1807061 -24.236921766217108
1808147 73.73389189655441
1809747 267.57454045081795
1810332 -16.788486774093215
1810425 -108.17336454536145
1811990 275.35353417259904
1813545 274.4279018402851
1815127 273.14070084214563
1816727 272.12327662445205
1818259 277.0648488620577
1819830 275.3804053276253
1821365 158.97037734934793
1822892 278.70794710971734
1824468 162.6397924494505
1826068 263.0921533353479
1826316 -113.60027468018141
1827879 276.58698338401615
1828276 -42.539967834144775
1829869 273.14779420725216
1830342 -42.71865326399416
1831870 276.94248303805256
1833399 279.50457177854025
1834999 273.30292482276207
1836586 273.31342621165413
1837665 86.55761207520757
1839119 282.099238319809
1840674 272.6783072613998
1842238 276.9726406581992
1843829 271.7575649699008
1845130 108.73144004268451
1846656 276.3938655589796
1846778 -103.5464247737471
1848309 277.4157444134435
1849829 276.1057915225012
1851367 276.7559653950532
1852881 280.8563641444765
1854433 275.78969092387257
1856000 275.2124491532971
1857600 264.2705623663659
1859148 277.7883084276227
1860667 280.0456510287681
1862199 276.89549333582835
1863695 279.1058457205543
1865228 278.08370116106676
1866791 277.2589307720087
1868280 281.10350951208653
1869852 274.8036651780319
1871401 279.3219338093603
1872912 146.65147935818277
1874512 272.1371366651488
1876052 170.12768375067225
1877601 278.25931402109745
1879201 269.5292555450684
1880741 276.7564633895764
1882303 276.8755463206943
1883818 280.04674180950167
1884152 -50.746041181506314
1885693 276.93898027790647
1885999 -60.060649050818135
1887522 278.47372968033415
1888978 283.4883221422637
1890533 274.4409741158285
1892133 272.40681168637775
1893725 274.75494659105686
1895011 114.05018446141375
1896521 279.3054035644797
1898056 274.5166156092485
1899131 64.90270526352984
1900694 275.97273400671924
1901079 -61.7181524996466
1902605 280.50580525991353
1903685 65.43256147667029
1905285 261.1288251521326
1906885 245.3619006632924
1908373 281.4664761512964
1909973 271.49162321434056
1911537 277.3815772559082
1913097 276.8611336220017
1914620 279.9991650948766
1916220 267.3967668305875
1917807 276.887143161228
1919360 278.8819966579648
1920267 50.65249902279493
1921858 275.7862407660213
1923375 278.68863015869243
1924199 28.40341547023371
1925719 278.9097442988604
1927256 279.74139365470097
1928769 281.68876811254074
1930135 119.3459994442239
1931725 275.5822449898
1933325 272.61831561477953
1934847 281.2885368387396
1936362 279.2677159971437
1937877 281.70898872020734
1939379 280.0557211622469
1940542 68.7343064644325
1942030 280.19838886616867
1942225 -89.27128129595022
1943721 279.5556741985403
1943864 -104.34462589030775
1945422 278.5651825478589
1946956 278.4716321226371
1948505 278.64755813024465
1950035 281.1762946874043
1951628 275.1698585038729
1953211 277.2685726816946
1954811 250.136196149917
1956288 283.99617842513425
1957793 281.75456019865226
1959381 276.562866595618
1960981 246.18544328892716
1962581 264.5936653051455
1964181 274.56830985336774
1965767 277.90898899286765
1967276 280.4721127413547
1968833 277.0061626634557
1970381 279.26496043626526
1971866 280.92157791718995
1972961 85.98129268863298
1974554 278.8067933067566
1976139 278.69980532417566
1977700 279.23917446131037
1977853 -106.86707128357018
1979091 104.54763060142409
1980602 281.49984957300444
1981611 79.19766645719787
1983147 279.1560982401897
1984673 277.09746030049735
1986207 282.0954517569213
1987699 159.9335392357616
1989250 278.58574640382216
1990850 275.2697592555314
1992364 280.3392468473445
1993920 277.8043598149832
1995476 278.5620920332287
1996904 130.70699149015746
1998459 277.3152498908014
1999985 282.1140302757451
2001570 275.99119375020297
2001950 -57.27180837166681
2003501 275.49866725631875
2005072 276.7976947055445
2006205 87.96336717522803
2007243 67.66190609228852
2008765 280.94132009405416
2010280 278.02005370026126
2010762 -31.14016317969559
2011792 38.696776945596724
2012822 63.059851984309546
2014342 279.87982910595986
2015850 282.30427041765915
2016791 56.836529579694286
2017457 -11.964216774173138
2018955 282.369696893684
2020211 114.9488409981702
2021811 264.2101901537716
2022379 -19.365498152500606
2023925 277.60179387507986
2024799 35.441660866918824
2026319 280.1082577655978
2026948 -3.325351367334534
2028469 277.87478571139076
2029957 281.38622562797025
2031510 279.1179404397997
2032437 57.607064593891465
2033988 276.63774811963464
2035544 276.2801515543759
2037074 280.2400169203724
2037910 29.62426196506621
2039414 280.5278071440338
2041010 275.67354278818874
2042522 278.7858496247877
2044047 279.4512414034312
2045635 275.3136867027466
2047143 279.33917198611164
2048692 276.48936104615507
2050262 273.7141482236658
2051862 273.8353112573381
2053361 281.56113050885654
2054888 279.94009668660703
2056400 279.94491787930235
2057911 278.0017584542446
2059478 275.6148550305858
2061014 280.60457445768935
2062489 280.1918088411219
2064058 275.1318908846902
2065658 276.5657431170804
2067155 280.9570918565409
2068681 280.9216583141243
2070176 282.97440788659816
2071724 279.6253014168308
2073291 275.977772589346
2074795 282.7060010096617
2076378 276.66626372705616
2077890 282.47092037276013
2079422 279.2602577010903
2080580 95.03669011512551
2082152 275.0970253315429
2083731 278.5533494948943
2085301 276.99604905104997
2086850 279.2004505351823
2088450 261.8712693337519
2090014 277.3866261988935
2090286 -68.98221799710021
2091688 135.46401175454642
2093111 155.40882136171163
2093485 -55.79642883786624
2095026 277.0541253204147
2096586 276.82295411698493
2098010 138.32661710062334
2099533 280.08496952408666
2101100 277.3220149633377
2102609 282.3872498974189
2104157 278.14011733002843
2105725 276.495546907163
2107247 281.71658370173725
2108764 280.86598973009563
2109272 -65.55782992702481
2110122 39.79751777400995
2111647 279.6295681748845
2113224 277.7122795189973
2114736 280.07696030706853
2116263 279.06636251705396
2117831 274.277168510038
2119368 279.53562115504343
2120368 70.88808552654447
2121458 92.07106810746828
2122993 277.8363028212338
2124576 276.19329510524466
2126176 274.2577940007883
2127410 114.92022542000691
2128977 280.0456350493374
2130512 280.76051508602313
2132062 280.3112593526667
2133600 279.9160642066659
2135129 279.5388141143739
2136692 278.2240519489075
2138229 281.19266361587046
2138655 -51.92226103194434
2140055 148.47609515928696
2141313 111.07971030916036
2142799 282.7763502235008
2144351 277.5959860687507
2145927 278.43623410257555
2147453 278.0558881413574
2149011 279.0658713470041
2149641 -6.4786091022167795
2151241 270.1592444883772
2152841 259.4357399590198
2153619 22.972191775440706
2155194 275.9070649058314
2156739 276.2101135629653
2158261 281.2025788468559
2159397 102.0790782757787
2160971 279.13148863636866
2161800 27.159387700745796
2162631 30.493613818056843
2164166 279.21010288196334
2165197 81.58242684797659
2166740 278.33880881164254
2167235 -24.483314712147475
2168756 278.96003664574687
2170341 275.71705077570266
2171829 282.95976906799723
2173397 277.6072988352018
2174938 279.34197905389385
2176450 281.09915489509206
2177995 278.1409113684178
2179543 276.24431522658324
2181057 281.02629338189297
2182606 277.9077937212516
2184183 277.66716479201114
2185783 273.0683265045303
2187317 276.9169235031311
2188888 277.4643123380226
2190418 281.74454867844094
2191948 281.02370842386887
2193145 101.90738207628141
2194709 279.25442531780214
2196233 281.5904651527681
2197736 282.4660293312091
2199261 279.5320924504778
2200785 279.7404104115371
2202240 285.01272539328266
2203840 266.38090768295
2205440 269.5431480043807
2207040 272.1664644511079
2208587 276.3215787177302
2210115 275.8881332254537
2211634 279.0374013236034
2213193 278.215280914748
2213639 -27.560631309613655
2215114 284.47398392489265
2216673 278.8836268769168
2218200 279.961740005643
2219689 283.3225940233874
2221210 280.18530151259426
2222786 274.3587250125707
2224335 277.5898466142228
2225871 276.1316796976103
2226659 17.677188354480464
2228190 280.2326371783496
2229776 278.1006865615901
2230312 -30.06545410975879
2231861 280.6510824449411
2233376 280.7272646281801
2234913 280.68108194300817
2236455 280.1099951091267
2237986 278.3646462011265
2239576 279.2382288388125
2241139 279.0421563944187
2241271 -97.43538592990488
2242813 279.4572874584132
2244410 277.5337297399339
2245954 280.3800623778273
2247511 281.3413348425258
2249097 278.2384045822734
2250631 277.7624232872171
2252195 279.42800711074676
2253795 265.20159131924555
2254186 -61.44272061762339
2255728 280.7949982438103
2257284 279.04593912294735
2258884 273.580529941726
2260420 279.42930504135194
2261958 280.1219605003897
2263458 282.76243200533116
2264869 154.6794490402124
2265451 -5.791010440537761
2265700 -79.36762368028673
2265935 -80.20687500420648
2267381 284.79840889339414
2268913 278.4902848609407
2270410 283.88811211432716
2271916 282.21907337216874
2273140 104.08038934356986
2274740 270.89700862951844
2276320 271.7883165819975
2277874 273.99477149327345
2279462 162.82602755108678
2281019 278.1736121870255
2282545 276.4545043883101
2284023 283.21627042439144
2284519 -25.8911147191549
2286066 279.80778284699136
2287666 270.6218131481619
2289238 276.84732356273224
2290770 278.81526784591614
2292312 277.0080662996052
2293853 277.42773076075605
2295338 281.8359912699163
2296845 282.5437663725201
2298264 146.2023546030059
2299831 276.17556763589334
2300367 -22.963728351803596
2301967 270.9500926696679
2303529 278.48339782843794
2305096 279.36326373396037
2306598 281.4151888430124
2308198 276.0850990221612
2309776 276.2873472560251
2310319 -27.61242463509224
2311865 281.20751497589106
2313417 274.88023012677684
2314905 280.64476892861967
2316491 276.90065475898933
2317993 280.56845962433675
2319517 279.6235332817457
2321058 279.32957927061307
2322545 283.9822811460119
2324145 270.5605067108405
2325272 87.29783267114902
2326747 284.4925407128505
2328285 280.0936041757319
2329885 270.02809578951525
2331222 126.84383100757927
2332268 72.26091926235722
2333810 279.09673943333655
2335291 279.61575516757193
2336813 279.1939958464167
2338369 279.07277183574445
2339873 283.391016927407
2341378 283.4439275417456
2342469 73.31135353840781
2344019 279.4229986300161
2345509 282.42735808719823
2347090 278.44302653350985
2348608 280.79841398045306
2349734 76.22283154666911
2351280 278.40384603022596
2352847 278.18386946387
2354398 277.86906600695164
2355992 276.7221620377641
2357504 279.7047575299203
2359050 280.76308251747247
2360593 276.34460076839525
2362160 278.38627154611976
2363705 280.4137167815041
2365228 281.9077186825911
2366746 282.0503952164496
2367435 4.323014192238475
2368940 281.73395628631187
2369666 11.405689741240835
2371149 284.3330645143077
2372728 277.87122737268976
2374180 131.91255017114298
2375761 276.469005146425
2377331 276.5127914680662
2378848 281.8977582739011
2380337 284.67720750243484
2381154 26.031062201180703
2382704 278.28175099689156
2384258 280.4551511758968
2385844 278.176512062797
2387365 279.36439769461737
2388842 284.8392068879265
2390371 280.19633455525286
2390823 -33.31644957180622
2392418 276.83419813396677
2393966 280.38948036949137
2395477 281.91749046455334
2397032 276.29424087787896
2398517 283.1387018997303
2399994 284.0660596048727
2401481 284.2485755962667
2403081 276.7726564715381
2404549 285.31346076894226
2406103 279.70466368863714
2407654 276.1875682247797
2409191 278.5979392010997
2410737 279.5933444773653
2412337 271.43546579624706
2413847 281.0367190071582
2415401 278.41508592053293
2416927 281.05895688130835
2417224 -68.76185167589101
2418727 281.1972971938454
2420214 278.2356526260231
2421764 278.61823054870814
2423364 268.801780177732
2424949 278.16668717558673
2426473 282.2187977437512
2428049 278.39884978521974
2429597 280.4226568438588
2431192 276.33937589039374
2432745 275.8840870145485
2434290 280.9864002014138
2435890 276.02055254290036
2437414 281.5764108279275
2439008 276.27209809860966
2440545 281.21414257090356
2442123 276.99688853453233
2443682 278.6824672945879
2445198 278.0505284651466
2446725 279.77926905848676
2448285 279.4485343982452
2449814 279.3319724366531
2451313 279.2521124535048
2452843 281.5606284020071
2454397 277.1997082024524
2455950 279.41294355678946
2457507 277.99439679967713
2458831 136.7082626424931
2459392 -13.46701757227315
2460854 283.42821687059217
2462384 281.95641168316945
2463847 285.7902720148257
2465368 279.33029037540194
2466924 281.0843734129625
2468053 79.64533297573647
2469643 276.1539215736122
2471156 280.7902934202397
2472756 262.15109863435646
2474319 277.21764647955814
2475813 154.49681633349618
2477383 278.90001527140157
2478891 280.94391209821595
2480400 281.6864892286733
2481972 275.0411094283172
2483153 99.69009357122113
2484681 280.8736767295769
2485493 45.684290724062464
2487029 279.2665569273206
2488586 279.8506851740486
2490186 274.2843247586099
2490598 -44.94777435385003
2491595 66.44556589759358
2492780 103.04423836733625
2493551 9.228231802860904
2495151 272.5604083973237
2496662 278.7655187101315
2498190 278.1718440851729
2499698 281.61279053736484
2499919 -77.0397489054945
2501457 278.2645235220216
2502971 280.9060334576823
2504525 273.7925463682241
2505318 9.551989314513364
2506854 279.4231432834889
2508373 281.1911549601632
2509874 278.7732434057519
2511449 275.8960573016846
2512327 53.008853908674695
2512785 -52.63487871567907
2514332 275.82966663409957
2515870 277.53068267786347
2517354 282.65578105291866
2518469 102.38277053347298
2519966 280.25650070512904
2521533 276.14357138839085
2523067 277.76528921499374
2524326 57.476551436455935
2525819 279.5460910940313
2527318 278.92080902771573
2528869 276.56503647042297
2529349 -42.38847101640265
2530862 279.5659682545731
2532362 275.8818185262099
2533878 277.3181945533085
2535478 269.7931129711909
2536957 279.1338845810867
2538486 278.12555696244425
2539958 282.0860455816724
2541492 277.89134472491
2542991 278.7941560623914
2544565 275.4167421474222
2546157 275.555849598754
2547658 280.05833705972503
2549145 279.6148760012674
2550677 279.90177683962196
2552199 276.2692583691122
2553707 277.4384207879426
2554004 -67.87650437088004
2555535 276.3811337598657
2557088 275.78211736674115
2558647 277.441652015861
2560232 275.8287939905392
2561713 280.79524688040226
2563218 279.3273979557948
2564801 275.6902876542029
2566247 282.45483256625533
2567379 95.94129516104417
2568948 271.9029510355739
2570548 268.91808273011844
2572057 281.42479645446366
2573576 279.94066014032217
2575109 277.4305985393687
2576650 278.87992899167995
2578250 271.52323227124424
2578761 -25.542645133974602
2580325 275.40415775015646
2581853 280.19456491028564
2583295 142.41592283485167
2584895 274.49679678454123
2585341 -30.303667247776616
2586879 277.4762941605064
2588268 141.5567852193019
2589136 51.356385718243075
2590698 277.2669798338525
2592245 275.88884099621856
2593768 277.5778375259799
2595298 277.03653709697187
2595740 -38.555111312799816
2596718 79.08071868176066
2597816 88.20463292301775
2599349 279.82166212531473
2600926 275.95979359195707
2602431 276.85185815388473
2604005 275.71633943550216
2605005 76.77585152017872
2606500 281.03149131684614
2608020 278.0355488836966
2609023 72.88542182301643
2610527 279.85482038144767
2612043 277.4132377696128
2613515 282.319157602186
2615021 278.0437742975476
2616407 149.52033916476347
2617113 13.854563647763086
2618612 277.69567468515703
2620129 278.55422736518034
2621712 275.5629950547568
2623094 157.03162835565035
2624649 277.62143986938264
2626224 275.97711625900774
2627752 277.3222136346914
2627826 -107.80550563914329
2628029 -125.53744569519473
2629537 279.87407787468567
2630998 283.373077814856
2632347 141.01069485870747
2633824 279.68224968802286
2635330 281.51341524831895
2636581 122.63734508813957
2637384 26.887590465592254
2637734 -50.103995867489495
2639196 282.7307764368604
2640692 280.0223575918298
2642196 280.31727141922653
2643726 279.3663995233723
2644743 71.83408632554824
2645377 7.628922050175532
2646917 278.82267765144314
2648441 281.10291895121287
2650000 272.66792105663603
2651515 281.1060739393837
2653083 277.4104191149277
2654627 277.3703872664835
2656202 276.71005076622083
2657704 279.99712204518767
2659203 277.9216772838145
2660740 276.6711058957663
2662334 276.4172937759908
2663880 277.43486264963235
2665385 281.62926129164936
2665647 -85.41277516898079
2667240 277.8841920965687
2668791 276.7980248571216
2670054 122.36040871634967
2671654 269.0862036910309
2672265 -24.974819245376878
2673730 284.55321247956624
2675287 279.78879679343873
2676807 280.5640670606573
2676975 -107.07325911967146
2678572 273.099718215381
2680067 281.3453949136315
2681573 280.53399043055083
2683053 281.4801383809917
2684499 284.5869116256921
2685529 91.35470767318415
2687110 278.10193057231436
2688634 278.356819261172
2690196 275.7797209807259
2691717 280.3830575537786
2693233 276.9706473333481
2694703 282.2189230522345
2696205 281.2799880318355
2697748 276.5366679537277
2699267 276.5616494354212
2700697 156.41979131078585
2702191 282.31566788244953
2703697 278.2916664535323
2705222 276.18408124474735
2706672 282.9209110695419
2708251 271.6665698720005
2709629 142.71664381044616
2711124 281.39118497500965
2712626 279.7871454084774
2714160 277.82593178875084
2715671 279.9716293387202
2717147 282.3093347986897
2718689 274.55938820096196
2720196 281.30054564941054
2721728 278.7305531538929
2723220 279.3655282306144
2724711 281.7068132557401
2726247 277.81795852710127
2727732 281.93933946684047
2729280 275.45177956551134
2730755 280.72652160452157
2731518 3.1464746604707443
2733074 276.62116606539564
2734674 265.4269028287739
2736190 277.8940615580914
2737711 278.21482509429455
2739210 282.4404425286889
2740810 273.1601625108086
2742267 282.97328531607945
2743824 278.8366739002781
2745424 262.5605249495092
2746990 278.4945075113403
2748477 148.7188203521509
2749970 281.44320319786476
2750302 -52.10703372162394
2751902 269.55162057659385
2753487 276.49459091124606
2754270 38.16902145777877
2755842 277.2041678610725
2757398 275.33663779756534
2758919 280.7171029551166
2759283 -45.85574034038748
2760792 279.3955037038123
2762307 278.929692985968
2763374 80.72078446367246
2763909 -64.93505318804209
2765395 282.37164614589443
2766960 273.2743351470518
2768560 271.3740559229796
2770160 267.90562237723617
2771760 269.4595839720687
2773254 282.00278823217155
2773745 -29.672509419479653
2775298 276.2457972550949
2776821 279.6108240448768
2777491 -1.8263387818960695
2779012 279.4169244465057
2780531 277.5069787529422
2782097 276.3193151718407
2783615 279.4900045042783
2785103 278.37547816734167
2786608 278.9789197595952
2788128 281.014353436566
2789662 276.6599336867179
2790025 -59.99229640286913
2791568 277.1758718847444
2793095 277.67652647697713
2794666 272.95758394152824
2796217 275.4811101362006
2797752 278.2216039583083
2799274 278.40169243433684
2799396 -107.02847390694048
2800974 271.77715422775333
2802533 278.3216477025393
2804109 273.7363807830675
2805619 276.34836492916736
2807154 278.3971823905135
2808751 274.5263434792712
2810208 282.260778453746
2811766 273.75977725452606
2813264 281.3968602429954
2814810 277.6438090725525
2816326 279.209019594805
2817862 279.4685592952963
2819419 274.6889438236943
2820544 95.19819573194908
2822144 271.57661782800903
2823415 128.0492806476794
2824295 30.256956133072777
2825728 283.1039344558449
2827245 279.5013762477149
2828827 274.60079941023395
2830402 274.05597224240285
2831920 277.712039604301
2833419 280.5733022522444
2835007 276.9176623579264
2835341 -79.18317240197118
2836823 282.91166397384694
2838394 276.7010021126631
2839875 280.03784739767383
2841399 277.79912840895196
2842886 281.99906317342834
2844354 280.5753861995021
2845878 279.3182131380798
2847448 278.82606974936175
2848901 282.0874068476923
2850392 279.6460563232535
2851925 275.3555115408584
2853469 277.3634652293073
2854981 278.301778165094
2855338 -50.4529716100072
2856769 158.3559053070498
2858288 278.27345752932865
2858454 -84.11519449946347
2859305 45.427739640482514
2860905 273.5939992796238
2862455 276.24698930164976
2863991 277.57400229840636
2864575 -12.64969842118893
2864696 -105.24110442665716
2866232 279.02800818381246
2867761 280.6395172597616
2869342 275.97944579708104
2870864 279.32229193341686
2872348 282.62815427349034
2873948 271.22774663974513
2874418 -30.799637984245663
2875927 281.0673734634581
2877442 281.67184827005815
2878985 275.96705876646206
2880474 280.20341977326314
2881729 128.7771679283493
2883245 278.2523529007762
2884833 274.3103407391187
2886323 278.938069369137
2887923 263.0477356915492
2889459 279.0799088921148
2890998 275.34014283949307
2892071 74.74496439218467
2893636 276.0731537160974
2895163 276.1980116590765
2896682 280.38561023481975
2897079 -54.034669844998035
2898555 279.06678129109775
2900118 277.39395195449526
2901642 280.4582071854892
2903152 151.36887805696793
2903329 -80.31146734135288
2904846 277.8163686362537
2904964 -113.61457575371303
2906519 275.50672032919323
2907999 282.71127564588704
2909518 277.2528750372206
2910345 41.5845532187347
2911857 279.57869054936185
2913455 274.15583598213453
2915055 271.81562944950275
2916568 279.80561866599766
2918122 274.9034180204644
2919641 277.84514449209433
2921173 276.6569998764114
2922748 275.77459854865947
2924257 280.1457602952819
2925789 280.3733249341188
2926611 28.458441764552617
2928176 273.8411210457119
2929676 279.9546707922145
2931141 281.39559025871057
2932712 273.08257271309196
2934251 279.3378186231685
2935095 30.31284902622292
2936614 280.63266260212885
2938067 284.49566086729874
2939563 278.60060366725673
2941123 274.89409150921136
2942446 129.29570259196794
2944002 276.9025034167164
2945544 280.0947710794374
2947052 278.675174145734
2948600 279.8304327465198
2950102 281.6763087622453
2951569 279.6494774346802
2953112 276.9469433171389
2954617 279.80562497037477
2956110 279.59534972845273
2957650 277.2336727139981
2959209 275.33832176791344
2960809 272.2568470186041
2962353 279.7042715749891
2963927 276.46008523680695
2965371 282.4339054639634
2966862 281.8405944591695
2968195 115.39474548749553
2969735 278.9107444295692
2971204 281.77515725366317
2972804 270.3056702952985
2974323 278.11484282567835
2975776 281.2014122822544
2977308 277.067737567708
2978840 279.84130484444216
2980356 276.78637360781806
2981831 280.4492206579097
2983431 264.6726871988838
2984967 278.8243390248831
2986449 282.8803296787854
2987962 273.78373438681064
2989498 275.43936387278103
2990971 278.3826973276324
2992455 279.1396007311502
2993992 275.83829840619126
2995546 275.1835109046495
2997065 280.6405200101075
2998570 279.0486732283644
2998940 -52.225040191846595
3000434 282.6293169942077
