# reward.txt contains number of transitions:cumulative reward
45 -114.80442750355323
117 -109.11074617843687
681 -156.54099822951105
788 -109.10848890181445
882 -126.91938518501632
2482 -108.47273256227275
2523 -107.39174343770183
2587 -106.36695547523473
2639 -106.15174021935672
2716 -103.88890310310883
4316 -101.74912417793038
5916 -115.61415092197619
7516 -119.55718045754153
7579 -103.64383893931843
9179 -108.92976167726374
10779 -129.18380514885862
10844 -114.71394796981413
10908 -105.09368681596095
10965 -103.86238969438833
12565 -112.91115974872599
14165 -107.55951553153356
15765 -119.77277725391862
15857 -119.2821103052888
15960 -109.1004806498955
17560 -92.04004658453667
19160 -111.68057333818986
20760 -102.053999351931
20805 -110.59129331454324
20876 -101.05364287525788
20968 -113.86862739417826
21053 -117.60086247485255
22653 -111.71977300550789
24253 -109.50366591199655
24371 -103.10483286237903
24452 -108.29470208362552
26052 -103.12403455744426
27652 -104.29599806274462
27723 -106.78684463769383
29323 -112.6202570435659
29379 -110.42202800515233
30979 -107.28571012921394
31041 -101.00847384167649
31109 -106.49638935681992
32709 -103.10445863554739
32765 -100.32628774483067
32852 -107.69152843185887
32903 -103.30161698427797
32969 -119.00775931147734
34569 -95.4960779983635
36169 -100.42397139537805
36230 -104.50832707007618
36339 -111.45343340561539
37939 -91.66039002739771
38076 -96.21045461959329
39676 -107.40897284022331
39743 -100.65722521954527
41343 -83.96356234430894
41418 -100.68234071621299
41495 -116.89313069598873
41597 -104.66956939851741
43197 -104.38906760771695
43272 -101.8477353714959
44872 -92.72316859848334
46472 -110.70499134824986
48072 -115.70976770763797
48131 -103.83627235989086
49731 -103.10790963223023
51331 -50.46245080865661
51386 -105.09658790967613
51480 -101.96651417639292
53080 -102.90662959200398
54680 -101.10692101828191
54745 -108.72587510072316
54795 -103.55321259182692
54854 -99.21800078288528
54957 -126.02350232972762
55024 -107.07001453838559
56624 -103.18868736531051
56715 -122.01154365214022
58315 -109.65108061439238
59915 -97.6543147484362
59981 -103.7878870992704
60031 -103.82121635833632
61631 -101.20442883217925
63231 -101.27704038561703
64831 -103.78214509202986
66431 -100.18275342284308
66550 -108.87254034956979
68150 -88.49805990112262
68208 -114.67075257443668
69808 -108.52298410029775
71408 -99.1385820679719
73008 -90.39019706710684
74608 -94.08752480613609
76208 -89.63441716557811
77808 -92.10833203500626
79408 -89.26603624571192
81008 -94.44175635858802
82608 -89.62622648863808
84208 -96.1602669700684
85808 -85.96764090322125
87408 -84.52907317390817
89008 -79.96769498843666
90608 -86.28833602677697
92208 -78.02619131150814
93808 -76.66820036349884
95408 -78.40327874896509
97008 -75.96409603937069
98608 -71.45182705774022
100208 -74.52549402822059
100300 -108.45360900794901
101900 -71.42692718094571
103500 -71.51443265153397
105100 -69.60640862580158
106700 -67.4997133427013
108300 -69.31439804212063
109900 -66.40737308035666
111500 -63.39293392671922
113100 -62.082997329595294
114700 -68.16223332711118
116300 -64.26107951919411
117900 -62.76595457055044
119500 -62.460916416838636
121100 -63.89977974646605
122700 -62.356017476332575
124300 -60.52803708256779
125900 -61.318804081980474
127500 -63.41374473560045
129100 -58.380182793140506
130700 -53.01232803829022
132300 -55.525646544842644
133900 -53.32301334057251
135500 -57.639322282272516
137100 -51.270242947128956
138700 -57.18765287957346
140300 -53.17829604535925
141900 -58.17340233387683
143500 -60.10211662462201
145100 -54.5261114399864
146700 -54.754707332353235
148300 -50.147922110005275
148380 -115.82546124465111
148427 -110.86398306386607
148468 -107.43161987527212
150068 -49.0483973433646
151668 -50.2762247994155
153268 -54.21872530753525
153365 -113.07359247893778
154965 -51.74597177579007
155021 -113.13883023357408
156621 -53.869370176883415
158221 -58.056362045000625
159821 -52.93836843724012
161421 -50.29930146704923
163021 -49.450502280292596
163102 -121.32335571932731
164702 -52.62061325745944
166302 -54.00272613374518
167902 -42.47032652320524
169502 -54.21394871666615
171102 -43.40197730456417
172702 -56.130078933880796
174302 -48.36852856076909
175902 -47.06659484823871
177502 -43.93800564175812
179102 -48.39972459020184
180702 -47.435676706454736
182302 -49.32326674112525
183902 -47.30360555399702
184000 -107.2951224230981
185600 -46.157326013944285
185673 -107.51337044346208
187273 -45.05511707890249
187340 -110.5877693594216
188940 -47.68251662711353
190540 -40.075453059076054
192140 -43.862821875137016
193740 -42.41826020315603
195340 -37.812819044377015
195429 -102.07614103738591
197029 -43.38086264319469
198629 -44.68642553123144
200229 -48.08267083135649
200354 -105.72032769524462
201954 -40.163061013933586
203554 -46.4224157022436
205154 -39.30904107460255
206754 -41.35490489773356
208354 -38.346342100073635
209954 -41.31108133112348
211554 -51.04289672988147
211626 -105.86065421620694
213226 -49.029345004403275
214826 -46.11681453124367
216426 -43.24237004081661
216484 -106.37321490416117
218084 -49.50050779272309
219684 -31.213620488417664
221284 -44.67739260509365
222884 -39.504467711891984
224484 -42.38172862181128
226084 -41.78554019066813
227684 -36.563494492748966
227741 -105.26759983224359
229341 -35.425259899092495
230941 -25.79051154041845
232541 -33.55961051239727
234141 -31.092209661755394
234244 -120.22686389428998
234314 -105.92695200386953
235914 -29.665469240014442
237514 -24.696944778733886
239114 -24.51564400178876
240714 -33.95534419542582
242314 -28.346901970858376
243914 -30.036912595010815
245514 -19.021544783852065
247114 -32.941498212235274
248714 -17.22061124067692
250314 -22.168908247785616
251914 -11.548842182608622
253514 -19.3788450242461
255114 -19.169734661593417
256714 -13.76731603631622
258314 -23.10863753922475
259914 -14.369659994710235
261514 -13.441877946956712
263114 -1.0461458294073465
264714 -4.650765610179866
264794 -103.05325509976844
265764 -106.0622065569951
267364 11.914941855478881
268964 -11.857463586979861
270173 -81.60418234195384
271773 17.048204538545892
273373 10.059472239565737
274973 13.828612866027862
276573 -3.2451947630085134
278173 8.497280199258915
279773 -5.564112397444139
281373 20.837057746885034
282973 7.527769708854458
284573 24.055712968339364
286173 25.006467008618014
287773 59.387990669707456
289373 41.73640151873109
290973 33.212638703619504
292573 38.14507810368947
294173 60.17801936354731
295773 55.278925020946765
297373 84.25300283303615
298973 62.19315158386652
300573 61.20437848915721
302173 77.65101078464147
303773 94.89901070966383
305373 63.852813610448095
305460 -105.04368847046544
307060 88.07896084016959
308660 96.00480251354915
308757 -105.77190885141616
310357 103.09570855405498
311957 89.47745695812004
313557 96.750754929566
315157 120.59055610288493
316757 124.23344890262862
318357 131.50620549853562
318448 -107.51052500652149
320048 141.98224985909468
321648 108.78180226356706
323248 127.48230896574222
324848 124.86865753455734
326448 134.78285078500068
328048 140.1874086760149
329648 104.06625660191906
331248 137.0947714172888
331378 -96.07236326148485
332978 151.8131114533952
334578 153.62682150331565
336178 151.01853220825438
337778 156.99481194219683
339378 149.78933660780214
340978 157.77091209673264
342578 160.6996615841875
344178 154.96738565953635
344278 -128.88622961664944
345878 174.9826014393626
347478 190.4285910638276
347617 -92.50529211169791
349217 189.5403718404709
350817 171.14903051340042
352417 167.4399983238367
354017 169.04973552791847
355039 -10.691253872227449
356639 176.67091768177394
358239 164.81938400541964
359839 162.5330197172239
361439 175.9600421834449
363039 172.15305715476742
364639 166.21450900594007
364758 -105.76348529770473
366358 194.34525555665357
367958 186.47911329365735
369558 181.44658324160255
371158 197.20136524633224
371230 -112.04924266880067
372830 165.2572411163228
372982 -118.21613108347852
374582 186.15927789856138
376182 180.89743499586086
377782 191.38683600460766
379382 169.53245450571293
379449 -105.68443379944812
381049 158.57963441816423
382649 193.22607086542763
384249 173.8982589521186
385849 183.97773105849936
387449 199.6708462863515
387510 -101.4142071922409
389110 202.07104868336512
389167 -106.96238238484351
390725 101.26471353573027
390783 -111.69052357709222
392383 175.1073063097858
393983 190.5234062294902
395583 191.72159422380778
397183 211.71388537931904
398783 198.01987791571815
400383 192.12803355642322
401140 -24.929541753802454
401273 -106.41540830588993
401485 -98.9433877362851
401572 -105.00899855964506
403172 218.2414606304784
404772 195.90397333112819
406372 180.54808671356128
407972 213.71228530401825
409572 221.11909609800972
409683 -102.43860480985293
411283 201.76449020720142
412883 200.64797819624874
414483 218.27833964930244
416083 196.36043514951527
417683 197.63970482358366
419283 168.4772926140755
420883 189.99297845913782
422483 201.4087647741309
424083 203.00942520145725
424915 -20.28780074032123
426353 60.55578049435448
426451 -115.87005172093151
428051 200.32176624791856
429651 210.7838255922664
431251 204.42329369091303
432851 190.51145639720696
434451 196.2193857073124
434608 -96.9749034986856
436208 209.74914625833256
437808 204.21457897287033
437919 -109.70091985011784
439519 203.47788749530292
441119 221.32906805473206
442719 178.61982232004294
444319 207.71848285408834
444387 -104.08335554406419
445987 207.9329218748124
447587 192.5890327561015
447644 -111.78460260190194
449244 209.9818512860614
450844 206.1673833973212
452444 219.66642753003936
454044 219.5159275063256
455644 224.26164671200033
457244 219.5818913628389
458844 139.06471274097666
459051 -110.48124206901093
459261 -117.38273558041577
460861 229.0152694930905
461065 -98.9930913149075
461279 -117.53581808514397
461452 -120.42593707651211
461676 -97.91257942599059
463276 223.28407451733247
463559 -110.91895251522399
465159 215.43944672056713
466759 209.32614222043708
466885 -119.80009559306441
467128 -94.22267099582342
467812 -32.84419117856332
467947 -120.71489996002987
467998 -116.4597426925345
469598 199.4077822936494
471198 220.71909133918493
472798 224.19564796853334
474398 219.69594492363095
475998 196.90516743068542
477598 213.31658529421495
477704 -117.69528237252806
477780 -106.59221263741081
479380 197.57706120586386
480980 213.2553769159364
482580 210.23360549674672
484180 218.72815763467216
485780 225.06089217263843
487380 231.44181086562503
488980 204.57405179397043
489524 -40.48497629233198
491124 207.53862592318256
492724 223.54645868833938
492808 -111.44427653032541
492870 -117.48508903396937
494470 200.1379672076813
496070 212.50010820732746
496173 -123.0065889123045
497773 226.5297798658309
499373 201.07568093531555
500973 188.1368981767241
501833 -16.115073526086263
503433 230.1050269495033
504258 -14.601151322339376
505858 201.37465238727486
507458 203.44152382341844
509058 213.0191123107262
510658 202.62715928050204
512258 204.25639577742132
513858 216.8365359796472
515458 219.68196479194597
517058 241.75796935973187
518658 206.21750010458024
520258 200.2164186695076
521858 215.15962091415452
523458 210.47169536801223
525058 195.56845483520326
526658 194.41798593226957
527757 41.475566566109734
529357 228.73598613307857
530957 218.60228426662547
532557 236.96957300727792
534157 229.65197470185961
535757 196.1774960368579
537357 186.87919312492588
538957 222.25814484250296
540557 204.2019012904972
542157 207.79027157125924
543757 214.6963890204724
545357 215.21908778959983
546957 233.78437303974624
548557 203.0045287858073
550157 195.19398176476298
551757 225.61231340967367
553357 223.82643125460103
554957 245.35495542632907
556557 220.46827806409968
558157 228.88234600540906
559757 217.0221738043121
561357 238.44823346736655
562663 16.676186911587905
564263 218.91557898039986
565863 226.20793173419702
567463 244.96484146956556
569063 202.75844021247457
570663 228.24943245096492
572263 220.02852867525195
573863 219.9295202405766
575463 238.93150203948795
577063 219.7509190034011
578663 226.78103130061868
580263 219.75353459905648
581863 250.81415920044245
583463 230.6336417798349
585063 237.52063184276898
586663 183.13361746730536
588263 248.0550281520729
589863 253.45864470896322
591463 233.2686269045118
593063 241.99873925232075
593155 -108.79226163280818
594755 231.7693200997926
595273 -31.933653305491447
596873 242.72220776967814
598473 237.98657174072284
600073 230.3108643567868
601673 246.99139767087192
601824 -100.81886003478182
603424 217.44627057247897
605024 225.96653336353663
606624 238.52799169957387
608224 248.70385793547828
609824 259.1565700747435
610211 -64.52726041765916
610264 -109.36950192023565
610332 -115.17745539143434
611932 234.36713681119997
613532 227.30704756098308
615132 245.08402999542452
616732 220.98745219967867
616823 -116.37023218269894
618423 244.58020445361663
618651 -86.75111682711977
620251 230.8736649746395
621851 259.5787057918327
623451 239.15944489349607
623503 -106.09075193947926
625103 245.41984713317558
626703 237.42898170860195
628303 237.1339670873387
628532 -91.4380025654845
630132 242.61089410771248
631732 247.02743744591064
633259 113.49798313097949
634859 248.2431947408047
636459 242.09354751093585
636516 -100.33981389739303
638116 229.71771594846646
639716 250.09586336456445
640116 -56.403105244949465
641716 251.52047173258566
643316 199.2890093195981
644916 265.54151775130083
646516 246.02828360090908
648116 228.02894902004635
649716 231.254223873351
651316 219.85184243014703
651384 -104.44734712049055
652984 239.86071511130956
653069 -104.87409852634742
654669 233.69544651683455
654759 -117.20925344173921
656359 233.54167786187875
657959 237.61620015268284
659559 251.17236981263474
661159 241.72198837346397
662759 237.59709591255282
664359 205.19045347852307
665959 241.9853546013767
667559 264.57837832987127
669159 232.9002755438431
669344 -100.59146246370983
670944 252.85935733900797
672544 247.27793389709518
674144 228.15424309846998
675744 234.7975966135603
676312 -23.728129233788394
677912 243.71497480194256
678925 33.22317588443681
680525 229.07149041846364
682125 213.8972358279135
683725 239.02777268812068
685325 250.15547192411884
686925 245.01491128408435
686975 -103.53600650380427
687821 19.178323551145766
689421 263.1508823968596
689566 -102.00888556633642
690488 3.0585470587419366
690660 -109.49568670266991
692260 245.2050102564135
693860 227.25018690948824
694022 -86.20091923675437
695622 245.3727410878741
697222 239.4046160876691
698822 237.58669299647897
700422 243.8936968830476
702022 251.00388228927085
703622 255.94733890889339
704466 22.903599423595992
706066 243.89878931242433
707598 127.03460286359362
709198 263.3371051139035
709768 -23.53307053690662
711368 262.89504828658073
712968 250.11346487457132
713019 -104.87835853921871
714619 245.60045778590097
716219 264.7165631834774
716329 -114.99713305425023
717929 229.7339781903019
719529 247.37189116609883
721129 221.17000986981745
721268 -88.64006781179829
721342 -107.46266166161683
722942 261.07829637808476
724542 263.16477393004936
724766 -109.3443620009472
726366 252.9260443924919
727966 253.4869945577183
729566 243.20648158184383
731166 236.60146823981455
732766 237.37100644074303
734366 259.14553371420715
735966 253.60588395920584
737566 255.64767140543518
739166 254.49485433063654
740766 251.36485923231135
740841 -105.99854411157159
742441 238.65343754011025
744041 248.62405728021622
745641 258.91268516251796
747241 242.3369600064188
748841 261.51963438232406
750441 256.99228238437775
752041 263.977328160466
753641 260.5748702828899
755241 268.8552373498935
756841 269.1257813880665
758441 243.22062179424947
760041 258.6096574362755
760938 24.026051839884758
762538 247.91207848536192
762620 -103.02430600099514
764202 276.53851409644346
765802 252.0382424882447
765876 -106.87076840705797
767476 267.44805807237327
767550 -111.41974811025958
767795 -95.15993475138582
767892 -113.64979954680366
768723 16.042326502077245
770323 257.31166656103204
771923 257.2043447874194
773523 264.7057558014844
775123 257.5814066459936
775640 -35.71777425094061
777240 262.9287340869049
778840 271.2946267286308
778979 -112.27955056294302
780579 236.94997550334398
782179 245.97509050555792
782307 -99.33323366875139
783907 257.55714687461045
785507 269.02026899532683
787107 271.4116896238335
788707 264.024056053562
790307 250.9707171582525
791907 262.2282298421155
793507 274.11605983846994
795103 274.99994477202046
795943 32.36366822705483
796024 -111.52057994691344
797624 265.0869996411459
799224 242.82976214100202
800824 260.57134609215643
802424 255.39627115182992
804024 267.8204990881425
805624 254.57681673901575
807224 273.05435099272296
808824 252.86847341042355
809094 -116.24166471865742
809204 -101.43370408006261
810315 70.0544206557118
811915 253.72935264494814
813515 249.467072350346
815115 273.5145586488436
816704 276.89464107777627
818304 263.4306460381308
819904 267.35361314484015
821504 266.2943982873774
823104 264.59380731696564
824704 235.91456102357725
825789 57.8880096019752
827382 274.185478221839
828982 256.0543747901282
830582 231.75709858125063
832182 254.39431176170902
833781 273.2737644948623
834660 19.404185743400234
835929 105.40037594515061
837529 253.3063766248039
839129 236.34171098301226
840729 241.8970870898374
842328 273.7110856586035
843898 276.87152276369596
845498 262.99540528715806
847098 248.5759973289745
848698 240.26330011074364
850298 271.2008429770779
851898 256.98418609846163
853498 271.48007817905074
855098 265.58527339244966
856698 260.65936440521506
858298 260.95722794808523
859898 264.0832157380033
861455 122.43294535653578
863055 263.9857034685358
863676 -6.618981280354106
865276 260.44802320673193
866699 136.8437835225239
868299 269.0404257074522
869579 101.84862972551286
869811 -108.4186332871771
871411 267.68056258615496
873011 254.05544087255333
873140 -103.26929225286904
874740 254.72916432961455
876340 252.6888165023828
877940 248.95649424677202
879540 258.51270012175706
881140 262.6385994390782
882740 260.64338981257214
883443 4.290649139258775
885043 260.3140794268729
886286 89.16504877948384
887886 260.21422464360376
889295 107.92158389119643
890895 270.32286293264
891002 -104.02990045176074
892602 269.5082931826356
894202 251.92743665957232
895802 246.3635389589401
897402 256.33140311259615
899002 233.87582720614049
900588 141.19026393312564
902188 247.55508682322295
903788 241.36202001482192
905388 233.8138628731679
906988 269.49368720796673
908588 262.38741865712535
910188 253.36717634979797
911788 257.40738401970907
913388 267.3630547551544
914988 244.0149447576648
916470 109.74645339852003
918070 237.91683981744092
919670 244.91156352949744
921270 267.5414266461138
922870 259.6475479323637
924470 265.4252988679213
925221 -8.672258293569953
926804 272.8870224359713
928404 274.9732836508153
930004 233.76301770371973
931604 240.3918792994362
933204 247.59291799999787
934804 250.97478407757
936404 260.04336695705695
938004 250.89934645766078
939604 267.94113117566656
941204 264.28103946809455
942804 268.1829827766218
943193 -53.465902117404504
944793 269.2491214466384
946393 239.50026521070708
946592 -90.67603582597586
948192 253.66606218053238
949792 256.55969638016137
951392 253.64499648110262
952992 249.44598068550022
953618 -11.27303240847084
954433 10.188494090968803
956033 261.0830931819281
957606 276.73495956131285
959206 241.2679280268026
960806 269.2896664422522
962406 256.01363772404534
964006 252.55577678456422
965606 252.5710544630765
967206 242.98097513576164
968806 265.2475838669153
969198 -60.76170891402164
970455 99.00937489610365
972055 274.8344557910069
972837 27.850833295574517
974437 268.13568017705734
976037 234.64417277164387
977637 255.86182663870636
979237 270.98180898000305
980837 270.92665096810407
981016 -84.0688515396826
982577 274.909651142846
984171 275.6693651105093
985771 267.9343941274605
987327 278.8027502235349
988927 264.72799448554156
990527 271.4177812401945
991193 5.482438509850454
992793 238.21260395178356
993318 -27.49794026679426
994888 278.6172383512175
996473 276.7026177427528
997237 24.73739008020428
997395 -87.5052120492328
998776 134.53323570194772
999129 -54.29427650902236
1000729 260.19884291039114
1000811 -112.20427829613288
1002411 262.35100965846743
1004011 256.2328439419444
1004090 -115.62079256046998
1005622 278.45059748899945
1007222 274.815029315361
1008822 253.40862755502434
1010422 255.47964693344437
1012022 270.11097581930125
1012093 -112.18946492186065
1013693 266.4168441716367
1014819 71.72308199216388
1014979 -92.51181840675635
1016579 242.77144244899176
1018179 258.2398514396978
1018823 -2.716293055532134
1020185 124.33822130966973
1021779 278.3592603531855
1023379 264.8093084182307
1024941 278.0587164436001
1026541 242.09944424877227
1028120 278.1734798562161
1029720 270.3568566449772
1031320 261.65357728849375
1032920 267.1978976825095
1034520 267.3342757943652
1036102 281.0507978714174
1036269 -93.30649497639264
1037847 280.9222598045148
1039447 241.8175725307292
1041047 273.47429922527664
1041828 36.709624086065276
1043373 280.3354212738287
1043890 -20.113850806724173
1045489 280.1425765130613
1047089 268.1832660353087
1048670 282.0171657898272
1050270 246.10085193616263
1051870 259.82134679300685
1053470 251.64092912506877
1054118 -24.032991372204066
1055718 265.4317544415242
1056429 -12.961497800028013
1058029 273.86421407990093
1059629 263.9227328900999
1061229 272.6919333596405
1061739 -19.66825490489599
1061932 -102.89509577526339
1063476 282.3079501030664
1065076 238.39758989357242
1066676 238.82956566915905
1066829 -91.86507386294939
1068429 263.8491750248427
1070029 276.1185220186017
1071174 81.53756817639794
1072774 253.47077869026234
1073373 -19.117080808068977
1074973 256.18520329762697
1075953 48.4194048778389
1076140 -85.4941675767942
1077740 265.7021804342997
1079340 249.25552878745054
1080940 255.1536015666292
1082540 252.0390385382451
1084140 274.17188458857896
1085740 246.28929164477265
1087340 277.97658527207653
1088940 269.6048850837285
1090540 242.43165022702544
1092140 261.9198559861516
1093740 250.1406067089936
1095340 246.53349582468655
1096940 269.4023114682569
1098540 222.57513679043495
1100140 255.88684686803373
1101740 257.88752020468354
1103340 239.81077455712287
1104410 39.491667347065885
1106010 215.27240260331124
1107610 270.58920818002247
1109210 226.62460993991814
1110810 235.72072016836248
1112406 279.6498677551607
1113358 50.23337484383731
1114958 271.5499986484496
1115028 -99.25891410160934
1116628 267.2353432585294
1118228 242.38565037030355
1119828 274.8975981843775
1121428 275.86404696796933
1123028 239.02537038549605
1124628 250.2480080541081
1124897 -85.5373810283877
1126497 255.0672809004814
1128097 252.9998434341899
1129697 278.76630633792394
1131297 279.25312572821514
1132897 268.34177721905826
1134473 280.12809570396763
1136073 246.42094552451465
1137673 248.22969309044004
1139273 248.50552162530036
1140854 278.28689016012584
1142454 249.5952458525749
1144054 252.79963327405213
1145654 258.59787480452945
1147254 277.8303599227468
1148854 268.89285844296387
1150025 84.82670657061726
1150096 -106.42380525286495
1151662 280.52531594333374
1153205 284.02601252096304
1154805 246.00016578894704
1156405 275.9221367855696
1158005 251.550345576109
1159605 275.8557217660036
1161205 261.0935292997637
1162797 280.6692220257161
1164397 272.1347162750633
1165997 278.0202761599017
1167597 276.10487128674555
1169197 267.8229411535339
1169358 -89.13583346211662
1170958 260.7330338363915
1172526 282.0356575974211
1174126 269.85211478402806
1175726 273.99288949590647
1177326 269.0473367414389
1178926 275.2635286553662
1179077 -94.75972453421976
1180677 276.81112287557403
1182277 249.87761823281983
1183877 263.42391675810325
1185477 252.7401334074102
1187077 272.4972512409636
1188677 258.2266664245594
1190277 277.62556042411234
1191877 275.9298665311167
1193477 245.79321378153136
1195077 257.33165249010983
1196677 269.1153918499503
1198277 255.33390833219255
1199831 283.5772938088611
1201431 278.6531753672029
1203031 279.63062293635915
1204631 256.5579860342216
1205006 -59.44171384635935
1206549 286.57575952282167
1208149 269.6073847175991
1209749 258.2786455820489
1211334 283.55755985051076
1212934 275.12856607711643
1214534 276.99141591952224
1216115 281.1420000046969
1217715 277.778708322547
1219315 274.8108232223211
1220915 275.0502018915267
1222515 270.13857616479186
1224078 282.691531623201
1225678 274.0927472887304
1227278 249.87698127304125
1228824 284.5738788581977
1230392 282.06588142986493
1231992 267.0410968637763
1233592 264.76811909396685
1235192 270.32932868164113
1236740 104.34589328044936
1238337 281.83880728237386
1239923 282.31376739992794
1241496 283.9960931776284
1243096 268.3430617364499
1244678 283.85196929087806
1246234 107.406991261841
1246602 -64.56846719869725
1248202 248.06416730735012
1249802 257.7552190904846
1251402 254.51204925185237
1253002 273.1337525827468
1254599 281.9955126913228
1256199 259.96772116701857
1257799 269.8022822098469
1259388 283.85020745245794
1260988 267.333986963029
1261156 -89.3958678160999
1262756 279.7627117987325
1264356 276.9521965639011
1265886 287.67986902491515
1266462 -14.669461058666599
1268029 285.0683078371155
1269629 282.2408496146382
1271209 284.9323100238855
1272809 272.11783096175805
1274409 282.8745849204633
1276005 283.9543564261885
1277501 289.4740695887042
1279101 279.7237319392038
1280701 279.6186790780612
1280764 -105.65368023852507
1282364 254.11230323171023
1283964 275.10031400898544
1285564 257.78141595689925
1287164 283.1121781518263
1288764 276.9643793989075
1290364 274.62465234812237
1291964 269.81216529755505
1293564 260.88704577028267
1295164 271.00572754070765
1296764 268.69979484758204
1298364 275.0398612380566
1299818 121.44177948784065
1301402 285.29574504228674
1302958 285.134503209071
1304558 269.28299507940824
1306158 278.2549634742546
1307685 289.31923990378533
1309285 277.43263801844046
1310885 266.68901818585016
1311975 75.17053601057358
1313545 284.9979495847004
1315145 254.16075859770817
1316104 43.87394675115155
1316232 -114.39361237886425
1317832 281.6929282049056
1319432 280.4676324501369
1320125 -17.607867919962942
1321725 260.6274189939619
1323325 269.1953511944188
1324925 267.42180271629377
1325626 12.155516226270208
1327209 283.08316736507356
1328809 249.57310814051974
1330332 286.5199397181401
1331241 51.05338726213108
1332800 285.7784136464193
1334400 285.2864350029904
1335993 283.1088190444859
1336358 -49.32448617291264
1337958 281.62810874242194
1339550 285.3730092331003
1341079 286.2002630238094
1342679 280.51254514973806
1344279 271.8749184993233
1344879 -21.664130065025134
1346403 288.15528600894345
1348003 285.7181575561403
1349603 265.23914110655124
1349737 -86.34104125426555
1351337 263.19593016799666
1352913 286.6829457463302
1354463 286.2458722394497
1355309 26.958095540336984
1356909 280.62546533091086
1358509 283.5563830474218
1360100 281.0403623602847
1361700 276.6529020163792
1363300 260.77288815946395
1363428 -89.32954021069003
1364980 286.63482747918783
1366580 282.29787378898857
1368150 288.681858122891
1369750 271.06348653171005
1371350 274.6744227563251
1371427 -103.39558788660075
1373027 282.71543581840785
1374576 288.92610474232777
1374653 -101.44666920716999
1376204 285.47863033178226
1377804 278.68041681808876
1379346 288.53710914191856
1380937 284.6618236521513
1381755 29.388616349482987
1383354 283.5237694099445
1384954 282.40014903058267
1386522 286.93483105896314
1388122 284.335891906284
1389722 279.2558329241394
1391299 285.7096164957515
1392899 279.6953736614702
1394499 280.61538600662175
1396029 285.5187474339263
1397586 283.818037353661
1399186 280.9154340378831
1400786 272.48613233481905
1402386 274.5853085024433
1403986 275.3876634384889
1405586 283.744744810271
1407166 282.83940525459275
1408766 282.3736347235883
1410316 286.01533634850495
1411881 284.91091806803155
1413481 250.4327492201682
1415081 274.6221555147501
1416677 285.23040226618747
1418277 284.12483868718226
1419877 278.18350975800973
1421476 283.7252477088398
1423053 285.68159086546314
1423739 14.781903899179511
1423866 -101.1916675179787
1425458 283.2342049727937
1426983 289.2602425031615
1428583 278.2784896225226
1430097 286.0969572686812
1431697 283.7428782936225
1432525 16.735273674086912
1434125 280.0917139815601
1435708 283.1944407482268
1437259 283.5429544855909
1438859 258.584224810905
1440459 275.31377497857653
1441832 128.0278707880037
1443429 282.45240193134146
1445029 277.3192183175726
1446583 285.98899988587993
1448183 272.1636427082584
1449759 285.9655198935274
1449845 -114.57920505472025
1451398 282.0602698445781
1452986 283.65105324743996
1454518 287.7353469317556
1456112 282.42562729302375
1457664 286.16913573163674
1459264 270.7101085522461
1460864 282.8097016868844
1462464 280.90975860937806
1464023 286.3256994950575
1465589 286.16711537372896
1467147 284.1783864116507
1468747 270.91717615323853
1470347 275.21696518380384
1471947 262.43227052153264
1473547 262.2876008896121
1474030 -37.8425555291406
1475603 283.94496673693317
1477175 282.8893732063867
1478753 283.4847728997001
1479732 40.94460811454877
1480252 -20.19349197428548
1481852 278.6762172478364
1481946 -107.97991686044634
1483539 284.48159223349205
1485139 270.11451957905166
1486728 281.670605833806
1488300 285.3052626418338
1488429 -91.3038100990324
1490029 269.7564869996449
1491629 251.45707878927496
1493229 284.5167162641799
1493458 -97.30716779139266
1495058 264.40429270397294
1496658 264.40891384723454
1498258 277.43326927462437
1499858 281.3347601100543
1501432 285.94642525973546
1503032 261.17330596913314
1504632 254.08017744787423
1506232 270.54901912960673
1506889 -7.259449829735942
1508489 278.2369587971672
1510089 282.5519796039744
1511689 264.7349639912196
1512668 57.0841662656957
1514268 280.1935490094311
1515868 281.6592901585285
1517468 266.1853578394819
1519068 266.78466089657184
1520632 286.4333339467523
1520746 -104.84863063648157
1521164 -42.974376355752355
1522764 284.2786723316869
1524364 269.80380423201973
1525964 265.158442636041
1527564 271.4477921540029
1529164 267.6591175877574
1530764 284.18361143251
1532347 281.02921790113294
1533947 261.9230899931164
1534119 -88.16901896065303
1535719 249.89374630953762
1537319 275.73340959900077
1538919 281.05548956655923
1540519 272.4402819982865
1542119 263.1533966067888
1543719 275.11558003447215
1545300 283.21608615903006
1546885 284.2574522971755
1548485 280.0563406349965
1550085 280.1509018190985
1550209 -89.90218302503787
1551809 244.77546934132582
1553392 284.11688186963306
1554992 259.6002397224537
1556592 282.6429512946503
1557887 105.31935742354503
1559000 84.37277780799326
1560385 132.45554199266812
1561985 271.5387173163275
1563019 63.80360798945472
1564601 281.61393490876804
1565071 -57.764472045898906
1566262 92.09690950041661
1567822 284.6702728337693
1568655 33.268612906135274
1570255 272.669128264369
1571794 287.23397286529513
1573394 279.4975196224085
1574809 113.21824527443545
1576387 283.4558917656592
1577948 283.72371738142846
1579548 273.15205934361194
1581112 283.0677663274801
1582712 272.00569703515765
1584312 241.03682383284078
1585912 279.88543389160407
1586301 -49.85771054082116
1587901 280.83686956187285
1589501 274.66450900996983
1591101 271.39351220482604
1592701 276.9810965406246
1593128 -53.231951109124786
1594719 178.11483007838723
1596319 248.34364659678175
1597919 271.86577984329233
1598497 -10.339217308370621
1599300 23.62634025036786
1600899 284.49884940481513
1602499 265.9791819928427
1603953 161.6100701702565
1605377 132.42472366083572
1606977 261.27004231645026
1608577 280.4581601031938
1610119 285.433905545923
1611719 269.42716692767885
1613319 267.72591402089694
1614919 281.97117082325326
1616519 262.9995333742152
1618119 264.49190603678875
1618224 -99.79153367985103
1619782 153.57104143561503
1621382 273.95311045854385
1622071 -16.40130732259462
1623671 282.240772865062
1624400 15.164828518946464
1625962 286.11230833294957
1627562 266.1820447670678
1629162 280.93842781883785
1630762 283.29723525416597
1632362 249.95540410399104
1633962 279.60593843112554
1635547 284.6816872972289
1636917 137.5263655826237
1637030 -90.11540205459809
1638625 286.2356462490751
1640225 265.9314990573052
1641825 281.8158153136664
1643425 278.3535885803988
1645025 263.52490635835676
1646625 269.992144406423
1648225 277.3894469452778
1649825 277.5060570462403
1650347 -10.699824156577193
1651947 279.47472035817503
1653547 270.6438972073992
1655147 275.7139363197471
1656747 277.18723765605284
1658320 286.4503652854735
1658448 -100.0845539309519
1660048 275.27777969304503
1661630 286.33854944511205
1663230 277.37610328147775
1664830 280.5376192858666
1666430 249.86432410670497
1668030 275.33582362089635
1669630 263.4939838878452
1671230 280.30946086547016
1672830 279.50041451287365
1674363 286.6810100752791
1675728 90.4959253997103
1677328 268.8722428385317
1678928 278.8681767205385
1680528 271.5520133222838
1682128 263.1412115270982
1683728 246.58047612513738
1685328 283.90837730569064
1686026 17.309947711198063
1687564 285.70314981164995
1689144 284.24623988054026
1690734 283.636610091697
1692334 263.6459717826677
1692914 -12.220897697175047
1694456 285.82860704098266
1696039 282.7486724541667
1697639 270.27831017345557
1699239 282.61876685362745
1700839 274.9100466785718
1702439 267.7757700241361
1704039 279.87204168499574
1705639 283.9355795906029
1706658 6.6744531620835374
1707633 44.657120013190536
1709192 286.85454334750597
1710570 121.37737781216464
1712170 267.17974308308334
1713770 283.7388238771086
1715370 262.0509456871846
1716476 61.84724453678794
1718076 277.76009685071296
1718918 40.00433498928945
1720518 276.65734463448064
1722118 262.81373143670163
1723718 274.6289845862725
1725318 248.27043293153838
1725445 -97.22951556465092
1725789 -43.408773004847575
1727389 276.9124669057091
1728980 284.6272843304159
1730505 287.20517325831884
1732105 235.84721880862057
1733705 277.2024285430694
1735305 268.8475822031709
1736903 283.98146421457164
1738031 62.546885789728435
1739631 254.92938115602976
1741213 283.58434233863477
1741398 -90.12854422695439
1742998 266.34096130884706
1744315 99.02900357033468
1745907 281.8077254361679
1747507 277.5952453455755
1749107 211.42502052138067
1750707 280.1648144633018
1752252 287.08941769311434
1753852 278.7994847299899
1755452 267.81573191832615
1756865 129.2015361746963
1758396 288.31350802764825
1759996 272.06204040031776
1761596 275.7006961844874
1763196 271.01991561906146
1764796 255.94518213858194
1766396 282.9431761640902
1767996 251.45224766059053
1769596 278.01439867018297
1771196 284.81406365749075
1772796 282.58425844485
1773152 -57.24878066525176
1773271 -112.88229210661468
1774871 278.29290862362564
1776471 283.4481051233682
1778071 280.40069758280447
1779655 285.6029863158342
1781218 284.52717772840833
1782397 108.74694889211128
1783979 282.608932280355
1785555 282.72630117142984
1787144 281.5411706096158
1788744 280.93650742842595
1790239 288.96417427410046
1791829 166.62178699970605
1793429 280.82341340490143
1795029 281.31601430113307
1796629 272.448063082018
1798147 286.0872956462232
1799747 269.40815041953385
1801347 267.710525274901
1802942 282.3919438910271
1804505 285.70571848380126
1806105 279.6479322861629
1807697 284.27539225219266
1809222 288.8008442173039
1810822 280.3725936926465
1812422 257.9451589349798
1813994 284.7313304185101
1815594 276.67955590421855
1817194 270.7957032792006
1818794 278.6799530472679
1820394 263.7334773574335
1821955 285.4962485537597
1823555 279.64471037766714
1825155 280.8089406037792
1826734 285.24616970553427
1828334 275.77009038171315
1829919 283.328910583209
1831508 286.355203912853
1832376 -1.7986654707671903
1833976 270.8343080694779
1834475 -57.62477998590036
1836075 274.21772110992333
1837670 284.46878694002356
1839270 277.5196798847099
1840870 274.54095598115873
1842463 284.78753473269614
1843101 1.4889577578013018
1844701 275.4405214366028
1846301 267.4701251552268
1847901 281.7542793500373
1849501 270.2250109111887
1851101 281.26092777297157
1852701 277.7016755654031
1854229 289.11390502502474
1855829 281.2265627509345
1857409 285.5521009874708
1859009 272.03604100043304
1860609 272.5624383180867
1862209 274.8163333849609
1863781 283.4007743174411
1865381 277.67428539663126
1866981 266.81876686361704
1867243 -61.783812246189775
1868843 268.73868869552336
1870443 283.0486928879265
1872043 249.97190298929368
1873563 286.580777376212
1875106 286.8526639816751
1876107 25.0180416762707
1877707 277.0189932437653
1879307 253.0480375543509
1880907 278.42949567999597
1882507 238.40582081447246
1884107 276.8546634963966
1885707 258.69371459308485
1886714 75.37976150919306
1888203 137.240026244316
1889803 281.7367437479688
1891403 258.88568790929014
1892944 287.0762891335038
1894544 255.00046128153645
1894994 -20.30822329953196
1896594 279.8814950647044
1898188 283.57170604453034
1899748 286.5220809134475
1901348 263.0307343151222
1901855 -15.414012724788805
1903436 286.42140402017844
1904975 286.2611369400975
1906516 285.6515032504906
1908116 256.5882196825333
1909670 286.52916032805007
1910086 -43.18901348696402
1911686 279.0265895499514
1913286 276.7762441442862
1914867 285.49289770894757
1915302 -38.39707918884857
1915866 -25.691653108753314
1917437 284.7901485963746
1918976 287.3211888368445
1919608 2.205078691062255
1920623 64.49171271740633
1920946 -60.80437459798155
1922546 276.89398412986293
1924146 270.8738866812189
1925746 274.72231899564173
1927306 287.7139524447858
1928901 282.9509279286707
1930501 267.4756246598755
1932101 276.16181076528324
1933701 277.08310407944776
1933833 -90.8104271033785
1935433 262.83599971244706
1936991 286.5816461461236
1938591 272.88145979589973
1940191 262.4875887704594
1941759 286.5322310649751
1943330 283.70377021050746
1944857 288.64906871151913
1946417 286.2141138108116
1948017 268.4447947391597
1949617 284.85271350181915
1951074 141.10169216767045
1952674 273.45526191945703
1954274 257.59355513058773
1955874 285.00512755720564
1957474 280.48023907591056
1959028 287.6863369003577
1960628 283.70514443643555
1962228 273.21901617225694
1963803 286.18166090432817
1964750 46.844255663355995
1966271 287.58810690465873
1967811 287.104825704075
1969349 289.6107582399566
1970949 282.38306657161417
1972539 163.23062016182507
1974139 281.05934922175936
1975739 285.1355304038796
1977339 259.0514606517054
1978939 276.60218144054534
1980539 271.2742525008013
1982118 284.70702987299575
1983678 285.2629935192988
1983822 -81.72170478470872
1985379 285.4639034470101
1986880 149.1810412445894
1988480 283.8820655254552
1990059 285.0054740083107
1991578 173.6615553692672
1993178 275.8920209477504
1994753 284.81195118001983
1996344 284.43660029445687
1997944 268.462280842641
1999544 265.02235807491434
2001059 158.36001329361505
2002659 253.79164754302198
2004259 281.3908042578894
2004902 -7.950832950605033
2006502 247.002859630168
2008102 265.81768888506934
2009702 282.04893848168877
2011302 253.9405505092029
2012902 251.89765623455952
2014502 277.9681556704161
2014879 -50.1809725606746
2016479 272.6647116262492
2017332 11.83748916797434
2018932 257.5954965582658
2020532 230.07797128350077
2022132 260.3428797471131
2023732 281.5348008696876
2025272 284.92847496889226
2025507 -81.79855651401326
2027107 264.9290820700631
2028707 279.98109029250685
2030307 273.8370104574972
2031907 262.98316997919187
2033507 272.1966021094182
2035107 258.85329699479854
2036707 266.43966921630687
2038307 282.09884443014784
2039868 286.9721058921014
2041468 266.2558293079781
2042110 -13.991934100062991
2042883 28.238101157440468
2044465 283.22228894019986
2046044 282.68227136634516
2047644 281.42659496270534
2048614 36.73556425774217
2050214 265.09524832186975
2051814 281.30615751567115
2053379 286.26479223828227
2054939 283.3920163321546
2056539 269.38312966008556
2058139 280.3423466547475
2059739 268.7010339232411
2061339 279.10194486849247
2062939 275.7986100865852
2064539 273.1311508148079
2066139 283.3001203212398
2067693 142.01586599164224
2069293 268.77016449575166
2070745 104.94791142082116
2072345 259.6508627077942
2073922 283.1618776705243
2075442 288.43862172318757
2077028 284.06570800506154
2078615 284.73976669163034
2080215 272.70226247652846
2081815 277.5861457497929
2083415 269.8994487441229
2085009 281.5987670852558
2085745 -3.9994337149123567
2087306 285.43131998469926
2088197 19.054800225390423
2089797 280.7774497366758
2091397 268.5468634855261
2092997 275.41261726117176
2094597 279.8826254028936
2096197 273.1862307879388
2097797 268.26257185374317
2099397 274.57045241676434
2100944 288.4654002816585
2102544 279.4610651624371
2104135 283.6906493932407
2105735 282.09860666874977
2107335 262.21863308575115
2108935 282.0612726425851
2110535 249.79630714703194
2112135 259.69641058819946
2113657 145.57983343227284
2115257 268.6045036353801
2116857 281.96649622208724
2118457 270.8559786230041
2120057 277.4944084237479
2120841 -5.564257146505085
2122441 277.8663396675896
2124010 285.9985416193128
2125610 283.4600137906512
2126810 108.79594241145631
2128399 282.7072702560458
2129734 109.58494497660652
2130241 -55.16950349937692
2131841 270.96581866992136
2133441 262.6594808456522
2135041 260.1050252513635
2136631 284.18339044570047
2138231 281.1776294273975
2139831 269.4963990931513
2141431 279.3509722376612
2143031 279.1037964646292
2144621 286.25479805553056
2146188 286.76431502340586
2147737 285.49503540226476
2149337 282.2452681445267
2150937 276.4728399902507
2152537 271.55937097492233
2154118 286.47135368715817
2155718 264.3652443783405
2157318 270.08695619802995
2157997 -11.723561356527114
2159576 285.3571740565554
2161176 272.0262186199333
2162302 97.04740983158081
2162508 -73.23962842055472
2164077 283.81194313393473
2165640 147.6182897915499
2167240 234.58513088977105
2168790 284.84317151475693
2170378 283.0343896667422
2171978 281.1342347281962
2173578 277.8223902537208
2175123 285.5080531778264
2176723 281.2552386230415
2178323 277.6098351386619
2179851 286.01987988102474
2180048 -81.24495034472707
2181611 286.59657183242257
2183211 264.3564401819084
2184811 274.8062393484924
2186411 255.6995306924008
2188011 254.1299019635101
2189611 259.5386554891536
2191211 284.6446423331441
2191690 -31.267218253328096
2193290 260.9013551511861
2194865 285.2030244137263
2196458 284.37460993316074
2197991 287.907884331027
2199591 273.7342277816137
2201191 272.2897888366582
2202791 260.09079348681115
2204387 282.23734526253804
2205962 285.43105224318026
2206046 -97.00003860679703
2207646 277.50853630906226
2209230 282.7109325887627
2210830 283.72545229591555
2212430 282.5604622808163
2213986 285.8426559116932
2214597 -48.3375186522694
2216197 276.9445048506823
2217790 284.44969930585967
2219390 272.6675521913702
2220979 285.33104413286054
2222579 254.28239145819492
2224179 258.8602232229306
2225779 280.3098924041448
2226720 31.571469670899603
2228320 279.57179746943336
2229606 105.28186880986786
2231206 284.35604951436835
2231597 -55.72110051406639
2233197 274.3565322373166
2233432 -98.43448127994967
2235018 285.0984301050988
2236618 272.44337743177476
2238200 285.5394367301895
2239793 284.8760452410682
2241393 274.5945499183979
2242991 281.25522829327707
2244591 281.01129480388863
2246191 271.68472920474153
2247778 285.44340865082495
2248025 -79.63051547165402
2249625 283.9760655615835
2251225 283.4186885189176
2252825 260.43255874592006
2254425 281.45587085665284
2255976 287.6704499255187
2257576 268.36609668311246
2259176 285.09079957709633
2260698 288.14102557853676
2262298 272.71208510166286
2263898 277.11531263013
2265480 283.8265706065218
2267080 268.4755589604377
2268679 283.92661231762406
2268783 -97.63686282883212
2270383 271.21879310770555
2271983 273.1918388432913
2273583 276.9606717208506
2275183 274.84521005883795
2276783 271.53740563267553
2278383 275.48052867035824
2279399 59.717980690979914
2280999 277.23441904913756
2282599 274.11958753934937
2284126 289.3748295834357
2284236 -105.8981659024662
2285836 277.96049035176407
2287436 274.23453743778805
2288852 144.85727790293478
2290452 273.1642918944065
2292052 269.6372735489471
2293652 271.2252812550387
2295252 279.2246502723617
2296796 286.7445414036017
2298396 275.3696560720668
2299954 284.23290298951815
2301549 281.78403753442404
2303142 286.53306626261497
2304742 282.2428607292223
2306285 287.8664715935679
2307861 285.080767037936
2309302 108.67003609300303
2310340 81.41740229782036
2311716 128.37088688165235
2313316 272.0052250257021
2314916 265.28950141857274
2315054 -94.54802726729835
2316654 270.2026739615169
2318204 286.3162440942507
2319804 265.94614496545154
2321344 288.0016576482184
2322935 284.11461080553926
2324308 109.61372508561323
2325908 274.84934154602723
2327508 283.68414408248947
2329108 275.43949094765685
2330708 260.5146251599356
2332298 283.537777529983
2333898 282.0229211309225
2335498 258.62370047917113
2337098 277.15127081921105
2338672 286.1926242238821
2340240 286.65918284847805
2341840 280.32340560720456
2343440 271.9489977564992
2345033 285.40679493838695
2346622 284.45032058055097
2348222 270.088075262471
2349822 262.4445571721003
2351422 284.2539262617952
2353022 273.58415075877997
2354601 285.146112565755
2356201 272.1019546486271
2357801 279.5192316023914
2359365 285.78691269677233
2360965 269.18816261713874
2362565 266.49756428380897
2364165 264.2560668039307
2365738 286.2776817730252
2367338 260.374304684273
2368938 281.0558097661748
2370489 287.4671077469063
2372040 286.9640108021446
2373640 279.10424763815627
2375240 271.18251797665556
2376840 266.5152347618994
2378440 263.86911180791805
2380040 275.0179768795952
2381640 268.21775218478354
2383210 287.5301848680534
2384810 279.45738997440765
2386398 283.0407567530386
2387998 278.68886187584656
2389585 283.6674796979829
2391185 267.94491361663785
2392768 283.9105083685067
2394368 259.04700381622473
2395968 282.277863754785
2397568 283.40760680971863
2399127 287.15645506938745
2400727 272.1203817818873
2402307 285.2358268623387
2403890 286.2329217333679
2405490 261.3174629475494
2407064 282.87851458155467
2408664 275.5013696453192
2409501 21.495642634449112
2411072 285.5921889024137
2412672 282.99702766214256
2414272 269.17199497029276
2415684 134.96127493652676
2417284 280.5454510499227
2418884 267.9083638382005
2420469 284.9060985234219
2422069 268.810954903681
2423669 276.2974289214796
2425269 284.16471643476166
2426869 268.1221170702038
2428462 283.60123459235353
2430052 282.8834226739178
2431652 258.48158336212407
2433252 280.93370583448996
2434852 271.44889438994255
2436452 280.961266037464
2438052 278.1382921368159
2439652 272.0161970222359
2441252 280.17586101111243
2442823 286.0825669916586
2444423 263.0648060973002
2446023 271.42361682063233
2447623 268.40572591183917
2449223 273.9559709454148
2450823 273.7833528102332
2450933 -93.20691788063135
2452533 280.9377571551834
2454122 285.28770813812554
2455722 272.4105483120561
2457231 288.0059263309349
2458776 286.01455390132446
2460376 271.7889801193055
2461976 266.4910918762696
2463576 278.05646699069746
2465176 276.22180634032605
2466746 284.3256917359503
2468346 271.511513531448
2469946 277.04699199984395
2470043 -94.67851645597318
2471643 281.05083563738197
2473243 272.68366353158467
2474843 275.81977598027714
2476418 284.58768150053277
2478018 261.8564996964748
2479532 288.32602350016106
2481132 281.98255785159523
2482732 270.58266529842
2484332 275.25640682702124
2485932 275.02811819997737
2486860 6.591505277735436
2488424 287.51063183515373
2490018 285.71023609392375
2491617 283.5442041150818
2491747 -100.11315221836418
2493311 284.90468451054494
2494911 265.28836930862207
2496490 285.7426618118712
2498054 284.9198675493239
2499654 268.50304675631673
2501245 283.1478760676637
2502824 286.10816272355135
2502953 -101.64902707296548
2504553 264.0795434813904
2506145 283.45830311866507
2507745 277.09288412865845
2509345 267.28044296106157
2510918 284.11328265552135
2512515 285.1419910991573
2514115 274.6239966074719
2515703 282.48454589377826
2517303 276.5093850573573
2518903 259.9571483624231
2520503 272.6233889975187
2522103 277.0708431296471
2523703 281.42004110241464
2525303 266.2821616674884
2526903 261.57790753337275
2528503 269.49241122525893
2530103 283.50502688819716
2531703 282.7979307178432
2533268 286.9631404541123
2534868 267.70359170065285
2536437 285.2219818847542
2538037 282.88428459398693
2538160 -90.24784048174135
2539760 240.19946656502776
2541360 273.45809503904434
2542960 264.62858400792277
2544553 283.7557915410911
2546153 280.9392227646229
2547279 65.61887275151906
2548879 283.1064568130508
2550479 264.96101404094424
2552079 279.80944495587374
2553673 283.46535175752007
2555224 286.2634416100314
2556824 266.45229230812043
2557647 25.103849632241207
2558647 53.42224206980637
2560247 250.7685997713539
2561847 282.4226571068854
2563447 244.94541678785777
2565038 283.37208075265596
2566638 282.67893118709935
2568238 255.98917067078736
2569838 271.46475087788923
2571438 272.57976144507893
2573038 273.18887151648875
2574607 170.68363945589522
2576207 278.885644963994
2577807 269.32962298757934
2579407 268.4012433484047
2581007 279.2558881610919
2582607 277.0909540582414
2584154 285.6836837111514
2585754 269.1204399478023
2587345 284.9087465240375
2588932 283.4209064614725
2589638 -12.491072346785927
2591154 129.44393647736817
2592754 276.3433867362174
2594353 282.0235757247311
2595953 264.05064654297166
2597527 282.9147999955894
2599125 282.0514744964408
2600714 284.756605166758
2602314 273.6643044704012
2603914 278.23667148022685
2605514 265.0784720514029
2607043 286.7296865630688
2608575 285.97469179725937
2610175 273.5785931625655
2611700 286.9437184932487
2613268 285.15957406966095
2614868 278.8479670610505
2616468 275.1803668472428
2618010 286.6927458309668
2619610 255.74353271503077
2621190 283.885776342617
2622764 284.78574688065237
2623873 69.64063004929093
2625445 286.332954641101
2627045 275.3368812828822
2628477 135.63785482445869
2630077 280.8178791103666
2631677 282.49707627737973
2633277 283.19762949418896
2634872 282.8615787162347
2636472 275.9735421711651
2638072 276.119547926479
2639672 277.45639013292134
2641225 286.4859606252538
2642825 252.70275378182265
2644425 251.7733820434225
2646025 274.0780255377757
2647625 274.7446991668561
2647723 -93.84143416802274
2649323 279.8432280737093
2650909 285.6086364993338
2652509 263.9651480908906
2654074 285.6428167215573
2655674 275.7970509928676
2657274 268.5644280276038
2658874 279.3143897130956
2660474 262.6118792477751
2662074 269.6879100964215
2663674 276.88350184217603
2665274 282.7018423887326
2666871 284.9605440507999
2668471 282.2182778750582
2670071 275.29276624548527
2671671 269.1782553121436
2673271 270.3962782418484
2674537 94.12114820884906
2676137 274.77277520633913
2677737 282.86047519910994
2679337 277.9621111029671
2680937 271.09989160981627
2681838 55.69095816232951
2683438 280.8535830796191
2684961 289.7433338762816
2686561 254.8378914396623
2688161 265.55502114488235
2689761 253.7737349323614
2691361 266.1593088113342
2692961 278.2563185765661
2694466 288.63836756550944
2696066 264.5672234193538
2697655 284.62667610526285
2699255 262.27817096030776
2700855 264.6640978632044
2702414 287.1067322215972
2703995 286.2468074494058
2705585 283.3546240274152
2707185 265.3745357467341
2708753 286.2189853260996
2710289 286.21717845027274
2711889 274.32349609605194
2713489 282.33222055238394
2715089 278.30527814999766
2716689 275.4627314637423
2716859 -87.23693379623754
2718459 271.85492948842597
2720059 284.22381674274897
2721555 289.92527887304504
2723155 274.9546708308369
2724738 285.69107239097065
2726338 280.81945343310656
2727911 286.46054821553764
2729511 284.5956618901967
2731111 253.41956630623554
2732711 279.8605614550917
2732889 -109.01176733800273
2734489 283.9953695663759
2736089 284.4329417272559
2737641 288.6779201064488
2739189 288.8937136549134
2740786 283.92802531507715
2742386 284.26297808102476
2743975 286.7444696953666
2745575 271.34031585584466
2747163 285.261030883501
2748763 278.3850951000747
2750301 290.46645090400534
2751892 285.0638645616176
2753452 287.9664324498726
2755018 287.98904203272326
2755110 -96.24570228013489
2756710 281.46061496412267
2758310 276.7048777644667
2759910 251.20497689706818
2761476 287.42681004670493
2763061 287.08913401367806
2764625 286.556639513632
2766195 285.490380877396
2767795 282.96818897355314
2769388 283.7206709285361
2770933 288.4340946525459
2772533 266.27968744135615
2774133 270.4624037833048
2775733 279.50812056666945
2777319 285.3960501258965
2778919 275.2364230928033
2780489 286.23587329006415
2782037 287.07705049048485
2783637 262.2796250263437
2785237 265.40778596340465
2786762 287.1428321980029
2788362 284.03387430100236
2789962 265.42756060720524
2791562 271.28196040693837
2793162 267.25080767079004
2794761 285.29797266122966
2796361 270.9612106428752
2797902 289.2844815734219
2799502 266.8313477116375
2801102 272.5258739575635
2802669 286.48781277122094
2804269 279.30193107825625
2805869 265.5045644107075
2807469 275.4271950641724
2809069 269.0729107764303
2810669 261.8187841559864
2812269 269.4308339136332
2813869 265.3166822791623
2815425 289.3990013941051
2817025 267.62245331373583
2818625 284.93073280884886
2820187 286.56360850750036
2821787 282.46391781210684
2823359 285.3518210035037
2824901 287.2694187869902
2826501 272.96314703563974
2828101 278.42008400657073
2829700 286.56297946088097
2831300 282.64433771056775
2832899 285.512659192038
2834444 290.3996296033914
2836013 287.84169572558415
2837613 279.4834057705615
2839213 273.65221272696743
2839370 -92.06404125921863
2840970 270.6089336374861
2842570 259.7108090589391
2844170 273.1770427927865
2845770 254.40830004514902
2847370 278.17534614586305
2848941 287.0176889360485
2850541 247.1157702331448
2850914 -51.506481456495486
2852468 287.3820533991068
2854068 273.58546342209047
2855666 283.4470062668364
2857266 264.07148343500074
2858866 269.441672225944
2860466 273.0612842253633
2861143 12.655701634661384
2862743 267.63893809698584
2864343 283.2641977169353
2865898 288.5411217972294
2867471 284.67219879745807
2869058 286.80297621317544
2870658 263.4923441104474
2872258 260.35017615448936
2873858 258.75979044358576
2875458 281.8758842982824
2877030 286.81899102234297
2878413 148.19359191626322
2880013 274.4030850443719
2881613 252.18532992334386
2883191 286.10678429693917
2884775 286.66033051546555
2886375 284.49289870142525
2887975 273.70820877435534
2889538 289.3249982521394
2891138 278.94771090970863
2892738 261.9214817188815
2894338 268.7809754978618
2895938 259.86854783056117
2896450 -35.41891904623142
2898016 288.8106997000813
2899616 285.9726053850119
2901169 287.0469187025999
2902721 288.33212205256314
2904321 277.81357379892785
2905921 276.9669479762953
2907521 270.45254180715364
2909121 283.363409970211
2910717 286.49667955967806
2912317 263.68217813296354
2913917 279.7193156909108
2914724 13.367279479796622
2916324 265.15741617918746
2917755 154.41730210428975
2919355 270.7521135256346
2920955 275.6712721682372
2922477 289.7429940146076
2924077 273.6920764471123
2925677 267.82068073867265
2927277 268.2048522077003
2928877 284.67877610919606
2930452 286.3272069261904
2931814 129.07029451596293
2933414 285.46285868722975
2935007 286.0246008340895
2936607 260.35728497052673
2938207 269.1869777143943
2939715 289.0410672228659
2941315 276.7086411658541
2942915 272.9460353297913
2944473 288.1862209029959
2946073 255.80238007289893
2947647 285.8049163859893
2949188 286.23241868599854
2950788 280.51714621457154
2951317 -32.99148523429032
2952845 288.7487929283212
2954445 272.06363132580657
2956045 269.96367620944267
2957645 262.3212345937851
2959245 281.4707137677887
2960798 285.79336493072583
2962398 270.8116372263613
2963998 280.5551903895164
2965598 275.12656285260493
2967198 286.16649503996337
2967503 -79.59345637235793
2969103 280.4647585737908
2970677 285.9865928089096
2972179 153.32374509538369
2973661 156.43507789875815
2975261 282.78507128512103
2976828 286.7457157977492
2978428 234.87840112304417
2980028 268.8659128175392
2981628 263.468645425262
2983228 276.02659380070224
2984828 284.84120158881746
2986428 283.8784014016084
2988028 283.3816243059618
2989592 286.8111724566639
2991192 276.2555037558565
2992792 275.1461506221252
2994392 285.975547786186
2995984 287.18103413840294
2997580 284.1112106670526
2999141 287.34194507655474
3000695 287.09081079481933
