# reward.txt contains number of transitions:cumulative reward
1600 -114.5649696394008
3200 -113.74967333715173
3272 -108.36152088307426
3352 -107.12585089183024
4952 -114.40664735397401
5018 -110.28929791670386
5062 -106.63975303430234
5135 -112.76007542305005
5198 -101.33359827136249
5261 -108.5090073205481
5366 -101.65720019011013
5502 -100.26966397630486
5558 -103.09872779858982
7158 -98.6881952611174
8758 -108.72058111981536
10358 -100.4224114277071
10435 -100.12595698213609
10533 -125.18353967280561
10597 -113.61723649550936
10700 -98.7523437327103
10774 -99.97379977156925
10846 -103.90158359449916
10890 -110.89384309940351
12490 -105.8804894948936
12571 -118.47658389500592
12661 -118.31287586335279
14261 -121.55285497959225
15861 -100.25395091035271
15928 -101.62388134891354
16010 -120.53425600628431
16085 -101.74868737794831
16147 -104.48660055442838
17747 -95.13990804047899
17847 -122.51809193202511
17916 -102.40035554464193
19516 -99.77305509889115
21116 -100.2205388633363
21212 -102.40355819785137
21272 -103.83210298594678
21330 -116.49056849434247
21441 -104.54927091346681
21533 -122.25980069014679
21582 -103.31321810938519
21678 -120.67032990002764
21738 -102.20182623650476
23338 -95.075956085998
24938 -99.67692807836077
25066 -122.79563498060219
25117 -107.40844222149128
26717 -105.13809937224865
28317 -106.55152158153506
29917 -94.18185866402943
30020 -105.93743502573793
30084 -104.70168293875052
30206 -126.99079163000297
31806 -94.3379498569864
33406 -93.71958418452869
35006 -92.04879594592076
36606 -92.72210283332845
38206 -100.85620874468788
38245 -108.19763690962083
39845 -87.72111718847977
39917 -102.64520200867206
39985 -104.53386616590868
40077 -100.43332903535695
40197 -122.99409478719659
40278 -99.63466899192706
40362 -110.05843444922567
40406 -108.83815007843761
40475 -99.03217903634595
42075 -87.42488525622386
42174 -100.34952669810613
42246 -97.66751032546505
42336 -101.24196065875142
42396 -113.7528967212476
42480 -102.548665220052
44080 -91.12624013646561
44142 -111.56475878542227
44194 -103.52473723192699
44262 -100.71274102836475
44355 -101.20235640257566
44397 -109.35696212990271
45997 -91.90967788338793
46097 -103.11240214868076
47697 -92.89580176193239
49297 -94.278954865758
50897 -81.93740279813429
50973 -118.19231729356261
51019 -106.13577417977713
52619 -82.63177593148741
52666 -103.61597256235468
52758 -118.93435621548072
52830 -99.67483445235217
52934 -111.19595819111478
53038 -99.22793749303122
54638 -86.61111613771547
56238 -89.10392394230892
57838 -83.64664389620386
57892 -106.73605858184212
59492 -81.83173426695292
61092 -75.27021678455377
62692 -77.02413928259787
64292 -77.07108071615411
65892 -75.02716914754613
66013 -120.20553953825683
66134 -121.16739902976342
67734 -61.94777596461582
67810 -110.08107340480448
69410 -68.9384726899193
71010 -84.47652369632736
72610 -61.285240873922355
74210 -65.86548746307183
75810 -62.592249760001216
75871 -108.28739789801216
75910 -109.52380729903342
77510 -67.1948138296059
77609 -113.92914212683277
79209 -71.44122557190623
80809 -74.05910739512721
82409 -70.36682390519533
84009 -70.79778924520683
85609 -67.6010391277789
87209 -72.89286299924696
87287 -108.1589331372579
87379 -120.84988755742958
88979 -74.42747105313082
90579 -64.19820958818356
90666 -104.48961825348748
92266 -70.24545714270165
92339 -111.35701084022348
93939 -68.98625324295053
95539 -71.06915880657142
97139 -68.33943461926938
98739 -75.75012448415227
100339 -73.27513086276254
101939 -61.52899539458494
103539 -62.83073899704967
103610 -109.36010064602891
105210 -60.034202564413356
106810 -66.70560988218219
108410 -62.410068188091145
110010 -69.38083958399177
111610 -62.636835333876306
113210 -57.87121230776613
114810 -63.33778444699581
116410 -59.60632377533919
116488 -110.59197976220399
118088 -63.53043758468199
119688 -53.93520474280907
121288 -65.57555831223357
122888 -62.4119752132815
124488 -62.45378137148239
126088 -59.09888360144266
127688 -58.32872990164936
129288 -64.8273046798371
130888 -56.36439803112045
132488 -59.418002637302564
134088 -63.74957385305765
135688 -70.49561386306189
135797 -105.82049139359097
137397 -66.78355181999876
137465 -109.05634703426001
139065 -67.61292562744391
140665 -63.25308960037056
140738 -105.63161946746955
142338 -67.38478833601553
143938 -65.11686103848281
145538 -61.35577201932041
147138 -54.174519339492704
148738 -53.94311761750097
150338 -66.70279873153449
150421 -108.06978386657437
152021 -54.37632591677952
153621 -63.52714949860041
155221 -67.40233546655926
156821 -58.24580188331382
158421 -63.65280406374438
160021 -72.17560935731294
161621 -59.129954296747165
163221 -61.82737608671504
164821 -53.75969168086352
166421 -55.4626053680904
168021 -62.03104861767511
169621 -51.77765726308854
171221 -46.320753733846374
172821 -60.719471802975704
174421 -53.805413504416485
176021 -57.26260078288525
177621 -39.238333633335884
179221 -42.27267198617253
180821 -40.514641720456375
182421 -41.214780426875954
184021 -34.46538068810171
185621 -42.49499439303123
187221 -33.17163285718891
188821 -42.145526310712135
190421 -34.28066201515557
192021 -30.6775705797393
193621 -24.887337190561322
195221 -34.49500906035234
196821 -27.786153081912534
198421 -53.4743900404239
200021 -31.631963232043535
201621 -24.39799113482609
203221 -32.9859491704501
204821 -25.08374197121076
206421 -30.33986366563665
208021 -21.620718779068724
209621 -35.307736669040615
209697 -111.92544907065636
211297 -25.36477076015221
212897 -27.152599772610415
214497 -19.824158121354863
216097 -27.36738258282838
217697 -24.17141639924793
219297 -29.097286129403283
220897 -24.51218043874016
222497 -21.098816698471747
224097 -27.30281402393848
225697 -22.33248709141321
227297 -19.210872197970744
228897 -16.742220386825515
230497 -26.080959626926088
232097 -15.820352148400618
233697 -44.966113645727965
235297 -19.57077921354148
236897 -21.135830914531574
238497 -16.839538073310038
240097 -15.995049618518282
240147 -112.50792127219277
241747 -16.18672451998603
243347 -15.029042229109303
244947 -20.24219918095009
246547 -21.244968368701276
248147 -12.829002135722906
249747 1.249651000964132
251347 -5.8938093609809705
252947 -6.474771215989882
253000 -113.1655846355902
254600 2.8181360690860577
256200 -15.347021479030724
257800 -9.822737362504327
259400 -11.41778106403662
261000 -16.846449928331822
262600 -12.83677275424889
264200 0.6921885817193788
265800 -10.835067432955547
267400 -2.3122856729294425
269000 -0.7514649557933875
270600 -13.256514211564681
270672 -110.56509235122738
272272 4.673831994470595
273872 -25.73966701156272
275472 7.936121156549706
277072 3.4253469793138325
278672 7.235315769565593
280272 19.407642250984892
281872 -5.595350593083855
283472 -3.6780465101730107
285072 10.327898907046158
286672 -9.082387716140609
288272 23.372971601856882
289872 24.31216384760167
289924 -110.56489911129387
291524 -7.092039589353079
293124 24.102638704131046
294724 17.351389345566755
296324 10.856872926636601
297924 17.981809647527196
299524 21.14707259355802
301124 21.461956056399547
302724 11.517449442582794
302802 -109.94224894988164
304402 9.188048456919068
306002 18.21874166609655
307602 22.274548753035877
309202 30.08367824873825
310802 8.224094713221916
312402 24.262734920070802
314002 26.109036243701986
315602 19.217696106386676
317202 40.53251022480243
318802 28.849922829108294
320402 8.92732836870256
322002 16.675843359182853
323602 33.1496036172329
325202 18.934937492328388
326802 18.52302396042769
328402 39.25693094589309
330002 30.687814663038278
331602 56.14395458211484
333202 31.699983225394007
334802 43.67149048068308
336402 42.17972149486222
338002 65.03012850330663
339602 77.25630079528892
341202 60.521025037784106
342802 62.842952542890025
344402 66.23803636970379
346002 75.84269417552905
346083 -120.49773338366796
346238 -99.34705653078358
347838 84.1605716884715
349438 87.40507031318734
351038 83.04602697225972
352638 69.80366945725373
354238 88.68604918573601
355838 92.64377261882461
357438 100.07198077931875
359038 126.89964163244406
360638 99.75230031807278
362238 134.71477687201644
363838 104.90385239523926
365438 127.8150542299033
365538 -107.23431051869443
365587 -109.8003014972806
367187 139.8375847654994
367302 -117.38157082775112
368902 113.29487822495018
370269 6.434398603237554
370352 -116.66701906487594
370422 -115.96888216667126
370502 -113.80126668213433
370615 -115.78644195148536
371715 -19.074363284549293
373315 115.21288263310424
374915 119.75691490599228
376515 149.5104046911373
376852 -90.62835043473355
376939 -111.00156418134024
377003 -110.5199986448375
377076 -109.54500268548665
378676 137.09362252993313
380276 124.40345283769926
380340 -111.28400419005875
380557 -99.60444821651404
382157 115.84880845437954
383757 106.86431776244585
385357 104.40968969923776
386957 102.22736348427897
387090 -103.69000710222373
388690 100.15942029403028
390290 112.59580994710316
390398 -96.40837327343598
391998 141.96348653552283
393598 125.7315587784285
395198 121.88013737881062
396798 122.41441091156145
398398 114.3096099459354
399998 107.59142257016204
401598 113.6058875298356
401698 -101.39307180321526
403298 122.61842773071943
403403 -99.99022134894443
405003 127.64132298556156
406603 112.63155116882047
408203 123.69545744718702
409803 147.6486598924033
409955 -103.54547319272471
410059 -100.74317892380805
411659 93.29526634655949
413259 134.4729318815696
414859 129.9821211329364
416459 129.20764048244237
418059 100.16074743440934
419659 152.14247138970913
421259 140.82976025482094
421371 -97.24106839456347
422971 152.90905693173758
423088 -94.88915514454618
424286 -2.1205602633004332
425886 141.7158835185746
427486 152.42075184288484
427564 -100.77364348741621
427665 -105.40851476167268
429265 151.42297149104337
430865 130.28202629552956
431579 -57.94601626971924
433179 134.20879629986678
434779 147.9559101517342
436379 142.43453408330862
437979 145.40055944112424
439579 143.04921393313816
441179 152.2186088236777
441996 -36.80194103825962
443596 112.28914623736728
443692 -102.15520130362547
445292 161.38607643890572
446892 154.97151520833984
448036 17.712792220316132
448152 -102.81470262968354
449752 154.31004755946844
451352 135.55138204196035
452952 144.5044006328775
453017 -111.96292032182899
454617 153.16628153109
456217 155.39480288058485
457817 138.66043568597607
459417 140.7308539050919
461017 150.4966130833806
462617 145.7296796374078
464217 131.03160481876674
465817 138.74784784199775
467417 148.02339969592114
469017 152.50468064831855
470617 136.36817004353415
472217 145.70021519760314
473817 139.7604118515527
475417 149.29007787355457
477017 162.02043105671763
478617 166.42246132934648
480217 135.01579424934715
481817 149.43662427432537
483417 147.01863545254093
485017 154.27037805753807
485137 -96.31904646444632
486737 157.44287712342114
488337 160.53459009478303
489937 154.40140895891923
491537 141.5341103889685
493137 113.79143456685172
494737 162.91741325151838
494821 -102.52299930237544
495787 -13.938744945664567
497387 175.46041796695408
497477 -100.7618184821258
499077 169.67405398340642
500677 163.18921087027528
502277 144.04816768376745
503877 157.10273838271416
505477 152.2656482009246
507077 161.78338468973905
507248 -106.9268563732747
508848 166.4753400597753
510448 172.59129777554867
512048 178.57959523700814
512131 -118.95993928612646
513731 158.1714218767963
513879 -88.7645475769788
515479 168.08139224805706
517079 173.2495730624549
518679 172.2992119947788
520279 160.60561399252796
520798 -56.02676421396313
520986 -108.4572786206364
522586 176.08477240797228
524186 151.17863798414874
525786 123.98307502921674
527386 166.07158429158395
528986 156.86321221952966
529098 -94.52156099648278
530624 49.454704623637554
532224 145.04140818989805
533824 169.59505137944495
535424 120.39498916365172
537024 160.88614754885472
538624 173.66803216288744
540224 170.39043932158503
541824 149.87037355121294
543424 163.9908607632448
545024 171.24883013299646
546624 179.59224087676157
548224 144.58174009951782
549824 181.06322723118208
551424 181.8462722126615
553024 163.8302253670939
554624 171.55384692815113
556224 165.1115898125019
556319 -105.17925063127403
557790 35.607686714410136
559390 145.1730732816676
560990 135.00624029843553
562590 150.24831023137477
564190 196.60610321630267
565790 164.66518626011145
567390 176.9135857617062
567558 -110.05141228353231
569158 160.28609327682705
570297 33.30781614895719
571897 169.37744756758843
573497 180.4849862870699
575097 181.98067620029988
576697 179.11029758256558
578297 188.37943389515806
579897 166.03888277842864
581497 180.94605443404922
582956 24.652474499408214
584556 156.26909332654577
586156 175.56166102515814
587756 165.80781300721387
589356 198.6893494919669
590956 166.27747669444844
592556 159.7810291706639
594156 177.1244748519041
595756 177.5006420749322
597356 165.43375176598488
598956 170.9576465333032
600556 168.59632367397938
602156 181.69905386331675
603756 191.00185593693263
605356 165.23539056329008
606956 182.21603149948342
608556 181.50894919821008
610156 171.750726621803
611756 157.76684871039723
613356 169.347585038244
614956 181.27245296258826
616556 183.26055943011966
618156 153.36520581982106
619756 187.88170718665305
621356 165.43718199391728
622956 184.6396248002399
624556 171.11748521580097
626156 174.82266874383637
627756 186.51098192645625
629116 28.282969078950288
630716 174.76031910642388
632316 181.6006171465831
633916 163.33271710609512
634969 1.3489901241829614
636569 194.3657569664565
638169 185.9656637027078
639769 186.96114833171285
641369 191.31496544256495
642969 156.1852951395317
644569 195.07555711603672
646169 188.83318940115618
647769 167.24141952889298
649206 74.9798776803326
650806 185.91912195382508
651387 -44.36035677785676
652987 185.44299643218807
654587 195.7650665196469
656187 187.5505498361141
657787 182.3533856450195
659387 199.27397393658143
660987 184.6933890354459
661079 -98.52795312654102
662679 174.33134835272716
664279 169.37085674932598
665879 193.90359262560915
667479 181.83589032646037
669079 170.8797409761463
670679 163.1553543168572
672279 167.9819252591695
673879 196.00347113034923
673972 -102.82555271173393
675572 199.0666119653224
677172 186.1563329035337
678772 181.07181722092696
680372 178.49014546211723
681972 182.8979006038645
683572 197.15986917069296
685172 225.92733577816716
686772 164.89571733231708
688372 183.4887196385657
689018 -36.84573673083818
690618 150.07467278310793
692218 178.3231196191849
693818 172.730904645015
695418 196.95057097451823
697018 194.96204433190513
697120 -96.94636873612428
697219 -97.46827742959931
698819 182.16314632952634
699581 -40.288000961239426
701181 168.65738440415683
702776 72.39314021223987
704376 159.6744770679871
705401 -2.23188383782103
706480 32.52120446883936
708080 180.66516523466515
708180 -98.712703660413
708430 -70.34144146531634
710030 172.56540890890375
710310 -69.07863990630958
711910 165.96490702706856
713510 187.29802272223154
714083 -52.466307861643884
715683 163.24296315056773
717283 171.67072860876877
718883 178.6031241325028
720483 175.29598011362475
722083 183.6718480147105
723683 184.89618556690615
725283 169.13546242736192
725388 -97.14950851394609
726988 182.78740843968265
728341 23.526822471184673
729941 169.79958999086458
731541 177.7413351478129
733141 188.18744994919675
733511 -68.55936885929543
735111 186.15891248691906
736711 165.80982443018144
738311 181.61153779233166
739911 194.07884056266386
741511 171.24155273734192
741623 -95.54308542619769
743223 193.68566358965074
744823 166.6764979189568
746423 173.23674084272918
748023 179.38972900536
749623 185.8948596346434
750977 56.7810264558627
751128 -105.40555469147613
752728 170.73330359817254
754328 205.6893197995448
755928 142.45705271318633
757528 191.8897528104695
759128 172.13951948496432
760728 183.01303551830736
762328 183.2236326338105
763928 203.76436561943194
765528 186.35159807813147
765745 -91.0894909970481
765868 -96.69206723728838
766884 -2.4470214656541884
768484 184.0353788318688
768751 -75.16918999383162
770351 182.3276839154494
771951 161.44045089685508
773551 165.638653236126
775151 166.11591565365927
776751 193.75000387315816
778351 185.0456047488325
779951 186.6767599756632
781551 164.55389978416733
783151 191.3269817687135
783905 -37.34986967504523
784143 -78.87069660689497
785743 166.49285897845454
786725 -38.75233436500025
788325 183.2963858515804
789925 186.7091654953063
790080 -105.61049419972797
791680 170.6182825787637
793280 177.72147435458442
794880 174.9319019150839
796480 178.96194550330497
798080 177.12807325603077
799251 2.053651418599003
800851 176.30080771762437
802451 184.53522078491747
804051 180.16787223315126
805651 142.57706832041669
806124 -54.14112985802503
807724 198.29230610833167
809324 172.0629957241073
810924 163.13558591908605
812524 199.4298470642989
814124 148.2503286989094
815724 187.02592452927385
815836 -96.57721982295128
817436 185.61863956240822
819036 182.31271218110464
820636 164.16942906868024
820747 -115.15110080599598
822347 163.02068239532898
822425 -103.63526472083231
824025 178.01540865196372
825625 174.96708173160945
827225 190.98224512248
828825 165.95187214737436
830425 195.28677918421272
832025 175.2108907630077
833625 201.5550111035612
835225 182.47939679674982
836825 195.99538086454703
838425 175.79795247245815
838503 -102.4573192601415
840103 186.13528619314147
841703 176.28895093249446
843303 190.13670010172174
844903 195.79965373002167
846503 188.96166468695768
848103 192.61148598876372
849703 155.91374867173448
849790 -101.9492756773848
851390 194.412044550185
852990 183.78565854080517
854590 182.1398313800257
856190 181.06669839272388
857790 201.96412188784862
859390 185.78838633703398
859504 -96.08081447887731
861104 174.74459782850718
862704 178.43181421230352
864304 190.2223491636457
865904 171.7841402930753
867504 180.59666946668824
867605 -95.9405573058116
869205 190.2686996395544
870805 195.84594145048158
872405 198.332711364083
874005 185.500670348942
875605 198.1413982898765
877205 165.6611737334618
878805 198.8419251043703
880405 188.38387040385302
882005 202.07251725612394
883605 193.97180623832728
885205 202.81218179958069
886805 193.78812725361908
888405 191.61072618354873
890005 197.1197876490082
891605 195.29924014117483
893205 196.7369780441141
894805 205.2911287269225
896405 186.86633977415792
898005 191.84603785560148
899605 194.29795178647174
901205 185.69707266671236
902805 192.53845858372398
904405 186.50113454609803
904505 -96.82250703452839
906105 201.4619210018865
907705 203.46472240107298
909305 191.8651259199368
909426 -99.9792901602673
911026 201.79744078281908
912626 201.49161992518736
914226 204.73082169045563
915826 189.25952420275962
917426 189.46972375668602
919026 205.2546339512004
920626 201.47452328164297
922226 193.53980960193064
923826 185.7134699440747
925426 202.75001827907826
927026 199.15328049176136
928626 196.76383843161
930226 181.91609458705932
931826 201.26148926671218
933426 201.51444376104368
935026 207.68129910038735
936626 199.34747188559126
938226 203.88619633240313
939826 192.9594626630167
939926 -96.29285606674352
940012 -99.89293923486707
941612 200.6556012457169
943212 191.29642523068011
944812 198.24208959006555
946412 201.3957467435216
946498 -102.8688636168552
948098 196.77650419734886
949698 196.65654970029092
951298 197.7498438247854
952898 175.75374312809421
954498 174.9951940120834
956098 205.74925320717358
956181 -101.14825522031013
957781 198.89524838100445
959381 164.10702491191324
960981 193.18769439462366
962581 192.3631568770668
964181 186.0098835302043
964295 -95.26747313192921
965895 207.89610640717152
965974 -101.67655130168734
967574 203.84344373467172
969174 198.41213087044252
970774 198.4584878276851
972374 205.8350670327627
973974 199.0830250013743
975574 200.93844706573037
977174 170.2820276757679
978774 204.82549118433462
978915 -103.62631531938787
980515 205.7246319600054
982115 201.59093914569496
983715 199.8312531168348
985315 204.4514897023649
986915 199.65683059982214
988515 204.77976248087342
990115 191.29686315147947
991715 200.7434940009691
993315 199.77589937048717
993404 -100.0821655107364
993483 -103.57389668935662
995083 194.03156344589476
996683 196.90182611257845
998283 191.05976580843625
999883 192.28279484592952
1001483 213.7008493832802
1003083 194.23997535483394
1004683 197.8926319102802
1006283 192.29658269877945
1007883 196.95914930933955
1009483 194.15249586999602
1011083 215.64976299441028
1012683 185.5810680651705
1014283 199.9259126248826
1015883 205.09438016364976
1017483 203.53303260059002
1019083 204.14433344693467
1020683 184.87153680672662
1022283 196.19842256692363
1023883 202.21760776600559
1025483 194.00450385943654
1027083 201.1296140480507
1028683 192.38364574649052
1030283 200.3330491880257
1030391 -95.68054839779374
1030486 -99.40278033431682
1032086 200.28263889710226
1033591 92.10842233976425
1035191 202.56544393985624
1036791 200.3913608165815
1038391 174.31094004245404
1039991 209.2932777235073
1041591 203.22600560422273
1043191 174.10484184565604
1044791 189.3884608574151
1046391 207.15395855895628
1046491 -95.9202594730944
1046604 -95.2940738725389
1046888 -75.2399356795301
1046998 -102.97911122354307
1048598 206.2042159535724
1048685 -98.91653494525825
1048807 -94.72903138091819
1050407 218.6856039399396
1052007 199.43156587869188
1053607 213.58151669925593
1053684 -99.93667368508814
1053772 -104.45960815360739
1055372 211.5295506401291
1056972 209.26653484696357
1058572 204.12783680847804
1060172 197.48236373922163
1061772 208.14016072900262
1063372 204.86879625724234
1064972 197.27814474059306
1066572 191.44078759284056
1067086 -42.24070107803496
1068686 203.5229940539957
1070286 213.12368947702467
1071886 196.12067150616315
1073486 209.10690989583608
1075086 199.13085171583347
1076686 194.58031426579302
1078286 212.76382514391682
1079886 199.90771122161897
1081486 131.0854681506643
1083086 218.1420298419715
1084407 29.86383455852271
1086007 203.2022656283549
1087607 206.00485205413662
1087815 -96.2072337267163
1089415 204.80878853785634
1091015 192.33747910531727
1091118 -97.10050739628977
1092718 195.30729602413163
1094318 211.91553034494927
1095918 166.7568008867845
1097518 164.45320365424442
1099118 197.01521940183198
1100718 191.3269847189897
1102318 209.7946091833743
1103918 204.40885732683083
1105518 209.61834108036564
1107118 201.4759942010204
1108718 177.18693301603165
1110318 208.0432714249261
1111918 208.06772720495886
1113518 189.3319983355546
1115118 204.96840932966458
1115222 -97.3627022162502
1116822 203.3960389802934
1118422 214.8280111646567
1120022 216.77708454262907
1121622 205.8362239427084
1123222 211.35439967339357
1124822 212.3249648046375
1126422 211.6135763080282
1126499 -100.0416546499903
1128099 214.45599978957713
1129699 209.83336729211177
1131299 217.31459905781998
1132899 192.58039663938587
1133012 -93.88963534048138
1134612 220.08348116346968
1136212 217.6752429860478
1137812 209.79594387526697
1139412 198.81318247174184
1141012 211.40354726701852
1142612 201.42274848672326
1144212 217.72709941921372
1145812 204.13502038904207
1146572 -2.8899402999635413
1148172 205.48415955355554
1148838 -13.610331648518269
1150438 219.0885875342341
1152038 199.25187521744888
1153638 215.25944261274336
1155238 228.4442079389661
1156838 221.64745831482574
1158148 53.48714549090525
1159748 211.29410699723454
1161348 203.4263622035159
1162948 205.7925117551825
1164548 195.21213623153497
1166148 204.79466724804178
1167748 214.44545232120552
1169348 216.70077009905927
1170948 209.15403583867118
1172548 202.76480632366358
1174148 206.2311364500418
1175748 216.57771140986358
1177348 209.8347225624279
1178948 224.26379450420973
1180548 200.70849030967528
1182148 217.1613266988045
1183748 214.86158924865705
1185348 229.25130272928791
1186948 210.2785878921736
1188003 42.097957265568255
1189603 216.13992918620085
1191203 216.82069789036817
1192803 213.12058778693978
1192883 -100.65354902718154
1194483 207.4860454182995
1196083 212.8618360127461
1197683 221.06969158720486
1199283 221.51529686120466
1200883 213.70774339624376
1202483 193.5236818292638
1202575 -99.98496770717824
1204175 199.02548055569093
1205775 202.60188721133508
1207375 222.28062271797296
1208439 33.2453881204861
1209096 -39.50561241332969
1209313 -89.54310357716028
1210530 46.00368268634247
1212023 91.67686809211818
1212878 -17.130042458462853
1214478 211.0247353913592
1214556 -102.60078881261745
1216156 210.44402390800667
1216260 -94.99131934556242
1217860 205.1469929001261
1219460 207.7161438415901
1221060 203.43116992708073
1222660 196.26743392293727
1224260 197.19631651060348
1225860 190.7669687428766
1227460 197.0206458727631
1229060 192.46239293327085
1230660 215.05389108455915
1230780 -93.69439349651833
1232380 220.96512563906066
1233980 202.9628211120062
1234584 -33.54618282400837
1235710 36.06933219096999
1237310 186.44990476861173
1238910 208.50291376104514
1239186 -75.00968863952843
1240786 187.4558859831777
1242386 220.45822490782152
1243986 205.30270042661968
1245586 214.78952448404291
1245672 -101.08112102038879
1247272 178.78427086384136
1248872 207.96157276478561
1248969 -99.65936903144853
1250569 198.59965637344806
1250696 -96.42932464798757
1252296 198.90058232479896
1253896 210.1933596745719
1255496 219.74982443741578
1257096 209.49907090319584
1257220 -94.50772430638285
1258820 207.44975500124602
1260420 216.74227383148005
1260503 -100.21397056389414
1262103 205.33028420076926
1263223 30.561396510625087
1264823 218.95178188287375
1266423 206.26720702045657
1268023 208.68855853024306
1269623 196.44452222515835
1271223 219.60869180959745
1272823 206.92183789480467
1274423 207.76461890524305
1276023 208.52092671013384
1277206 60.03048787722159
1278806 199.56286067271478
1278928 -97.63589856301931
1280528 208.81948589974633
1282128 209.69447577947582
1283728 211.3851006859699
1285328 219.9976200925285
1286928 206.83292228965863
1288528 203.85594592570547
1290128 215.66391379347942
1291728 211.06768834144285
1293328 206.15325558597124
1294928 196.01780671528027
1296528 183.99426497530396
1296642 -93.87263705639168
1298242 199.18975031616685
1299842 213.9029335517773
1299961 -95.15902280683133
1301561 205.2482625141939
1303161 212.41551779749736
1304761 208.9460522728133
1305594 -14.695189027976923
1307194 206.03045501945965
1308794 192.5065923675444
1310394 196.30547586007395
1311994 173.87236488485323
1313594 214.92072618707502
1315194 198.03323273221366
1316794 202.66529194059262
1318394 204.92463783768076
1318537 -104.73486305959895
1320137 185.75051221526257
1320909 -14.875001100369403
1322509 200.99183264533767
1324109 207.6383759319135
1325709 199.1024178842382
1327309 210.13832435840325
1328909 205.8689759648633
1330509 207.54566495153992
1331887 67.51839869121761
1333487 203.20400385536766
1335087 192.83585033204014
1336687 204.7078155701771
1337940 44.52235267505122
1339540 206.85128940236234
1341140 207.04852425457943
1342740 213.71194172488353
1344340 207.37065939889803
1345940 202.87277722809216
1347540 207.44199086473532
1349140 208.84581798544284
1349568 -54.13661117412614
1351168 212.1676384398729
1352768 213.41487272237518
1354152 65.62375520219868
1355752 210.42767919179167
1357352 213.84261855882968
1358740 84.24037810674082
1359576 1.5728188512513412
1361176 207.35421870702731
1361804 -40.04079006362027
1363281 72.24996500116126
1364510 58.05778173240765
1364960 -72.33356761653909
1366560 203.90290429376046
1368160 217.07888846211404
1369760 192.63153036207015
1371360 196.0174936887165
1372960 220.372338809356
1374074 32.5281528197485
1375674 198.2447532336786
1375825 -96.6937928894839
1377425 208.0320228961285
1377523 -95.75653640454635
1379123 205.77573875116025
1380723 208.0095406910498
1382323 204.29686876473426
1382752 -66.87062790218994
1384352 212.28808921076177
1385952 196.83267039728474
1387552 201.8659253822216
1389152 211.67268047751259
1390752 222.02602851381508
1392352 221.09098633576903
1392935 -33.286856036717
1394535 203.96517341542005
1396135 216.68426894306918
1397735 195.3804157989502
1399335 205.55299751332134
1400935 212.71057674203436
1401470 -31.458295820618005
1402520 29.496464814305085
1404120 224.5429203529324
1404230 -94.20253687088564
1405830 204.64544206795588
1407430 211.9805314238578
1409030 204.76486031535939
1410630 191.28047233645074
1412230 203.05996513367322
1412464 -87.34718362688768
1414064 210.42090236833852
1415664 206.28907269843558
1417264 210.37038738725911
1418503 51.20457290865693
1420103 215.67003122705188
1420237 -96.06968577073329
1421837 213.906354923655
1423437 201.34920189987815
1425037 208.85895042524206
1426637 220.61026092840174
1427901 56.51832937382926
1429141 52.7446175487641
1429221 -102.67429048829898
1430821 212.24932703608292
1432421 213.46700640531034
1434021 197.5647173578846
1435621 200.26628383196274
1437221 208.58294735289797
1438821 217.45158967006685
1440421 212.5499966837269
1440517 -95.9337529967238
1442117 207.18142038555658
1443717 186.08419755326264
1445317 192.86547714085674
1446917 205.56871852106497
1448517 199.5018463599611
1450117 223.15252261821885
1451717 209.5053588645646
1453317 206.13914724392345
1454917 211.33707562869836
1454985 -102.69693382667998
1456585 212.91019408081465
1458185 198.41556503928658
1459785 216.9648932034061
1461385 209.99433211678686
1462985 203.36080250384248
1464585 203.34506365687707
1466185 194.87449614262076
1467656 78.95940817647823
1469256 198.09576928994937
1470856 181.50489359374347
1472456 212.69054727801606
1474056 200.83152525624882
1475656 209.34827595902559
1477256 198.68331095471095
1477367 -94.84993758041661
1478967 220.91432908611586
1480567 199.81518566014557
1482167 213.38952384259042
1483767 214.63946612253704
1485367 194.83555899577254
1486967 198.33440130464894
1488567 213.52485939633794
1490167 203.0872391896413
1491767 185.28976034738636
1493367 206.26606360301363
1494967 210.7777600936829
1496102 37.638626557033746
1497702 216.15384797020116
1499302 202.02531046151734
1500902 201.53160510039328
1501493 -36.874819899746235
1503093 206.4256116594272
1504693 216.36550165255156
1504795 -94.47044985793376
1506395 213.3071242778822
1507995 205.34029475773883
1509595 201.5656096049047
1511195 216.02005480813557
1512795 205.2058983700222
1514395 211.31509405058188
1515995 186.94914500784287
1517595 208.59553589736646
1517707 -93.84372564723064
1519307 202.24734128323786
1520907 206.52800529140427
1522507 201.88803116459104
1524107 211.8997651844054
1525707 198.5696646161433
1527307 198.93809836196152
1528907 214.45202885736427
1530507 218.9075183256383
1530988 -49.6001900992447
1532588 202.2512778338298
1532691 -95.94787330056292
1534291 194.2043436495624
1534391 -94.80068705305892
1535991 215.07064229873708
1537591 213.567930608675
1539191 224.26545834183761
1540791 187.91424510179732
1542391 212.54741166797726
1543991 211.74726087973795
1545590 86.30034704772311
1547190 187.55998416332412
1548790 216.2217766913534
1550390 196.54765023598347
1551990 175.33108634671873
1553590 209.56225235200145
1555190 207.3022521235919
1556790 213.9577091782288
1558390 210.30838100609
1559990 213.35706356261406
1561590 204.04018749186721
1563190 209.93890260601853
1563274 -99.65372017885683
1564874 211.20322079237664
1566474 209.9141642117782
1566574 -95.65718191062287
1568174 219.27394417483669
1569774 203.94165982159933
1571374 190.41424101162113
1572974 219.52782804472082
1574574 201.52921636009754
1574771 -95.57198540583563
1576371 195.844448412665
1576709 -74.78096876592002
1578309 224.0055711113578
1579909 195.44583438231078
1581509 196.7009998763676
1583109 202.23683325576874
1584709 214.52113278810316
1586309 199.94695813222617
1586911 -31.08593722778315
1588511 213.58430631251883
1590111 203.13648981541527
1591711 201.98849493588202
1593311 214.5814519294749
1594911 213.51129970446965
1596511 209.24743511943973
1598111 207.91502731920258
1599711 214.3516837228708
1601311 201.35386411079267
1602911 217.90636681472782
1604511 211.1277210850642
1606111 193.68992016638597
1607711 214.09221621919727
1609311 216.43385413660272
1610911 212.36046603828518
1612511 220.87059798934305
1614111 205.92746794057462
1614606 -52.30004002242416
1616206 205.7051130791729
1616319 -94.89128259358989
1617919 213.27212015351816
1619519 221.59697409059945
1621119 223.00025050931256
1622719 212.04455104017288
1624319 205.5127504304856
1625919 219.91054385813888
1626017 -90.65478433909702
1627617 212.74352052600796
1627694 -101.95541155901613
1629294 206.5209576008009
1630894 222.267682119446
1632494 187.95970727264614
1634094 199.86645092437115
1635694 213.02451939844187
1637294 184.4130304244079
1638894 203.95090941516494
1640494 210.53675782205372
1642094 220.44466434992674
1643694 200.97869359015172
1645294 210.95811775386193
1646894 212.93996892739355
1647887 -1.7610207403491955
1649487 205.4806374265161
1651087 214.63172646675298
1651773 -16.966637287891203
1653373 203.4900580800233
1654973 175.78027897802176
1656573 203.7927707279613
1658173 202.56666380721362
1659773 204.81394219980695
1661373 213.61815669751695
1662973 202.81314166739978
1664573 199.06894404219568
1666173 198.84655200684534
1667773 222.79860004806622
1669373 215.7185134110986
1670973 206.76806855388182
1672573 213.98114295546083
1674173 208.4153259018757
1675773 204.78959023391923
1677373 211.2953027463818
1678973 203.74846336675753
1680573 204.7974256954126
1682173 210.77925026839964
1683773 212.77931636319613
1685373 190.23727700690898
1686973 216.65404544946023
1688573 220.04614791143948
1690173 223.96220409214996
1691773 212.63746512590666
1693373 218.49746968573396
1694973 209.70824081833047
1696573 204.58162172112435
1698173 228.02642604368285
1699773 221.1370876427224
1701373 209.8449883586162
1702973 221.01936345534045
1704573 210.47416959771516
1705511 13.31504458327251
1707111 221.5018644292461
1708711 223.38266571429023
1710311 225.57322748033755
1711911 226.3094214142995
1713511 227.45799583861654
1714147 -24.46420111612342
1715747 203.95070804978712
1717347 218.549365307642
1718947 219.7717947296801
1720547 215.7486262628061
1722147 211.798629247941
1723747 206.85684224040136
1725347 214.13005506379795
1726947 216.44263307811607
1728547 210.00453444666053
1730147 207.9544511736639
1731747 209.14170512583127
1733347 208.37481794458506
1734947 217.26455398589513
1736547 220.39931222927214
1738147 190.70288656874789
1739747 209.04243645714325
1741347 217.12990869185217
1742947 227.29373870136584
1744547 212.93038937132897
1744685 -93.69179663058742
1746285 222.63087524172917
1747885 227.69349485520823
1749485 211.49743342395269
1751085 213.19578323612222
1752685 224.60600966287163
1754285 214.47211716083416
1755885 225.8333029104992
1757485 216.69630516987277
1759085 217.87744079787154
1760685 216.8748145251044
1762285 210.32859637271702
1763885 212.4311221732633
1765485 217.14347667359561
1767085 209.4005047620685
1768685 227.8366478310378
1770285 214.99816027982064
1771885 210.2623354332253
1773485 201.4779844864646
1773567 -97.5699540874573
1773649 -97.36772492332462
1775249 215.10770733278954
1776849 213.49717353950243
1776958 -95.43352995835494
1778558 221.3261739603355
1780158 205.60955868088558
1781758 214.5721518760219
1783358 211.95646067121876
1784958 213.78607027552272
1786558 217.99227253839385
1788158 198.6564393573045
1789758 207.89936735570555
1791358 209.37380181996136
1792958 204.22233318004803
1794558 204.77171632560774
1796158 222.225394454112
1797758 209.25237200386655
1799358 205.50175416617103
1800958 221.13207863266524
1802558 213.95008163180026
1804158 214.83724408986333
1805758 205.95969274896595
1807358 217.77483867628825
1808958 220.7425221624852
1810558 204.0151613668137
1812158 217.2091970559884
1813758 200.64202646167675
1815358 216.25826605036525
1816958 222.7165927770551
1818558 188.0619518616656
1820158 218.06525816117363
1821758 207.75613538341864
1823358 213.0381983018637
1824958 205.04083534327648
1826558 210.57378319647282
1828158 217.1839077054316
1829758 195.60390927280503
1830050 -70.9421226621202
1831650 216.67131295876038
1833250 216.82819533040131
1834850 198.6797406829025
1836450 217.35576729079222
1838050 209.05211247943342
1839650 225.87504524415658
1841250 218.0438475091965
1842850 217.453650992905
1842965 -94.33339085857756
1844565 209.5835694965316
1846165 215.08181495448537
1847765 221.29581113692646
1849365 215.32085837875587
1850965 221.2481084049165
1852565 209.37199182513632
1854165 220.91823040429165
1855765 199.4861042898745
1857365 213.27593730844765
1858965 212.48765537389406
1860565 220.1700371053489
1862165 213.59228797750913
1863765 218.30862910175935
1865365 211.7665651868142
1866965 210.45038823380438
1868565 204.73219122601347
1870165 220.22624884844166
1871765 221.99990029199208
1871863 -96.46683857819127
1873463 226.240908454248
1875063 216.10807886156954
1876663 203.07381200603328
1878263 196.83999958617832
1879863 216.47396687686478
1881463 204.8817899627922
1883063 204.56934059264668
1884663 220.6861581547296
1886263 218.23835031110403
1887863 217.24230837837027
1889463 207.38965236201278
1889565 -94.98475598140124
1891165 223.72223254991098
1892765 223.02567585225637
1894365 212.1001980856933
1895965 213.38603118808925
1897565 207.96501327697595
1899165 214.31968486961966
1900765 206.34310730653763
1902365 207.51574444169296
1903965 207.21608977189885
1905565 207.35697671913343
1907165 216.16684105001016
1908765 218.7660905171237
1910365 209.21497768857466
1911965 208.87764269327
1913565 211.74128173176197
1915165 180.58634446487508
1916765 198.73431118933993
1918365 210.69303294832812
1919965 208.44146583854064
1921565 225.7819713920475
1923165 202.0818745804753
1924765 220.54665774116106
1926365 212.27311727728312
1927965 207.48558583389874
1929565 190.3528902675766
1931165 212.69455013555597
1932765 204.2649768284786
1934365 225.08064624474295
1935965 220.90312338980544
1937565 226.82386556518554
1939165 216.85023730976135
1940765 204.07596923693316
1942365 224.0276768702012
1943965 216.0369348932654
1945565 221.07962679087916
1947165 220.85597676388363
1948765 199.06176634589366
1950365 211.33837516022425
1951965 219.1596738544612
1953565 228.73200388938227
1955165 190.3879749318914
1956765 224.6307663306696
1958365 216.7361758834763
1959965 214.40773068806686
1961565 220.58506540602855
1963165 221.85937811250994
1964765 225.20118597016307
1966365 200.8332392134611
1967965 223.10137769993514
1969565 220.20417403645453
1971165 214.0317398430287
1972765 209.567400242329
1974365 219.74264250258454
1975965 205.31635410435553
1977565 212.02869717517387
1979165 218.39697255624387
1980765 212.71728272145842
1982365 206.4888929955555
1983965 221.47737324103852
1985565 219.54392502149653
1987165 220.42494382227594
1988765 201.57764244265653
1990365 205.5135363891997
1991965 216.18065600727053
1993565 211.77771779803965
1995165 216.1532819291786
1996765 210.63599200501494
1998365 216.08625120401382
1999965 214.10647264652204
2001565 218.20350062610217
2003165 224.34913451208405
2004765 217.06003051999625
2006365 209.37533758585798
2007965 203.89816172758805
2009565 199.64004638516022
2011165 207.9270425127778
2012765 196.12695576361338
2014365 189.1007719279641
2015965 212.5407066635246
2017565 206.29577190171935
2019165 220.14594501291845
2020765 208.55122369275057
2022365 194.62132220918232
2023965 197.4449666611696
2025565 187.1924920933645
2027165 220.17556292135976
2028765 200.38880267362464
2030365 213.5687926671479
2031965 215.4600933922038
2033565 221.02148536867853
2035165 209.94090248189949
2036765 216.56395112643781
2038365 226.49384149166784
2039965 218.7332787415667
2041565 210.26602012970855
2043165 217.30570202266708
2044765 209.88025038698015
2046365 217.36714325134514
2046479 -95.5729880264805
2048079 216.53116296169864
2049679 224.41523831669272
2051279 217.2163837805076
2052879 221.83429026737838
2054479 219.9685526177961
2056079 230.57309448235793
2057679 218.54965439899345
2059279 236.22468132283703
2059383 -94.35769107050449
2060983 219.62378168929504
2062583 214.3447062597612
2064183 229.91476467985947
2065783 219.94645252857384
2067383 203.95539888001755
2068983 211.86932973220837
2070583 222.31843101260594
2072183 202.63407709987064
2073783 217.76029272223073
2075383 224.33651704041284
2075468 -97.9707719948149
2077068 230.28044207012852
2078668 214.82305983360803
2080268 235.66986772782747
2081868 209.647218569338
2083468 217.3048792684347
2083550 -99.09773467013986
2085150 222.11394857780908
2086750 220.23961901532033
2088350 223.6491332964019
2089950 219.58966660637608
2091550 217.14863984960243
2093150 212.68754323209836
2094750 218.39922406894289
2096350 208.44787730425594
2097950 213.71206081617126
2099550 214.96541718313813
2101150 225.99294545569992
2102750 224.25921888588255
2104350 227.38825089655074
2105950 227.23247661383337
2107550 221.75699886150582
2109150 237.7769469428787
2110750 198.01807535240167
2112350 219.4252728151184
2113950 205.68114586091875
2115550 230.4567014376987
2117150 227.77012310317585
2117821 -29.305732347423174
2119421 224.20571501446258
2121021 232.36982706700564
2122621 223.92675795468242
2124221 220.1823785624344
2125821 221.00888551580687
2127421 231.8797787310372
2129021 219.81254492738034
2130621 222.9121528790822
2132221 215.97842669192678
2133821 231.98607274003356
2135421 222.4655626935239
2137021 212.3887865844942
2138621 221.89989157245688
2140221 221.5937836722533
2141821 221.96733604920595
2143421 220.0146186939584
2145021 222.37428090850742
2146621 208.99153850671922
2148221 227.1687814809436
2148306 -96.75606285006242
2149906 211.610206986374
2151506 208.53574227527776
2153106 217.2451028306211
2154706 220.8458004577936
2156306 225.03885954635876
2157906 195.48131911478828
2159506 222.8839138636028
2161106 212.07876279639098
2162706 233.98150842996296
2162807 -93.86647489043511
2164407 229.17030898377513
2166007 217.5093182197113
2166117 -94.76480201426894
2167717 210.89395199090976
2167872 -85.34162992195444
2169472 218.68642332907407
2171072 217.76118948317213
2172672 228.90756266079185
2173847 63.20260683254034
2175447 235.47164056695786
2176804 80.72975586243552
2178404 225.7933168524913
2180004 209.47201480814286
2181604 216.07797806096116
2183204 218.82858080629697
2184804 210.81561026108736
2186404 231.21858746932057
2187532 38.46651023803156
2189132 231.32887423398302
2190732 219.6398530081088
2192332 228.9441152409224
2193932 232.9293966193842
2195532 234.71678132740217
2197132 212.98936319335274
2198732 236.43918790264271
2200332 224.70677545027803
2201932 228.39114033790221
2203532 221.81275823855137
2205132 225.11910688755853
2206732 222.67012026639225
2208332 220.8615484647861
2209932 209.18221372236764
2211532 226.69510687906737
2213132 217.80863261018467
2214732 221.166722098223
2216332 218.5605054873778
2217932 229.39127958296763
2219532 221.64590294037254
2221132 222.4759929370453
2222732 212.79901299531372
2224332 219.37493859670172
2225932 228.71319053294258
2227532 220.04044660053182
2229132 239.30703916915968
2230732 226.70952637620277
2232332 228.09600002340142
2233932 224.10705758830542
2235532 208.48932937665828
2237132 231.09346825402545
2238732 219.95533416524873
2238841 -94.86783097240826
2240441 207.07262063299348
2240520 -102.27096096412465
2240628 -93.3422646403232
2242228 217.70508957419386
2243828 225.85591514457235
2245428 226.03320992278907
2247028 205.96677819595334
2248628 219.5421641551905
2250228 232.21975209796548
2251828 232.78561699220595
2253428 234.44402769599807
2255028 224.41374679113346
2256628 225.64663116725455
2258228 212.75803585980157
2259828 217.77089615576594
2261428 222.25975865747873
2263028 237.73816288950542
2264628 231.64880559448525
2266228 214.57211563455326
2267828 227.05284121264515
2269428 225.96035581837413
2271028 218.90096228292472
2272628 236.7565294209744
2274228 231.86658535245326
2275828 227.99060120714418
2277428 229.64927084314397
2277504 -100.26415728188492
2277618 -93.03722296406174
2279218 228.02491036483607
2280818 232.3776533173832
2282418 216.30582981111795
2284018 227.8751241700608
2285618 230.93493116787516
2287218 230.84707093525307
2287291 -100.14885305428008
2288891 225.1717686235448
2288977 -97.75003722603549
2290577 231.83557804259976
2292177 210.9071737548887
2293777 220.75495480607196
2295377 232.17760890483345
2296977 220.96089195643623
2298577 221.91390983170564
2300177 226.82886659541845
2301777 219.51910897551429
2303377 224.12771452319737
2304977 208.68590212731993
2306577 223.1835326133035
2308177 222.41411849552102
2309777 227.26289410882322
2311377 218.79579152081516
2312977 234.69246730555204
2314577 230.61977258467556
2316177 228.68608692411186
2317777 214.55615561913055
2317918 -94.57973068784487
2319518 218.32560388355301
2321118 238.22093886882283
2322718 223.87500543260455
2324318 229.19628693119316
2325918 232.79920114378643
2327518 223.60980078319383
2329118 225.80906896211525
2330718 228.52093428030562
2332318 229.489775176163
2333918 226.49325288372043
2335518 220.3960056954858
2337118 235.98701715585563
2338718 208.4962906623939
2340318 229.90094524013725
2341918 223.44925160453127
2343518 222.77573887303421
2345118 227.68682188596802
2346718 223.82480727377123
2348318 214.2919162390457
2349918 223.27915988880022
2351518 221.91927731316073
2353118 222.31487787323096
2354718 229.66428865123044
2356318 231.98550243740561
2357918 223.1770358654024
2359518 232.43037435017683
2361118 210.97939205697728
2362718 227.4282958720245
2364318 231.63319671904307
2365918 226.22331155750223
2367518 231.35477349804472
2369118 228.95789755355057
2370718 230.4936388740843
2372318 232.20898203406057
2373918 233.98541680069243
2375518 220.75769665574356
2377118 234.7586639673941
2378497 65.16921525707744
2380097 220.24027969388743
2381697 195.09839447535526
2383297 236.67083318629687
2384897 229.4828214144498
2386497 223.33429304894156
2388097 239.58821309002437
2389697 224.083242947603
2391297 227.4145583282964
2392897 232.8671126286365
2394497 227.19165553827892
2396097 232.9596336211002
2396197 -95.71053257493551
2396338 -94.61485385715838
2397938 222.56851298970554
2399538 226.10334956945877
2401138 211.6009647302041
2402738 223.55956701853634
2404338 228.02572305027542
2405938 223.11846182734106
2407538 229.05233682539793
2409138 230.47185385938536
2410738 223.69840686580883
2412338 200.6813694973467
2413938 234.27791256524733
2415538 233.7186000733071
2417138 225.46570142157168
2418738 222.83499726350735
2420338 213.1052137228285
2421938 233.81962511730276
2423538 226.9161372264842
2425138 230.25997556703678
2426738 230.06592238180306
2428338 219.6951156224936
2429938 228.53967097976044
2431538 234.1883211514114
2433138 219.5262404320957
2434738 208.47814980445918
2436338 227.4749232755839
2437938 220.85131062734644
2439538 195.97149776957843
2441138 226.76406263731312
2442738 222.25563660781802
2444338 198.5733593777232
2445938 229.93764616108186
2447538 232.75366796406985
2449138 232.43667995577846
2450738 231.6861517234749
2452338 229.6318188490715
2453938 221.81214231990145
2455538 238.80615202812913
2457138 217.4834935791593
2458738 219.1445065868705
2460338 234.16836521834585
2461938 230.2089266210431
2463538 222.04960366714337
2464932 90.72790458754102
2466532 238.0756722471219
2468132 222.34142741211724
2469732 223.25670277719917
2470123 -65.76991993422865
2471723 211.35310500317814
2473323 224.58294441832166
2474923 225.46727387833727
2476523 236.55869876585342
2478123 225.0667231027331
2479723 204.2607650023006
2481323 214.41318788445886
2482923 164.76551617401122
2484523 227.88106344323535
2486123 187.18162195214728
2487723 220.2555824345625
2489323 231.66349419537696
2490923 204.06357398305744
2492523 215.408219596394
2494123 239.81976363120984
2495723 213.5073588975777
2497323 208.39592735758765
2498923 235.12568992282132
2499060 -92.42998431942426
2500660 227.69438188380406
2502260 217.56139962122955
2503860 228.95229283502994
2505460 230.2219785536714
2507060 222.54805558127987
2508660 233.95953679469858
2510260 226.7879861871947
2511860 241.9221032485036
2513460 207.41708427586758
2515060 199.20647081119012
2516660 215.3205575095714
2516777 -93.57442732831835
2518377 218.56223574926383
2519977 234.81934791231944
2521577 226.90072230349406
2521668 -95.24279952264826
2523268 236.3303600909214
2524868 230.30665047977305
2526468 219.6830732915198
2528068 228.91689370857057
2528171 -94.65180463977468
2529771 232.56682784737606
2531371 222.66323722557084
2532971 227.23438262741982
2534571 229.53426036656487
2536171 225.16847939902289
2537771 226.59862838332646
2538992 42.47935782914908
2540592 226.0155356413572
2542192 223.0903685878543
2543792 211.48345369105385
2545392 225.93731582869705
2546992 233.7687833754952
2548592 227.11620422661915
2550192 228.20780140756486
2551792 217.13438787071692
2553392 231.82144302714764
2554992 226.01949599013696
2556592 235.31321163300862
2556676 -97.49238454963205
2558276 232.56312681914673
2559876 207.11875025247562
2561476 199.2395597556909
2563076 219.290153499304
2564676 214.91315012893642
2566131 96.52126058489665
2567731 200.14019316128667
2569331 217.39756345217384
2570931 225.46501287586378
2572531 225.0935887346167
2574131 218.93087569873276
2575731 230.46845144806713
2577331 225.02459583923255
2578931 215.6079260300434
2580531 220.8105803284471
2582131 227.3993569994408
2583731 219.36473869674282
2585331 225.1160700706159
2586931 210.9980060450341
2588531 225.55058533843183
2590131 222.01998631486208
2591731 229.0247667122335
2593331 223.44356225914032
2594931 200.52931224040486
2596531 212.86301811859994
2598131 232.35547154141165
2598462 -95.65548469235065
2600062 233.6341315989434
2601662 206.56903039376428
2601773 -98.36450076201558
2603373 203.14643055872824
2604973 240.45843611387218
2606573 222.51731296245936
2608173 206.72963512531274
2609773 218.81845667356853
2611373 216.73842727478512
2612973 223.65773900753092
2613067 -99.39721121970813
2614667 237.1084327631468
2616267 222.73973240513206
2617867 232.9474877879876
2619467 225.75211581628767
2621067 227.55208253449263
2622667 224.04448741589303
2624267 226.627529408361
2625867 236.68439263032286
2627467 225.47188480560706
2629067 237.12990491532312
2630667 240.01834910597628
2632267 204.76989714081193
2633867 229.71945854145577
2635467 235.0233024791354
2637067 210.05136123930885
2638667 218.18108188926703
2640267 219.6070343358665
2641867 215.40127992051737
2643467 222.06921979091427
2643562 -100.59779086127722
2645162 229.64298098158184
2646762 232.07746255205356
2648362 222.39659846089117
2648457 -102.26997711740185
2650057 212.05940787924808
2651657 234.97537144944675
2653257 218.67077088679727
2653348 -96.68072519652266
2654948 217.80081473808175
2656548 237.58066879415833
2658148 231.06040177093257
2659748 236.6375920390846
2661348 238.1508828623137
2662948 214.9742144487507
2664548 228.31180882420588
2666148 223.10129493804644
2667748 232.84863871449133
2669348 231.24787943322244
2670948 229.0659969035576
2672548 222.94061235221
2674148 232.66043305361129
2675748 231.0785790585957
2677348 230.34496769261239
2678948 234.11170646285422
2680548 193.99429665307352
2682148 222.70619269392446
2683748 217.37906696853122
2685348 229.72626888003188
2686948 232.69543853248777
2688548 223.1279862514219
2690148 220.16807069096566
2691748 220.7809742507694
2693348 210.44751781272
2693433 -97.02073293071551
2695033 226.38576018519174
2696633 226.49983653076814
2698233 233.30304732782
2699833 212.05139531909293
2701433 230.0407087938239
2703033 233.101962220363
2704633 239.06473287607474
2706233 237.3441488950154
2707833 229.99442751132895
2709433 222.17876500269918
2711033 218.74381199738676
2711164 -92.52152984757473
2712764 235.91745530891538
2714364 241.9376927974209
2715964 229.71136156323433
2717564 229.8141990934881
2719164 205.34461721938922
2720764 218.58641652983212
2722364 224.9817590731816
2722459 -94.25122979631709
2724059 225.58434664777712
2725659 231.8588918060628
2727259 209.79688962754713
2728859 220.8760907297999
2730459 225.02894935107793
2732059 208.22074175997554
2733659 237.8730199764004
2735259 242.98516970539225
2736859 236.45680820883877
2738459 244.39114105769838
2738955 -37.21840226979494
2740555 228.8753677199131
2742155 220.94123164309053
2743755 213.4216264814426
2745355 199.0339204626038
2746955 233.56184025003589
2748555 236.55782368000055
2750155 231.89782343598665
2751755 232.65671173786566
2753355 235.9503218266972
2754955 228.63109797096283
2756555 224.09036827206788
2758155 235.84565392210206
2759755 231.49351132355045
2761355 217.2828566851054
2762955 225.01317586404772
2764555 226.30289964292115
2766155 232.87124979700232
2767755 237.31218906848812
2769355 224.72568343836983
2770955 233.14192272467912
2772555 225.1521952162638
2774155 222.0738481763344
2775755 230.23556364430027
2777355 236.92895951638997
2778955 238.607693579413
2780555 235.07077743399446
2782155 229.80427983498802
2783755 230.55899437403124
2785355 224.3574026206383
2786955 236.63693018851222
2788555 211.49957181123034
2790155 231.98107503611607
2791755 228.59551040128352
2793355 224.93250343185363
2794955 222.5599493825348
2796555 234.0434688901441
2798155 232.2412629675252
2799755 238.99594085251948
2801355 215.344707985013
2802955 229.58744143895672
2804555 216.16415567885556
2806155 221.0487876994513
2807755 229.3043106268868
2809355 229.69378191275996
2810955 224.1044934214871
2812555 216.1352135906988
2814155 228.59222152299506
2815755 223.62013315037004
2817355 227.2207179548998
2818955 229.811170778082
2820555 225.8469986552161
2822155 236.31681908479868
2823755 225.29992692094274
2825355 238.71011352983305
2826955 219.25827992625852
2828555 223.10208733857846
2830155 227.01501609245656
2831755 229.32779526610122
2833355 229.6395031649581
2834955 220.65670855999363
2836555 226.33728597652407
2838155 222.51910205639572
2839755 219.9239105845966
2841355 210.25595493410904
2842955 222.4514296436968
2844555 213.85234232951504
2846155 212.52905968621653
2847755 222.7567602622836
2849355 215.57080148319014
2850955 228.62406173756688
2852555 240.17743536029914
2854155 228.7725036455329
2855755 224.3125056265796
2857355 222.89760847025713
2858955 220.77796848859333
2860555 219.63892714896772
2862155 233.26923790007677
2863755 225.4216894382423
2865355 220.21732199183762
2866955 219.48245164409641
2868555 234.70567391338284
2870155 222.54613694880632
2870255 -94.98822831372033
2871855 233.5803051513196
2873455 224.01903199238646
2875055 224.12028831934882
2876655 235.38313118682015
2878255 227.19523083119418
2879847 139.73465621858955
2881447 234.45605695583632
2883047 240.65457662731652
2884647 231.42553702418954
2886247 228.77691681898725
2887847 228.77604857327026
2889447 230.22575119097837
2891047 235.92045386040155
2892647 231.27322826223718
2894247 228.64153662517876
2895847 216.26467366249895
2897447 229.03137541137556
2899047 229.43931937259285
2900647 239.6571156092845
2902247 229.54923221036475
2903847 224.1571419439311
2905447 239.82134945657452
2907047 222.72613584804074
2908647 211.79570978358927
2910247 237.16186810526924
2910331 -99.628261052737
2911931 209.35010874556286
2913531 230.54988182650092
2915131 225.27866147834607
2916731 217.91287531651187
2918331 225.31195254470182
2919931 216.2135777801415
2921531 247.97118797030615
2923131 219.21236634713483
2924731 232.9669555547714
2925156 -49.19963302964558
2926756 221.12152091886685
2928356 228.12924774127094
2929956 238.0797530068873
2931556 232.68298844050295
2933156 230.22055478699693
2934756 230.16729067953784
2936356 229.11326941118875
2937956 230.9286389312945
2938047 -100.23824781115012
2939647 207.67426845013892
2941247 225.37872427643543
2942847 243.7008277310338
2944447 238.30476624208828
2946047 230.71459163329635
2946135 -98.167500362508
2947735 238.7436196967581
2949335 233.31504207446397
2950935 225.0858809276026
2952535 237.87425566184166
2954135 231.78072303856456
2955735 240.56601881043474
2957335 236.6064416881299
2958935 241.43454440679727
2959017 -97.43140194319312
2960617 233.70332236393145
2962217 240.04170158821222
2963817 231.67028496731172
2965417 218.15669588417404
2967017 226.08501366997604
2968617 238.82963367049192
2969953 76.34577807976527
2971553 237.15141179396187
2973153 232.7931778798736
2974753 232.06162335569542
2976353 231.81375597524791
2977953 225.47374150878537
2979553 227.5126305867144
2981153 233.29380277315394
2982753 222.49686347472502
2984353 231.7373574811277
2985953 229.26290957251788
2987553 242.47356849390673
2989153 233.83567901898778
2990753 228.32987324023873
2992353 227.74549557555446
2993953 217.03325582189328
2995553 215.24192150115502
2997153 229.39121057977954
2998753 233.9369298454452
3000353 231.23595474766185
