# reward.txt contains number of transitions:cumulative reward
998 -200.29037439567333
1069 -99.47625867857039
1164 -97.73046182084495
1222 -106.35538560612966
2822 -108.31827871158659
2859 -107.56932347670818
2921 -100.9306662650695
3008 -121.08484454672877
4608 -126.06625017807688
4666 -106.05365000487242
6266 -117.50201447329124
6313 -107.74159995505649
6400 -122.11262175159862
8000 -116.79005384679837
8090 -102.49816740914186
8133 -112.83236813898758
9733 -103.70788060779668
11333 -101.72861339251234
11402 -102.98747307997631
11519 -109.48657636702558
13119 -106.56798767952516
14719 -120.08595489299661
14794 -104.97384896493269
14848 -104.60464061979204
16448 -97.70487503917067
16528 -119.95179010067632
16594 -115.03582706793149
16685 -106.11288186215734
16745 -112.78570694599921
16808 -112.4496078115267
16872 -113.52183684638018
16930 -110.65871365781874
18530 -123.13930219206054
18593 -110.37482204796063
20193 -101.36861609640539
21793 -94.54266087989515
21859 -102.85549195067429
21985 -132.6189322240284
23585 -100.54638710538994
25185 -102.99204042212453
25274 -122.042854368185
25341 -102.1881297328913
26941 -117.68984974885518
28541 -89.34359756050497
28611 -122.0283539251176
30211 -105.34124041727803
30266 -107.91513998868565
30361 -119.54173106400482
31961 -110.32571251133967
32008 -108.32356016560334
33608 -103.1164852171287
35208 -121.44811108116406
36808 -95.51140965477674
38408 -92.92511512835631
40008 -120.98197695549386
40078 -107.03499645660818
41678 -95.9529685610794
43278 -123.54846950236237
44878 -94.35840217876986
44965 -101.95172822445383
45020 -111.59875948020319
46620 -81.29152646382717
46723 -123.32394388845812
48323 -94.10119521774169
48383 -116.06003918939084
49983 -93.88058169048591
51583 -92.22021504724022
53183 -92.16097641997352
53253 -105.46470742531679
54853 -91.63907101791548
54926 -100.53356947805298
54988 -106.74667859102475
56588 -85.3629263335318
58188 -120.44615636355405
59788 -86.98642679844619
59847 -105.38978510192223
61447 -86.19665567354234
63047 -88.91378013956353
63115 -100.64150030933754
63209 -126.30374827170434
63283 -118.34099938104426
64883 -78.99605985032196
64968 -125.26163307556541
66568 -80.09451595511342
68168 -83.78870519890381
69768 -84.13820847787579
69844 -123.67373738708999
69906 -107.22211103625907
71506 -86.87131494484024
73106 -125.82948557885535
74706 -82.6763689136828
76306 -80.06740896782712
77906 -117.17239410477113
77969 -108.84738763441456
78046 -99.78456994934629
79646 -90.06911510407713
79724 -98.02322128391017
79813 -102.27803776858127
79922 -105.61118667787251
79986 -109.41364871148517
80060 -123.45944779541158
81660 -84.13428206096772
81734 -107.58324310432002
83334 -112.72456286524236
84362 -191.82099238823662
85962 -88.46440859978408
87562 -85.19350557946906
89162 -90.37123629203798
89224 -107.01774052634711
89339 -102.42801320435915
89433 -122.64572775267624
91033 -86.76609596048917
91132 -103.45303273846892
91225 -123.48551773460332
91291 -106.5783460098145
92891 -96.29669048615858
94491 -102.83514260383357
94551 -105.02714499659837
96151 -84.27463677472745
96254 -116.66277082644652
96324 -100.60731325861369
97924 -93.22824067371154
97999 -110.80911655656435
98094 -109.34584110956825
98164 -107.2283808483587
98220 -105.34976227822217
98307 -120.2304435471464
99907 -81.41585893600369
99989 -124.66627642429187
101589 -88.98124844475664
103189 -83.6050229771665
104789 -80.83770091923647
104933 -134.38650854691986
106533 -91.88947079929684
108133 -89.77789144166807
108205 -121.22989114313448
109805 -85.22405594986915
109859 -109.24781382794492
109908 -106.26642911989615
109960 -109.45561403319302
111560 -84.03770809552243
113160 -90.1387601146201
114760 -87.97879935284034
114823 -110.04803488100072
116423 -96.46044062809148
118023 -80.7336327513861
119623 -90.26277987926635
119696 -103.19268748157906
121296 -84.40486672385406
122896 -93.27115501857796
124496 -89.2818683414411
126096 -91.07296290778618
127696 -81.07067640781352
129296 -88.61085607349185
130896 -83.99453699175135
132496 -79.69503142961675
132646 -107.85129920213421
134246 -84.7596633106141
135846 -79.03115897989638
137446 -83.81980815507039
139046 -84.83450922709748
140646 -80.70994518138087
140716 -104.56383395920383
142316 -85.62788097761012
143916 -88.69551445474796
143983 -103.29162813900163
145583 -81.88963636742977
145678 -111.16455421430618
145752 -106.52091102442952
147352 -83.25384798082285
148952 -87.81832308478353
150552 -80.55520513670808
152152 -77.75395599925773
153752 -86.30595120379091
155352 -82.73495186631324
156952 -88.3077405802167
158552 -79.66381893550985
160152 -86.94221326298472
161752 -79.85218211763555
163352 -79.5291637361484
164952 -81.67042846623873
166552 -79.84974443276855
168152 -75.71886955884035
169752 -82.52431285491645
171352 -81.11977859315776
172952 -69.57215261040878
174552 -74.06488802029372
176152 -76.46640494442676
177752 -78.01057594775412
177852 -116.82066266478164
179452 -85.72665412860287
181052 -71.87818312072064
182652 -81.69110454447811
184252 -72.04195306003673
185852 -67.74878566678176
187452 -71.5757338902634
189052 -74.02949599561242
190652 -73.70427137355694
190741 -105.09310538460934
192341 -77.07395084867692
193941 -68.57007037418649
195541 -69.5409339464189
195652 -117.18129912884845
197252 -68.20322626652731
198852 -76.34792082381122
200452 -74.8412704952299
202052 -70.3603628040315
203652 -60.53202390935647
205252 -63.522888663113164
206852 -60.96637492607791
208452 -60.51299283812877
210052 -53.76344534201793
211652 -60.40137780747442
213252 -52.701857587138235
213374 -114.89604614622269
214974 -59.9442606983328
215101 -113.57585220836911
216701 -54.95514058847483
218301 -57.78696104632387
218374 -106.4649285045738
219974 -57.48993922983802
221574 -58.66760282427201
223174 -56.611822210065405
224774 -63.37306295215288
226374 -57.93339549307529
227974 -55.742574100466534
229574 -59.31436987332433
231174 -55.40398068438089
232774 -56.59292530073175
234374 -46.91244893782966
235974 -47.474650254311705
237574 -56.96297547811587
239174 -44.23561701510163
240774 -52.88126760895074
242374 -45.73042323015569
243974 -38.281140144212195
245574 -43.79478862062837
247174 -49.795066273313026
248774 -41.805087176622756
250374 -36.35797627740051
251974 -31.276779865458902
253574 -24.59544748894371
255174 -20.50001839774045
256774 -30.399364120273862
258374 -32.37564192927816
259974 -38.3419570356166
261574 -13.789336830069
263174 -12.832860258497302
264774 -2.448755867301811
264857 -108.46986214385554
266457 -16.83739570461832
268057 -2.8205227352759468
269657 12.209945113101652
271257 13.610729569609582
272857 7.902236876490206
274457 6.103737433616055
276057 11.50615034873286
277657 13.38944829409041
279257 26.396791699158076
280857 16.179321784547362
282457 33.55893928371865
282564 -111.32018531948266
282635 -105.6976311175134
284235 10.58845338038943
285835 16.28736299976271
285930 -120.5565199779775
287530 38.01806773146364
289130 20.245889636729213
290730 14.970798845014203
292330 50.01640911804323
293930 42.284707316395455
295530 47.42797262505503
297130 61.70198147399183
298730 53.25342208987168
300330 46.48098814918114
301930 55.752881391475604
303530 61.67763702361898
305130 48.619481035920515
306730 79.32144912842352
307923 -37.53965566588197
309523 85.8049194137305
311123 82.82856621725173
311250 -111.63850855511365
312850 59.40763879597873
314450 66.6756379904296
314513 -116.10708278107766
316113 76.71462979212583
317713 70.82506059233773
319313 87.86523352360435
320913 72.22815794534371
322513 87.78171226897784
324113 65.14699658858281
325713 111.10143509808427
327313 102.46605997710333
328913 103.74532934107391
330147 -52.18968807185503
331747 103.8488863720871
333347 105.92517133914237
334947 98.03796575441329
336547 85.28832305747338
338147 104.59883218355351
339581 0.34630874054640515
341181 95.26332621228954
342781 85.12505979425765
344381 82.58404050474677
345981 105.23094251220684
347581 94.39094924036543
349181 96.75306952622529
350781 119.92408739618713
351404 -73.30386909650949
353004 107.92033784650192
354604 137.45478529943136
356204 139.42212751984022
356970 -65.14116450911827
358570 98.37936131183058
360170 121.41603301346302
360316 -97.28680095412085
361916 128.11775546482076
363516 117.41688327629184
363655 -103.25902933787431
365255 144.5789710856676
366165 -21.143441737279872
367765 125.70658650881359
367842 -126.10202897448215
369442 142.73920866377145
369648 -90.03566027445719
371248 128.1087275472186
371587 -80.51229606491637
373187 130.74771074001623
374787 99.08482481695336
376387 136.00762538747387
376533 -100.92570460011189
378133 122.22324565980828
379140 -12.18867976974009
380740 149.00294212944942
381912 -9.333680786181674
383512 128.41262039487512
385112 134.41873171108125
385509 -84.13739413839082
387069 13.093751279422392
388669 125.54895563238055
389402 -44.62791765183708
391002 153.63713503892257
391324 -71.44390756155798
392924 126.30998016970221
394524 141.6269773541898
396124 120.8336474312608
397724 128.0470257489652
399324 137.04100498779115
400766 0.7352823878644159
400877 -102.95278884652257
402325 33.524786794854265
403925 136.05321257484
405525 157.29011057898842
407125 124.41106992890374
408725 136.42166071604555
410325 139.92730960476518
411925 128.79054230339506
413525 139.49990389198987
413564 -105.52411693998178
415164 127.79781238302519
416764 138.09282282129706
418364 120.84477782844813
419964 148.82779263854607
421564 119.33086088995998
423164 127.201063192007
424764 129.02986635145209
426364 142.61453148035264
427142 -44.5987925405627
428170 -8.719586783739516
429246 -14.270907439170557
430846 190.1881747538646
432446 137.20247386317314
432617 -100.63921585680794
432771 -109.36941641403486
432966 -96.69836763092378
434566 154.7725029888023
436166 139.94288806912843
437766 173.62930639418684
438060 -73.89254808795016
439660 151.01551935774924
440285 -62.44336681240178
441841 27.177560347553907
443441 173.4528429337567
445041 138.24971732481796
446304 -6.173821382849752
447438 -0.48005355584372467
448879 66.47703137582067
450479 177.2373638293674
451714 -6.755525160089192
453314 140.56473490922951
454048 -34.451057342427475
454233 -113.88849334868168
454608 -82.79092643352101
456208 150.4544132929178
457808 151.2397316597864
459408 162.90082301440373
460494 -7.703942838758294
461546 -22.30333535644654
463146 138.1474141532791
464746 142.62803330445928
466346 147.5559392012828
467946 155.16976486747416
469546 149.75494002329984
471146 137.4532364157805
472746 152.80042494224193
474346 159.89752301669694
475946 165.5916187671392
477546 155.01576491646588
479146 153.10881656227323
480746 171.53587453239865
482346 159.84484065037148
483946 153.39477990423836
485546 145.9975450292702
487146 141.79497944002387
487284 -106.48270060515652
487591 -78.85939657847459
487819 -90.76308633522939
489359 41.61044297785139
490959 162.01242628860012
492287 24.462964384196255
493887 155.10713158878013
495487 163.50408070128043
495601 -97.49127413833763
495817 -102.22502619875658
496505 -34.75031935778259
498059 55.092393817403746
499659 181.35385710808583
500947 35.814726545227586
502073 -40.4331986620499
503673 160.1982288665801
505273 131.27116652073028
506873 166.29737023586196
508473 147.78984759163802
510073 169.6832965686125
511673 164.86353694579054
513018 27.490806579669055
514618 156.1398663326614
516218 181.7651106014744
517818 132.90987840604902
519418 177.58000415910357
521018 162.18447851573498
522618 163.00859284599696
524218 159.51804069494847
525818 126.31321445381514
527418 181.0435267360586
529018 167.22764298849947
530618 156.63164188547742
532218 143.98785437130175
533818 145.3181327156733
535418 162.34449521575078
535606 -94.35011494020621
536634 -32.88453912351224
537146 -46.99829322724163
538746 175.01106427286282
538803 -110.60428022746369
540403 174.43958308447446
542003 154.19159275055637
543603 185.2625080836224
544211 -41.3022380482071
545811 156.04340734178095
545864 -107.16029276895088
547464 157.1738415789965
549064 162.92425293851903
550664 171.11150497466912
552264 164.73266302175267
553864 138.13897199548052
555464 165.74600608914085
557064 163.93713269941307
558664 168.39242701793663
559995 46.22161677733024
561595 155.69497916155677
561682 -112.80013090339179
563282 185.86200816693136
564882 170.89353040413235
566482 146.86593741670143
567080 -49.47572249409739
568680 170.34494379739442
570280 147.54120146622427
571880 155.96705358222266
573480 169.79155897056518
575080 173.89202412234684
576680 165.42985353203062
578280 174.47842871276606
579880 178.95847371011678
579955 -108.70872201693679
581555 170.5235999207391
583075 46.82662292374076
584675 186.67701400858022
586275 164.8507672651795
587875 183.4389233089805
589475 181.28407942823875
591075 179.89574077182047
592675 171.45116852180342
594275 180.2525816630867
595875 175.96177910063463
597475 194.27331997466067
599075 173.0318326891083
599227 -98.29112002794321
599459 -101.98161521737154
601059 201.64006875063822
602659 174.78480418503855
603117 -51.036237560430585
603196 -123.23263115814702
604796 180.81341863505017
606396 178.24780672462163
607996 161.38983525532973
609596 190.9599888965233
611196 189.31252332070804
611277 -115.53779374031537
611378 -118.76207305805883
612978 178.0353613014067
614578 195.30744581287001
616178 205.63362108555495
617778 175.94612328785846
619378 184.39946871667675
620978 177.0526795281577
621026 -105.96407003365209
622626 182.45031507257352
622701 -118.4876918258313
624301 177.8715710335439
625901 193.4278557833405
625970 -117.89138972729943
627570 187.42678455111388
629170 193.23062494130613
629313 -93.99954714120676
630913 170.8594750732628
632513 172.71867591503192
634113 192.1533583483552
635713 175.6271806849165
637313 189.6653427977604
638913 196.14518136661533
639076 -110.01194197775982
640676 201.00412555222778
642276 193.5520370358171
643876 197.9783015332612
645476 174.34994530162396
647076 195.9219742461617
648676 200.11344858244695
650276 179.3417154357806
651876 191.19454613099276
653476 176.00742627202277
655076 198.50934913025876
656676 181.48302935674417
658276 190.88890292071915
658959 -29.375310459564787
660559 207.2455755349345
660842 -81.36712689355575
661879 12.04981980898171
661952 -110.22356452012622
662014 -103.2427591829331
663614 210.45063758436785
665214 169.00002626575363
666814 183.05466456097733
668414 203.07059042821086
670014 210.0135975539199
671614 192.14821237461277
672831 35.03858804194314
672915 -98.76540452455356
674515 199.192955190422
674590 -109.75070379997604
676190 194.17760888687903
677790 177.31710866830048
677901 -122.61933140014051
679501 203.67482543850963
681101 194.46313580653995
682701 194.47281277895956
684301 199.2280847961805
685901 180.73724132535094
687501 177.49134215945205
689101 187.19694022707156
690701 169.83034267672522
692301 219.15579456067752
693901 194.64708935936758
695501 196.91860745961574
697101 186.863115821453
698701 193.87419579149358
698865 -118.92361978608804
700465 179.4110733328772
702065 189.97670258100655
703665 186.45702826307348
705265 193.87578633609962
706865 211.2705482601832
708465 188.2087496374653
710065 176.97799877957252
711665 200.0644656615805
713265 202.88732844980225
714865 202.95980679479044
716465 197.5322775565604
717070 -41.10030478230302
717125 -109.3275453422796
718725 221.89854871061453
718952 -82.79373275503765
719007 -116.24232230315668
719063 -119.83884830103993
719138 -106.53775342662074
720738 205.7646659852474
722338 200.67125049225268
723938 199.29596657914135
725538 198.55864762617557
727138 194.8767323834586
728738 182.35875736302884
730338 204.52589948082934
731938 186.4130078778672
733538 206.56090815630583
735138 196.1526364779178
736738 191.4641175037219
738338 193.40634948496407
739938 210.85276185610667
741538 200.3661300739573
743138 190.83181602238065
744738 198.63535150956992
745304 -54.264275855228
746904 202.78286212957676
748504 200.25574340729517
750104 215.2637350031645
751704 191.38791723779417
753304 212.16185128893332
754904 190.95581319056993
756504 201.69808424324955
758104 208.1190438504814
759704 199.006247246264
761304 215.9491806274136
762904 199.10327187080526
763082 -87.91459108253818
764682 211.74596528992242
766282 214.55886267420675
767882 213.0640451346418
769482 206.08675481978636
769638 -93.8274460848067
771238 223.86861846922346
772838 201.96395234347307
774438 218.3121461052203
776038 194.74241848984096
776143 -115.2581316775841
777157 -3.7192141005912305
778757 193.4761198344046
780357 220.9320925346597
781957 197.47626338978102
783557 201.23567347967142
785157 201.30294302356347
786189 24.310599985272262
787789 213.22525964096388
789389 196.3421873843379
790989 209.4461576850625
792589 233.8561611916854
792715 -99.8588211818561
794315 220.44869066321448
795915 200.64464825348367
797515 199.56583320058377
799115 205.99658183758828
800715 200.9242760241913
802315 208.07118681475447
803401 41.510390773360285
805001 211.98008725635322
806601 212.0470419013765
808201 198.9809940153362
809801 194.24580469416526
811401 203.4322346891984
813001 204.2952364081873
814601 213.4345715888445
816201 185.4379700994074
816674 -50.61108444468617
818274 214.65996717886094
819874 205.92803267942415
821474 211.70978527296148
821553 -122.25643825667568
821602 -103.87874421091688
821651 -104.85380633143895
823251 230.38163728179043
824851 191.6123742200311
826451 213.16651237842325
828051 196.75453055881428
829651 201.23247711899904
831251 195.42910404576185
832851 223.16876844304124
834451 203.88553758711873
836051 204.660339846697
837301 28.7340785746039
838901 215.59734926514187
839283 -67.71915777171404
839643 -69.94823170245253
841243 205.08032704884042
842843 227.76144376028637
844443 208.78715363916373
846043 208.6282617195521
847643 204.85606033384613
848585 16.057237117263853
849040 -53.62679484318693
850640 219.85896297672596
852240 215.90063560580455
853840 188.46066051218426
855440 227.211393189139
857040 193.41689056408583
858640 227.82262802345028
860240 212.3365921294867
861840 209.65469092093042
862869 31.05538458513965
864469 208.45432699373313
866069 222.370753679345
867669 212.70520584500008
869269 227.0786914114908
870869 207.98672634955722
872469 200.16705502956003
873028 -22.079267378524023
874628 217.68584280773788
876228 219.72546447027074
877828 213.75943079362222
879428 212.84420368229405
881028 206.8818640507066
882628 218.6285694986221
884228 226.37291372649682
885828 212.0565748116041
887428 214.43961295580328
889028 212.00044934763937
890628 218.26486623857673
892228 232.3741237419739
893828 212.63919674052067
895428 209.42740399693187
897028 226.44726615777824
897121 -108.22089419625793
898721 218.73573239409924
900321 232.75805027984848
901921 201.07090971292618
903521 221.49242007608837
904168 -14.863858800209456
905768 225.57201510113723
907082 72.94776670351928
908682 217.01096374156563
910282 213.64100009744485
911882 210.98518981388517
913482 225.20830095303623
915082 229.34483301464715
916682 200.8692749106083
918282 206.2546840879374
919882 215.76753429582828
921482 215.0764263709515
923082 218.87965554817987
924682 229.28730895195724
926282 208.9747190650461
926824 -49.061058510710545
928424 216.5268135361473
930024 194.65200602611907
931624 214.71063773345438
933224 205.7043101189197
933569 -68.82701004767856
935169 215.87917117304934
936769 199.78691123394674
938369 225.4379812569216
939969 219.9223427035123
941569 221.2652855439688
941656 -111.24025412486989
943142 93.0597013361737
944742 215.59505857454835
944823 -120.76738583827267
946423 210.12934346142904
948023 208.69305212616771
949623 211.21605722162536
951223 229.46192426129394
952823 222.05669099077457
954423 218.25290752426534
956023 228.15527337171156
956140 -103.28365380727438
957740 191.31109892514422
959340 209.38820649452555
960940 204.86963202563018
962540 229.71442713739228
964140 221.9594391468751
965740 206.08998295432977
967340 214.51056504544943
968940 217.36699466859804
970540 218.2449375896265
972140 218.35264466491137
973740 213.569967446097
974509 -7.960667276083839
976109 213.0768437758544
977709 223.75078955350912
979309 206.90597299905045
980909 222.27361618830471
982509 203.11901947645038
984109 234.33012734621784
985709 215.2584004261078
987309 216.77040672124315
988909 213.09170744090397
989491 -29.055563813210213
989898 -60.95610167224952
991498 232.7941628028949
992634 60.947319989796966
994234 205.2292804215181
995834 218.22442144188716
997434 214.40598234573568
999034 221.62480191560948
1000634 224.9896573991808
1000711 -116.44265273633475
1002311 223.3604230740285
1003778 93.05929453149776
1005378 229.470547386352
1006978 236.11479595941293
1008578 229.93622539442717
1010178 200.47023661117993
1011778 228.40701471578637
1013378 231.88855845049991
1014978 217.5925311546659
1016578 227.1016375752589
1018178 202.4276291462058
1019778 235.9327637895135
1021378 235.93395670791952
1022978 222.05565877956005
1024578 221.33776894032613
1026178 226.85748872489836
1027778 215.93445526533347
1029378 221.9436746568617
1030978 233.87136970614648
1032578 208.7272826704512
1034178 224.55410964768745
1035778 220.3477161938862
1037378 225.2150880567024
1038978 215.3069695305882
1040578 209.3366643302881
1042178 232.19426978438392
1043778 244.95320844035624
1045378 220.2920925473737
1046978 237.6762011424176
1048578 210.35789750321177
1050054 25.773764478644864
1051654 215.73851498286453
1053254 237.53913171193716
1054854 238.62699613930934
1056454 227.5072970752362
1058054 230.64665208501802
1059654 230.6404172603185
1061254 242.22887259481345
1062854 238.37369059464476
1064454 236.02603401156435
1066054 215.37542225660152
1067654 229.0375042753272
1069254 205.41856968974997
1070854 246.56781838843722
1072413 121.92306104656387
1074013 225.3601080868736
1075613 243.59682171337803
1077213 225.52531204494971
1078813 228.36379663442787
1080413 230.26613300888707
1082013 223.9384670673244
1083613 236.0735734574148
1085182 250.15773761534018
1086779 250.1193978234343
1088379 244.79309582492758
1089957 252.21381682053084
1091557 243.4664834543994
1093157 247.80530257018034
1094757 230.1680349502498
1096357 242.40023691446126
1097932 247.92711684018695
1099531 252.50934590076986
1101131 241.4814287094178
1102731 247.9962068845173
1104331 248.08322285310172
1104455 -98.79627796784477
1106055 235.13811204858763
1107655 225.561761924964
1109255 224.45735320177675
1110855 241.024153917462
1112446 253.37293483067123
1114019 251.68382445569355
1115619 220.57971115481163
1117219 244.3371736454674
1117403 -89.3440361138545
1119003 250.41242427739164
1120603 248.06216315601142
1122203 232.1713245739898
1123803 228.0357020168815
1125403 249.21276634785414
1127003 235.83796163639138
1128603 230.99048093351897
1130203 249.8379355410944
1131803 228.87302551725935
1133403 250.65532599112368
1133523 -99.04653294621035
1135123 243.98007511581193
1136723 247.99503132435757
1138289 255.53275628891635
1139885 252.6726868129017
1141485 241.79219820361666
1143085 251.50437590454365
1144685 250.7313725401634
1146258 251.31915900315855
1147649 117.31924112390303
1149239 252.7270461497656
1150839 253.1889733242036
1151193 -63.32309172082614
1152793 243.82352126219206
1154275 257.12445686902487
1155875 245.8412686202632
1157475 243.87371312637637
1159075 247.27831764914478
1160675 253.38180898065187
1162241 252.16274718621372
1163841 246.72417629142504
1165422 253.0300558954305
1167022 250.99755911970934
1168622 251.2693414354431
1170185 252.16018611373806
1171734 252.727497165983
1171847 -93.47348895031338
1173297 108.03532536505699
1174876 253.29898113517393
1175841 31.55892555888005
1176174 -67.19542469587921
1176594 -44.766047164636404
1178194 245.04400590985088
1178873 -8.139432367458966
1180473 247.25772208429316
1182073 236.81760146682632
1183389 79.77746100486587
1184989 239.31057849271204
1186572 252.02812622718682
1188137 253.18897469296158
1189722 252.81954658570913
1191322 240.6808224474687
1192882 253.08335494255465
1193578 -37.448275007302044
1195178 221.67564584762877
1196133 17.566741345332872
1197733 247.76659770924343
1199172 132.81738936682464
1200662 257.43490029282907
1202262 239.589694549893
1203845 133.65364428318824
1205343 259.1217401810713
1206929 251.95679738765014
1207939 41.95726406392453
1209068 81.96052250461827
1210668 251.6243696740112
1210802 -90.53007349283435
1212368 253.6403830857515
1213968 231.43144929300675
1215568 243.4652448744758
1217168 245.72447849856488
1218768 241.572980579243
1220321 253.32744482151097
1221851 253.5094618051633
1223376 252.35125899985914
1224976 224.8980317884317
1226523 251.55824509825803
1228070 255.47126621400403
1228657 -18.367047199701787
1230257 237.20806904726365
1231857 241.75555062451807
1233457 229.95747533019656
1235057 245.73853587809637
1235331 -77.92824532900441
1236931 222.44992500851924
1238531 244.02602118842526
1239961 127.54634250598761
1241561 236.18610280521642
1243161 248.62549568368146
1244761 227.0515869427844
1246315 253.76772021277313
1247915 245.15035712689038
1248974 38.60349137385887
1250574 243.74441406842604
1252107 257.1419940882378
1253707 233.53780801474292
1255304 248.14961440278617
1256904 238.95463946307453
1258504 219.07135178015096
1260104 229.16245218954418
1261704 245.12250422985096
1263282 249.50042127608344
1264855 254.65079940118585
1266455 201.2797437005402
1268055 243.32079309326406
1269655 232.27273392060522
1271255 225.3557451321001
1272855 233.9881846186471
1274455 243.11174937334047
1274559 -102.17152329302206
1276159 235.59545941415712
1277759 244.03315025086485
1279359 219.8592113344185
1280915 130.7950498037172
1282405 257.28883114360485
1284005 243.0548393501342
1285605 245.95527162605345
1287205 227.88961775551905
1288805 247.98559466086567
1290380 251.44312128440086
1291980 245.2851182905411
1293580 250.2862255006857
1293696 -97.09400227758722
1294332 -22.80185629302821
1295879 255.81471810667873
1297479 236.39083269628094
1299035 253.4247800090401
1300579 254.67465973391975
1302179 242.6259339588062
1303779 221.59525004673202
1305379 249.0422713551901
1306931 252.08083008908298
1308484 257.7996394498947
1308951 -42.693191864904
1310551 238.26584514113927
1312151 238.04816764295026
1313751 200.8175910849479
1315351 245.95906620933263
1316951 233.462846740843
1318551 239.3058674399563
1320075 125.14542603215324
1321620 253.57572229549325
1323180 136.76885653355646
1324707 254.94402452402704
1326307 238.5208858346862
1327907 224.67104033129038
1328331 -55.86467195914566
1328402 -111.34604361116685
1329966 252.36616808766755
1330017 -104.89229257115535
1331617 245.19808046533606
1333185 256.1404417347316
1333385 -92.95808810286037
1334923 257.29763708217206
1336462 254.64065098161626
1338024 251.89685206155812
1338837 21.53471526247459
1339353 -8.525875548675046
1339766 -76.68429247504784
1341268 140.85564575028766
1342868 248.15499047367987
1343286 -56.421132584117984
1344886 232.98867114998552
1344935 -104.24090449339027
1346494 253.98300632869532
1348094 224.08051666640628
1349684 249.7285949394858
1350542 36.107037119127654
1352065 255.29577474239048
1353665 242.9188172569224
1355248 250.43668973798484
1356827 251.31167388091222
1358427 245.05953173425655
1358479 -103.0762649902006
1360079 239.60567428068936
1361655 251.3201254048512
1363255 232.9607765497575
1364855 243.05296876803843
1366450 250.4324587649869
1367951 256.16158443542645
1368477 -32.22253582132916
1370061 252.6660050782994
1371651 253.399121259679
1373251 240.55337395415708
1374851 243.37660334960626
1376439 250.86382098166686
1378039 237.2377025162536
1379582 255.54589842453314
1381182 233.42953884316174
1382726 254.94717855565275
1384270 254.93651439987372
1385845 253.15615487254954
1387445 246.19614350763462
1387731 -68.76521246310773
1389331 220.87648201394813
1389439 -91.35138878891617
1389992 -37.16792979947542
1391586 252.07804752627413
1393186 239.2200307657619
1393934 -4.550117828254855
1395098 75.01885226799797
1396630 253.68289369041176
1397482 47.157054859997714
1397598 -92.28968302141999
1399085 257.96753842471173
1400667 255.682472191906
1402218 256.79817273487464
1403761 253.4191614701161
1405247 258.5844509676684
1406847 214.32797433173647
1408447 210.40707297177678
1408613 -101.75759867340699
1408687 -115.29685662606235
1408779 -112.90887669694051
1409938 86.13328576409958
1411466 255.8154946213522
1413066 244.10089880186274
1414593 255.69107877400288
1416174 254.0597003267222
1416274 -102.4240933796869
1417874 250.65670495387482
1419474 242.38558481522088
1421026 255.7555787894151
1422597 254.73017990835203
1424104 254.08514638480784
1425550 124.70789291713916
1427072 250.87193729146318
1427189 -94.11877931470734
1427283 -104.20167736381168
1427828 -8.306751892550011
1429428 249.72890741976792
1431010 250.11747743785597
1432509 139.21891560535312
1434094 251.3919073594453
1435694 236.97600502644818
1437084 91.7433323489164
1438684 236.84540899896265
1440180 256.15593681678104
1441780 246.71782300517924
1443376 250.02354925411385
1444729 103.1174827604257
1444828 -97.54219836307534
1446428 247.15227526408154
1447980 257.4444127823811
1449152 58.014224841092386
1450378 64.9655731600553
1451919 254.64481408138118
1453436 255.5724666269579
1455006 253.19460652131335
1456606 249.07221177335686
1458181 252.02473889295428
1459781 240.18876762591736
1461239 99.55863891131776
1461588 -48.69941681641061
1463147 251.22760127094423
1464747 241.5131550648697
1466347 239.7815231261591
1467212 10.761874439258122
1468812 234.57674655350195
1470412 241.14119201455378
1472012 248.50926545148204
1473612 250.77299530948133
1475186 252.48985857491854
1476763 251.52565846437162
1477812 43.85515427452657
1479412 220.8929239285884
1481012 233.49895961397633
1482612 241.79826603800802
1484212 220.19163809579885
1485803 130.37117229959813
1487403 244.84847094746465
1489003 246.8377083933212
1490603 248.05284244907733
1491249 -13.719451016273908
1492849 227.09781396391415
1494449 222.0050851930362
1496017 254.11406895046136
1496160 -88.30805078758749
1496905 11.979703055072903
1498505 210.06613500572382
1500105 220.1315208943965
1501705 242.91774053575105
1503305 244.36978403183528
1504905 243.71587646368582
1506454 254.35642200923388
1508054 243.9150915696353
1509654 245.36063987468108
1511254 245.16936601251072
1512854 228.96923586343874
1514454 245.81164496464658
1516054 245.60682721028945
1517654 209.88958622994159
1519202 253.92916629671276
1520773 255.45991011861966
1522373 245.7329663306462
1523973 220.70764862905756
1525573 229.72959960205662
1527146 250.39407214127309
1528742 253.13349777682717
1530276 253.43324504626227
1531876 226.95075356640473
1533476 247.88838275811992
1535076 222.1036947683225
1536640 254.3643881919541
1537478 11.902218482840595
1539067 250.85445610874007
1540627 252.03795457336088
1540889 -72.35997098010466
1542489 246.2396373200609
1544089 245.12210481827034
1545632 255.57316096837363
1547192 253.30443975682797
1548782 251.0236224774602
1550365 254.17054677989796
1551937 251.7648946978063
1553537 240.591190217019
1555132 252.12449414553373
1555251 -92.57644971517475
1556833 252.07846360013832
1558028 78.1879214231798
1559508 132.07413838061376
1561108 241.9936898065329
1561965 13.231645021311422
1562890 25.791667181972215
1564490 244.6452879044294
1565367 14.573353874030872
1566850 258.8882792855202
1568450 240.73730425732214
1569701 62.204348131294665
1571301 237.49058395586
1572875 249.2179696796835
1574475 204.55309497168128
1574870 -84.6366439102317
1576454 246.5740298475315
1577962 254.61449571131527
1579562 247.64062582182302
1581162 244.08155617338207
1582709 250.83054074360734
1584309 232.61622633927317
1585883 247.68093565888503
1587427 252.19634235819407
1588988 251.82760867076763
1590588 245.65302407127868
1590807 -83.65797910011064
1592407 235.02438621637714
1592501 -108.05807146411576
1594101 249.53868797233125
1595666 250.71327533590429
1596754 61.073582066568406
1598352 250.11864554715834
1599154 12.292741883750011
1600671 252.82127955214733
1602271 241.30087564308974
1603842 251.89538303830727
1605442 222.49458380753285
1607042 226.38526071401907
1608642 240.662983272043
1610180 252.57896382570473
1611568 91.01169167681388
1613168 244.27822996714193
1614768 247.8142759422934
1616368 239.62752146567973
1617956 249.63073593299885
1619556 243.58919731999134
1621122 248.8988865802569
1622435 97.2586078982404
1624035 248.22354102689778
1625635 239.83732026366653
1627227 245.9637715933832
1628827 224.09217526567912
1630317 254.63134754609197
1631917 241.91516005299334
1632386 -37.156347376209304
1633960 248.95922208818817
1635442 253.19788460902188
1637022 248.74905032146327
1638580 250.3689454968664
1639275 -4.198044620109215
1640851 250.86888165624813
1642451 233.9640544653252
1644004 252.64317648980952
1645548 255.80580135805184
1647080 253.09368589772524
1648680 236.9578602589556
1649162 -42.80764696633691
1650530 92.96868477765577
1652086 251.4826570270923
1653672 250.21151783192386
1655212 251.59956883904738
1656790 251.27412161412693
1657131 -60.89771807351024
1658671 252.3014550998567
1660253 250.9553664424696
1660714 -50.113906342500485
1662265 249.33464735602809
1663745 258.72104661192833
1665345 247.90318770175168
1666941 249.23411135316368
1668541 242.77781607465576
1670070 255.12419579448627
1671662 250.56215612706774
1673242 251.24652161843872
1674826 248.40318484425933
1676418 247.5951127859832
1677979 250.09225907225024
1679507 253.93688621512908
1681107 242.32284363336333
1682695 249.72168551392
1684270 250.51015883973892
1685845 249.23329253479716
1687371 251.4208798982534
1688273 27.82814770867553
1689832 10.552109310983298
1691432 227.38996483986642
1692914 256.59284158830155
1694213 92.64904643608588
1695785 249.37209249368675
1697326 254.4301013915423
1698825 255.59021729036738
1700342 256.43717524522606
1701940 249.0365697770405
1703488 252.22199940804137
1705088 241.88327156343735
1706631 252.04969383416665
1708197 251.62692868799417
1709749 249.8512184199488
1710355 -28.77363551039558
1711548 78.73936385193122
1713148 247.24241294413739
1714647 254.33894542050547
1716247 229.46553632802977
1717811 250.52992734570404
1718686 37.05274701355202
1720286 235.25633717424833
1721886 237.47333664866895
1723474 246.4096401832034
1725051 250.8415764182843
1725452 -68.25525598618884
1726974 255.1656684730986
1728574 245.4829882895464
1730174 246.5456709197619
1730820 -7.1296808373761
1732383 251.90161706239857
1733983 230.56667006309814
1735520 249.1204131921587
1737013 257.2199328196437
1738536 252.08751349845596
1740083 249.41904415229382
1741631 254.21810582952506
1743162 256.1704352724837
1744762 239.8865793435052
1746274 258.1743721518368
1747858 252.2574523135502
1748487 -10.283771308910147
1749937 260.0535337103768
1751537 231.98806488590196
1753033 120.18017357486036
1754572 253.6091741378729
1756172 250.63849578649572
1757645 258.3171176044724
1759200 254.65081344730862
1760712 255.38912975683985
1762157 111.33425105414187
1762886 6.608860396502109
1763083 -80.25696175952348
1764617 253.28716383220987
1766217 247.39506683109312
1767780 248.3965602702463
1769353 140.42106135022365
1770875 255.92580055074913
1772475 229.94323936329323
1774044 250.60147120033614
1775605 248.24855118197138
1777167 252.0051674631256
1778714 251.75673741116904
1780314 248.56717877431478
1780725 -44.257314425814926
1782223 259.177409498044
1783823 221.71034331718838
1785377 249.48081350291264
1786956 250.48299764063958
1788429 255.80919469412265
1789998 251.14981807831546
1791541 252.3078464757865
1793141 243.94402141648393
1794658 254.22286592895307
1796163 254.41932223645162
1797736 248.08751742412483
1799311 248.24887353170683
1800911 -15.003829032668781
1802511 216.42580609496656
1804111 236.76018022601042
1805598 255.7564897945416
1807198 245.05661435780766
1808697 255.53995034193233
1809988 89.47246077196385
1811487 255.07031862470006
1813087 235.08043722024357
1814554 254.15565844369738
1816103 250.70358598814457
1817703 243.31952379573718
1819303 232.72680639856318
1820822 250.21039622776053
1822422 230.6762069365982
1823991 248.38757026786686
1824595 -24.71499895145405
1825978 119.59679881944183
1827547 246.3392258129382
1828394 15.47915791971458
1829896 253.24395514374154
1831276 97.76167129504555
1832807 253.331228036721
1834249 256.6540351889829
1835769 254.4842250835162
1837308 251.14353583515802
1838908 245.74547866574355
1840449 254.37230179997502
1842004 252.26114464087814
1843575 249.021853652685
1845106 251.24249254770552
1846706 227.4401547573836
1848277 248.41422971901744
1849877 226.049865036179
1851382 251.54241507176192
1852916 252.84925744994985
1854389 255.15844732058954
1855903 254.47705190264426
1857430 251.22679063732042
1858939 252.3253157945748
1860426 253.28318976552887
1861741 108.27054864244101
1863341 244.2978665311994
1864941 231.94059427003413
1866507 248.2653608045273
1868025 253.7243653630704
1869058 63.46423218485279
1870658 247.31210764230923
1872219 252.23170510862207
1873699 253.5714746753817
1875242 252.59331565462315
1876786 250.65628333165193
1878359 250.4725769652656
1879882 252.45715236169013
1881412 250.7695224048224
1882888 256.79399319586656
1884348 258.08851062854865
1885948 237.80775580614687
1887404 259.7072524214771
1888945 252.73912386263976
1890410 258.011106087024
1891986 249.11736313299443
1893506 251.32687659808752
1895031 251.92180176004263
1896631 246.75066019371283
1898071 259.57176713401833
1898604 -30.020983509770318
1900146 251.2810267678057
1901716 248.0115105424749
1903144 260.6999320335851
1904734 246.7065057468501
1906266 253.00265684438375
1907787 252.7437390955584
1909336 252.23087080195302
1910848 250.61184425829555
1912358 253.68751478698098
1913861 253.7653762464136
1915361 254.42209760483723
1916930 247.7667983250801
1918530 233.95953373539442
1920130 241.79838612926426
1921627 255.3191931364531
1923120 146.74209354778992
1924681 249.3359881244747
1926281 242.76615549684772
1927715 259.65508550602055
1928857 73.36624856550267
1930391 252.2038213934737
1931865 257.6169616475686
1933396 251.1366979552703
1934862 255.14061548323036
1936403 249.2923607095427
1937908 255.01351250898773
1939352 122.94040952449635
1939820 -26.896146633996324
1940715 45.7019876715857
1942200 253.3730448748447
1943785 250.48303984801058
1945050 102.0849251545772
1946604 253.36385934349752
1948204 240.16485573486528
1949713 254.43175423029695
1951276 248.87878709896236
1952774 254.4792808590723
1954275 254.2335628447715
1955720 258.30819743237396
1957222 252.65308045827302
1958779 249.24621172351632
1960379 239.2850968703825
1961930 250.29022743588348
1963419 257.86503109207774
1964946 250.60698281251138
1966440 257.43687374150295
1968011 250.77649057722013
1969580 250.6198744081014
1971057 257.1756815506092
1971360 -64.4936945142349
1972854 253.45831206153662
1974435 249.1359834324557
1976012 250.3770330051167
1977339 108.1886829645768
1978919 252.8936545308413
1979312 -47.634426472979875
1980815 252.75210017620918
1982341 253.53487082064905
1983907 253.67059930754496
1985435 254.95401490699496
1987012 253.0322517631157
1988325 105.27937608240026
1989911 251.41768189435683
1991417 256.38533615352685
1992888 258.92476287922835
1994428 253.47019641787733
1996018 251.34696125010095
1997618 241.24607340515132
1999218 235.9737943414051
2000755 250.96386070324402
2002267 251.7793010374142
2003746 259.0434539586918
2005346 246.58539976493805
2006860 256.5725351222385
2008389 255.369775760903
2009910 253.6363844537864
2011428 252.4250788677681
2012919 256.63363663650586
2014135 77.47126388507115
2015607 258.0652224204063
2017089 255.90872548095615
2018673 250.2217001117518
2020203 253.62381895776252
2021736 256.33135005541374
2023211 257.0563358650257
2024811 225.446120102561
2026335 253.5672890491556
2027935 250.9000964702508
2029413 257.72312382044566
2030865 261.46492922998874
2032313 141.95318280581995
2033908 250.41650018103104
2035341 258.7844263172292
2036777 262.24486202249176
2038308 252.6582560693237
2039853 254.78136640671843
2041453 236.64067295065362
2042986 251.37218152104936
2044496 257.65090711724326
2045725 80.10613083880861
2047190 260.2337785964663
2048783 247.82370980189722
2050276 256.3422946993099
2051876 220.4326709103983
2052437 -30.29261697824124
2053980 253.8721936799912
2055430 262.29076279735386
2056946 256.880591397733
2058518 253.64777542146786
2060013 260.0113722476405
2061544 254.42179643338707
2063090 253.77024942322046
2064677 251.1989697294085
2066180 256.24811937609513
2067685 257.1002781141122
2069262 249.42921516286387
2070772 256.74984202214637
2072270 257.4258193290829
2073870 237.20603200861288
2075440 254.55085559227163
2077023 252.84387191013803
2078004 56.32100423553396
2079547 253.07541914625264
2081016 257.15335538163265
2082500 257.8074998077774
2084037 256.4593326853636
2084458 -37.97981197649796
2086002 253.57045487299888
2087548 254.117528850864
2089110 250.92431903491612
2090634 256.6944585257133
2092142 255.63600443253478
2093690 252.40516564398283
2094747 68.57133004424733
2096265 255.5411280470085
2097770 256.1937648120224
2099266 255.01297453997176
2100515 89.20410192853288
2101984 258.6206046423413
2103519 256.97636823567103
2105026 256.99616516698813
2106561 255.2307633316209
2108068 257.41381198889104
2109577 258.59950462817517
2111075 260.07341573485115
2112645 254.07598323649415
2114201 251.63593800744277
2115772 251.5138142744334
2117331 255.42687421311334
2118863 256.7109388966486
2120331 259.1394083369635
2121250 33.112217626244245
2122727 257.4864512239771
2124254 253.0243652081185
2125854 244.23613229556895
2127381 254.30510563720944
2128949 252.27637373470617
2130475 253.60026650246274
2132024 252.1279109201245
2133549 254.1635091443448
2135130 248.5110370410564
2136700 251.403143657482
2137192 -38.31262324956121
2138792 243.71216529808922
2140306 255.50033158531647
2141844 252.97676479760605
2143365 252.84650939244037
2144879 256.435037251842
2146419 250.41218382813204
2147878 260.31535719663066
2149413 255.62180753634237
2150910 258.3150449253063
2152510 240.71438680427755
2154034 253.07117210879903
2155481 261.02057444891983
2157009 253.66747955406245
2157566 -18.03202248712806
2159103 252.58090608590223
2160703 248.18918365501668
2162199 257.57219095196024
2163734 255.0275977635675
2165325 248.77667475080816
2166878 252.12160147279107
2168465 247.80253819455913
2170065 248.7997973369782
2171521 261.0366900983423
2173035 253.11678395840738
2174593 252.1523235559452
2176176 251.37294792464837
2177776 246.37684819432914
2179325 255.70214518880078
2180868 254.14450919580077
2181211 -49.50347183114664
2182749 252.9140332640391
2184219 256.93872760048754
2185779 255.67843742210124
2187325 252.6409754854397
2188853 254.1733226963545
2190393 253.52400561506226
2191983 250.3474172958588
2193491 257.28386837335614
2195091 240.03166691785685
2196570 257.8040765558508
2198098 251.64066569708797
2199627 254.7038891509351
2201164 252.386134871722
2202739 251.9855514488187
2204305 252.86301473027916
2205877 253.3813343147665
2207437 252.8970028537513
2209037 242.98049560976187
2210586 254.55424835116665
2211919 126.30897312698224
2213487 252.93861899492765
2214976 259.5163347404482
2216562 249.88958945951092
2218084 257.8985605792374
2219684 248.76203868322648
2221238 251.65505398386642
2222731 257.6821454766677
2224331 238.3947881228001
2225925 248.28097590196796
2227317 98.76998468776935
2228798 256.98283960317127
2230299 255.09029337042568
2231899 230.23194761996297
2233362 262.29677973302495
2234921 252.6827491603219
2236467 255.74038417903355
2237960 257.38597858336834
2239548 252.9246410914819
2241013 258.74344223147
2242561 252.54768556698826
2244041 258.01320498990634
2245579 253.8388984771358
2247095 256.8599571433596
2248695 247.69719158731516
2250197 255.63618833848682
2251738 253.67380826406642
2253294 252.28014725358153
2254582 99.17170366540381
2256059 261.28602978358686
2257510 260.8092144790716
2259004 257.41170782946097
2260501 256.1152314572233
2261984 255.38663644692022
2263554 252.70555522831026
2265073 254.35186042628877
2266548 258.2320058417188
2268114 252.51741905908233
2269638 255.83856927328532
2271238 250.41855793412518
2272737 254.18727707830507
2273765 66.06404869218639
2275291 255.2114490106205
2276794 257.9408732737221
2277779 34.79783245623477
2279265 256.07301966975604
2280753 257.7579975971727
2282275 255.54089009711268
2283828 251.3225905470089
2285375 252.1582909349988
2286822 260.2397832588986
2288343 257.5179266279612
2289827 259.93086841523166
2291330 256.7540054584862
2291732 -51.64941203540563
2293244 257.537412052765
2293548 -66.53922940171512
2295148 242.8969071644331
2295951 28.87121133672315
2297494 256.45144213979626
2298994 255.72577546416775
2300594 252.90031720543774
2302055 261.6235727260437
2303574 255.81140677172803
2305104 255.87793461970125
2306633 254.61732080284185
2308144 259.1559767097807
2309715 253.63501516811837
2311217 256.2293634363317
2312731 256.99511103872356
2314150 262.3574477865224
2315619 257.97481935711784
2317114 258.6341252047591
2318654 256.4596267773041
2320182 257.5154954829816
2321071 4.212035063986832
2322597 256.3926546515321
2323719 79.8202046822098
2325202 258.91428840249546
2326776 252.49176913508046
2328032 127.4399186416378
2329487 258.898921845398
2331040 255.92519057432807
2331713 -1.9039944451222226
2333268 255.42384425667322
2334748 259.6757447614189
2336196 261.6888892586743
2337741 255.07168294836782
2339341 237.19393327496144
2340853 253.07593992579223
2342374 255.2596025010786
2343947 251.4654169711147
2345456 253.7127723909247
2347043 251.35971827027987
2348503 134.25145174024448
2349954 262.8397379068106
2351509 254.2471436923335
2352990 260.0515684221204
2354496 257.92174479996635
2356066 254.3519319149183
2357588 255.4790253898242
2359074 261.1121042447531
2360560 257.610843063175
2362139 253.8850286949309
2363663 255.18907666454257
2365246 247.39587943409322
2366089 34.896355374668445
2367551 257.3260462575281
2369038 256.235700287648
2370517 260.03522858049604
2372084 253.3928089700775
2373526 262.4668135063108
2374958 261.3536635577519
2376422 260.03074449393006
2376979 -18.761472263362876
2378433 262.08027809533905
2379951 255.36921488168574
2381535 253.0791163233496
2382976 261.9321584194548
2384527 250.8351572533109
2386030 257.2884653894683
2386428 -47.15180255677428
2387894 258.13826900131727
2389461 252.43156733987055
2390997 253.50990198315765
2392590 250.09773005370107
2394181 251.75828257918218
2395677 255.31708742895407
2397196 255.60098703251288
2398441 82.0120543762223
2399943 258.57291960743254
2401459 255.21258176512944
2401875 -45.110432226130136
2403447 252.35902384083235
2404982 256.33938103517403
2406582 247.722669757286
2408093 255.15161263821292
2409640 255.95173351041205
2411149 255.76496122843838
2412721 249.94511527187998
2414159 261.31246178832924
2415693 255.28799371810226
2417048 101.69665844964015
2418589 252.9614050701314
2420177 249.83055509433314
2421752 252.6398078862682
2423256 257.2002770151268
2424841 251.68314954316577
2426387 251.1332291675586
2427910 255.69289087487894
2429443 254.09731026742222
2430997 253.76274154252596
2432597 246.88374485841908
2434170 249.83674129543977
2435731 251.7558295859612
2437278 252.8623242415939
2438791 255.55882421124008
2440379 251.2543438928529
2441935 253.23435287531254
2443366 261.37725116780257
2444897 254.3996201917658
2446375 255.4038941503626
2447876 257.21111950424
2449381 255.9723654173263
2450836 258.81582377681275
2452335 253.52782241842627
2453866 252.8173635202241
2455389 255.4474453760115
2456928 255.13093518691326
2458466 256.37641628770064
2460014 253.02188303949072
2461586 252.69806158606377
2463186 248.78152743474502
2464777 251.34615925445993
2465858 66.31158072330751
2467367 256.37336209016325
2468967 237.94194361620487
2470567 246.72929700888224
2472121 252.17868607978843
2473683 252.20185303011138
2475158 258.82268948477434
2476661 257.1600347940858
2478081 258.978425904373
2479624 255.42736752130043
2481155 254.96990137456643
2482561 265.1001819387088
2484116 254.43985862421516
2485716 250.0157891655113
2487273 254.05886292002438
2488761 258.6571886269749
2490314 251.91938869528616
2491900 250.62499018649964
2493468 255.90740980054466
2494997 256.3229757813884
2496479 258.15045827014245
2497974 256.50323281536157
2499537 249.9529479477312
2500686 93.18642508447977
2502249 248.96131628940847
2503776 254.33159615735147
2505233 261.1403295013568
2506734 257.63710165280025
2508273 254.7224904825944
2509784 255.29080530421317
2511261 260.57043973706504
2512766 255.01377120408898
2514243 259.8499354651188
2515709 260.3579503740379
2517176 258.7668903401103
2518325 57.774316814211915
2519843 257.217861463488
2521332 256.35947114238934
2522864 256.0214992264017
2524372 257.4487023694331
2525925 254.84531470953021
2527436 255.2744696965795
2528947 254.13768435597882
2529597 -50.69457160685957
2531124 254.24393836126814
2532613 260.1064769128742
2534097 256.8190308978709
2535579 256.67773688228516
2537090 256.8789838567123
2538646 253.25382789873507
2540103 258.38896265480764
2541561 262.2542837638873
2543071 254.35591212403367
2544395 120.83768928485236
2545841 259.1312326885136
2547436 251.6230356878076
2548967 255.07927471601036
2550552 252.52540747362573
2551783 88.01329617419717
2553301 257.2820242535155
2554780 259.9499888752733
2556290 256.0443576279346
2557775 258.0731165269949
2559295 254.01660264360757
2560774 257.72429167515924
2561723 57.61255158054419
2563207 257.31443360314194
2564736 257.5127228797392
2566209 261.2687362595987
2567683 258.3902922893036
2569274 250.43144587158181
2569880 1.1504059835076248
2571107 80.08236705836364
2572601 257.7306665927039
2574108 259.37825972596386
2575604 259.55841292980404
2577124 258.16427708672984
2577417 -62.4307200295422
2578905 258.7360648835807
2580419 254.6930893466133
2581898 261.88274348496026
2583393 257.81139890388243
2584926 254.85744064449523
2586410 260.60248252267627
2587090 2.7677822997234927
2588517 265.14253355363826
2589991 258.78330784882434
2591457 260.06594007568776
2592918 263.2139447287186
2594457 257.1179963134553
2594727 -72.55915762065973
2596225 258.33674885518565
2597339 97.37236210358432
2598779 261.1981074122739
2600341 253.32874068065135
2601820 258.9751312684899
2603284 262.774356920086
2604776 262.1849831124495
2606233 259.2125436508455
2607812 255.76926575532212
2609412 252.38968928523175
2610919 258.77359173852665
2612349 265.7833876051167
2613905 255.34752163905463
2615395 257.2753200823306
2616927 255.91979774640745
2618468 257.1947660159216
2619957 261.31047341409646
2621539 254.61644865941054
2623024 258.68526099843774
2624489 260.661216928999
2625938 263.02448949675517
2627468 256.2723675137136
2628902 262.35561581858065
2630456 254.23955479382474
2631863 119.18701795941305
2633077 112.56081197041448
2633716 -0.9624269203031588
2635207 259.79468946035325
2636793 251.78910504846436
2638304 258.9492542057875
2639792 259.6757851109399
2641296 258.7054993895377
2642824 256.6548844109763
2644333 255.33823423665217
2645834 259.2297441957404
2647414 252.8920627407399
2648899 259.07775994576696
2650413 259.7295280501717
2651917 260.4616032098059
2653486 256.46769097608967
2655023 254.2161907695485
2656489 262.67010604243893
2656760 -75.91146133177666
2658221 259.3943628457172
2659669 263.3590108158811
2661160 260.6587445351897
2662647 258.57113726426365
2664055 266.0346853889096
2664536 -36.83467679870941
2666031 259.1770122067733
2667509 260.69244658294554
2669020 257.48668137177884
2670536 257.43373659769196
2672037 259.3173836937843
2673476 262.68588970886634
2674978 260.3579795612817
2676446 262.09662322865216
2676553 -95.04191202764834
2677373 26.909010342400222
2678898 258.23999425823104
2680498 247.79896693078237
2680993 -30.445342058771544
2681770 13.413366515872298
2683265 259.4753277118493
2684790 257.6187671631005
2685115 -52.41502836233872
2686566 262.94268712395666
2688085 258.53885666288267
2689567 261.93729346414716
2690292 -3.7661525799353086
2691294 70.72475706732538
2692823 258.3935283404793
2694407 252.8943600965392
2695897 256.846795216554
2697348 264.10245107201473
2698864 261.1153221930267
2700461 254.25625081356824
2700572 -93.21914859093292
2702056 260.45833376791967
2703490 263.0375683623245
2704999 258.2279491200604
2706514 258.8899835304705
2708101 255.88969977565273
2709639 257.16952294920577
2711095 261.3148765111269
2712531 262.2846795707375
2714039 259.1367922204105
2715482 264.5671893832878
2717037 255.71198765965687
2718238 88.75459639888308
2718345 -93.24395634055138
2719618 94.93416398517817
2720178 -16.153152671765568
2721683 256.80439465935837
2723191 257.26570929548694
2724667 260.5254668142379
2724856 -83.6664415815069
2726312 263.7737579574604
2727808 257.999886544366
2729303 258.78333486422383
2730813 255.15916363192218
2732365 255.14855628654917
2733817 263.6721537949191
2735307 261.46900662472683
2736808 257.70333797973103
2738387 253.53234595961936
2739844 262.2024047990981
2741311 262.33883803829985
2742234 41.259883766841455
2743235 63.742999970891276
2744654 265.34835276709634
2745847 105.96241716358165
2747307 262.5506013302112
2748790 259.7409534085861
2749239 -37.48670073361601
2750734 261.7672315291239
2751009 -69.74811606143415
2752507 260.46400988425324
2753994 258.4385514055571
2755411 265.50530838892456
2756893 260.10727992494606
2758341 263.0387894426645
2759841 260.35676915113226
2761337 257.53601714803176
2762840 258.1907793316438
2764243 268.10713779115514
2765786 256.5463956602741
2767226 265.7572035248622
2767634 -30.776592391141378
2769206 257.8862308930538
2770628 263.5468556774598
2771305 9.730850598029704
2772846 255.70067181093674
2774232 267.4415833240398
2775694 262.3740965184644
2777167 261.0554582321253
2778684 259.27676628330715
2780145 261.65589713498207
2781075 52.7379909459402
2782539 263.73958358273256
2784060 256.0675881970365
2785533 261.65248760692964
2787014 259.5289362696487
2788317 113.05509979172987
2788449 -89.30630381162743
2789973 258.8401016555935
2791505 257.51130338826846
2793011 258.5922521092696
2794565 256.4638274021323
2794676 -91.21459532614486
2796091 264.2176658693492
2796239 -91.43916150788776
2797743 259.8358407062991
2799296 255.57782202470224
2800793 259.3146306062559
2802282 261.9345695948918
2803158 45.18721951187709
2804671 257.63063652943896
2806164 260.44211339234107
2807725 255.89253342302715
2809210 257.42594917587496
2810710 258.98672930665276
2812226 256.50554923213565
2813676 261.91362380510014
2814244 -24.926660054812118
2814353 -92.92760328240631
2815844 259.2879544096264
2817311 259.31809138067206
2818892 255.0295930036061
2820130 94.02946923245241
2821620 258.97109274676325
2823137 258.12574726157374
2823248 -94.1871977992567
2824723 261.4906880911527
2826236 256.4672641630819
2827734 260.2985187669559
2829277 255.49795143937249
2830823 255.88753913799852
2832423 250.34487296743788
2833894 261.21744775520716
2835494 245.24948183276655
2836987 260.3662045771093
2838483 259.3483004740915
2839555 93.74543471167158
2841064 257.1816868268108
2842633 256.48482297053556
2842926 -67.27525846102961
2844515 252.61789590422515
2845983 260.60908925152427
2847442 260.88484790214284
2848940 258.04849466550615
2850376 264.7352095491386
2851931 256.4069718530583
2853497 253.32874872193887
2855075 250.21329210424872
2855748 0.8162741171736201
2857286 256.9371229635008
2858757 258.88515006281216
2860246 259.08005240815197
2861725 261.53329747787876
2863015 104.76127033985276
2864491 261.5653478621109
2865965 261.0669043938013
2867475 259.7901584141288
2868932 264.21713026498844
2870432 259.44076994888945
2871895 261.9942964009248
2872036 -83.52517887509055
2873636 240.90389587430658
2875139 260.5150523929508
2876574 261.234787533978
2878169 251.01782452659245
2879680 260.00858538983687
2881155 261.0852867982323
2882569 265.21207713460257
2884024 258.97080504286134
2885513 260.188732070583
2887113 247.21162407066294
2888650 256.1436215650616
2890211 255.07577206367446
2890326 -94.06661360730727
2890500 -87.61353970579648
2891987 258.76641866463933
2893441 261.1096440300517
2894990 254.45129481508906
2896498 259.3205657597481
2897966 262.4247772811631
2899452 259.7244742301107
2899559 -92.84351711846081
2901047 259.20343086533614
2902516 258.3743095945404
2904116 247.310637514298
2905693 253.08505112111223
2907234 256.34517294749645
2908445 90.94054283068962
2910031 254.15816374749295
2911605 253.94736900240653
2913086 258.4622196679475
2914556 260.81160035714015
2916099 257.5211326576386
2917512 264.5303955096826
2918931 265.7711232635893
2920429 258.516331047062
2921918 260.2812823899824
2923402 259.8122563249606
2924879 259.73925575480746
2925835 37.61587124307576
2927310 262.52122599411473
2928828 259.17098308760745
2930342 256.1113686721284
2931918 253.8288468700707
2933504 255.01961351434554
2935038 135.45826832954063
2936475 264.8381133591644
2938025 254.67150143734955
2939544 257.95060795736003
2941070 257.3859388195157
2942504 263.421232099667
2944068 251.8139424586802
2945631 255.39295204250493
2947155 257.82232699591304
2948607 263.57540630882824
2950113 258.5315701767754
2951613 260.19944517337467
2953092 259.4561656175133
2954634 256.45342843915887
2956147 258.2288072267164
2957589 261.8188708701336
2959049 262.48779999742254
2960580 258.9419342559175
2962071 259.4143679620021
2963554 260.7600642481107
2963956 -81.19958708903194
2964697 2.281954983801185
2966180 260.63984474850497
2967723 255.77278729450308
2969263 149.7280032517167
2970727 262.617425170997
2972239 259.30661682208483
2973839 249.92594309904706
2975396 255.28420538532077
2976610 100.94733071006351
2978027 264.69368604285137
2979514 259.3626430406184
2981045 256.7239993955106
2982578 255.9346196281676
2984178 253.1331350935258
2984843 -7.34628093301302
2986324 260.76269896237807
2987736 264.16239454691134
2989225 260.5112232327372
2990713 259.61849392407265
2992185 264.2396757903119
2993687 259.11691456313207
2995184 257.75628102742644
2995974 25.131768791080745
2997477 257.15564563169124
2998996 259.77397916529384
3000507 260.40796851286
3001988 259.25108064885734
3003570 251.91177654325307
