# reward.txt contains number of transitions:cumulative reward
74 -103.855592611666
1674 -107.15038751780651
1736 -106.3181680183954
1796 -107.29268009486483
1909 -116.91458710072283
1956 -113.22191173848944
3556 -114.9250194965746
3614 -112.4727954569639
3660 -112.28901841308797
3750 -106.15701421872681
4752 -190.71520628551485
4816 -103.38679964573744
4893 -122.5420601779359
4968 -100.8071329154633
6568 -106.01577772776699
6661 -119.66742673533324
6734 -100.70202745146366
6813 -106.33649050525483
6896 -115.81559098265507
6982 -106.66622180221292
8582 -235.03433200513706
8685 -102.93176765434134
8739 -112.17718965622309
8822 -109.18162761386236
8872 -112.73588328339781
8934 -108.26800135818868
8978 -110.86179588113073
10578 -107.5889894773438
12178 -106.49922018541939
12268 -102.51993433987474
13868 -113.66035820436284
14532 -166.3863180704157
16132 -111.40070105762585
16181 -112.32074526163439
16245 -107.07836290373714
16314 -120.0461874344113
17914 -107.78475238882208
17972 -109.92716028563989
18021 -111.70356263570177
19621 -118.6830081241409
19679 -113.41393086987051
21279 -118.34274287050637
21364 -105.09637309763332
22964 -129.2250423784966
23021 -115.0260838567422
23089 -110.90900704065587
24689 -109.09713813985753
26289 -111.17063339877005
26355 -105.25418502827424
27955 -116.88173122323113
29555 -108.26840420408622
29620 -107.1987400167746
31220 -108.9136744091535
32820 -102.45320123892466
32894 -104.58059156539353
34494 -100.74425743984314
36094 -99.30066906781704
37694 -97.17546160814987
39294 -105.10200677940043
40832 -229.55384572076278
40926 -109.52254752135494
42526 -87.52956999827664
42594 -110.54527041729477
42677 -99.40387893354769
44277 -94.55251742216574
45877 -91.65443659950795
47477 -89.43872268512287
47528 -107.69187219573433
47586 -99.19369493865968
47698 -125.70096457305863
47750 -102.91027117747441
49350 -94.76794642998483
50950 -90.64758048482427
50990 -109.44407084325019
51060 -105.62120023596535
51145 -118.00171412594429
52745 -88.26574901655924
52796 -114.83521967908617
54396 -94.7395546780067
54439 -108.80418839278879
54530 -104.67502460954027
54592 -108.08754426085328
54654 -107.79247977525355
54709 -108.83595768081955
54764 -107.15563612712579
54810 -115.23099262407236
56410 -84.76094282135388
58010 -86.94656692814878
59610 -87.03378948491374
59674 -108.17311261294223
61274 -91.38802421716562
61366 -105.16714934332296
62966 -93.48240584868738
64566 -83.81622132116165
64690 -99.5881841518438
66290 -87.94869308839411
67890 -96.72546947780127
69490 -88.14030222446296
71090 -82.19527689761544
71155 -113.68034536811336
72755 -74.38384843575467
74355 -86.1785948818274
74423 -108.57272794136901
76023 -87.65348913892466
76087 -112.8750310210896
77687 -80.57766623363152
79287 -83.60845365353602
80887 -77.23046987491851
82487 -74.8921161406257
84087 -74.80127256262367
85687 -80.95226117419945
87287 -75.52400823420669
88887 -80.75864049450115
90487 -71.42391402446174
90546 -109.5950326989664
92146 -73.46028179816655
93746 -65.24397417502415
93819 -105.59436046012429
93874 -108.52368652126627
95474 -75.49123051422339
95544 -110.09422587003063
95592 -109.27272530398207
95687 -114.05673967834252
97287 -69.48174290170273
98887 -66.08747648055721
98927 -105.74468526680829
100527 -73.12115905665952
100577 -111.7213537481924
100654 -126.20651390688433
102254 -72.96027803739291
103854 -63.77574405959011
105454 -59.918949534057376
107054 -66.6600932327056
108654 -51.390057360774925
108729 -116.94056169728066
110329 -67.62019691414699
111929 -68.20880280582394
112014 -117.93855862114276
112093 -118.25862144245332
113693 -63.71457152530979
113783 -108.21569167778082
113906 -114.76262803250303
115506 -60.84319578961164
117106 -67.93863459965705
118706 -63.62439449050269
118770 -124.05858093798099
120370 -69.10143645623515
121970 -62.05574264395436
123570 -64.10762638072929
125170 -69.71510956544854
126770 -67.08627973091698
128370 -69.36039147111586
129970 -63.75151975507471
131570 -66.55296380365397
131658 -125.91550454065514
133258 -59.844350015094506
133321 -114.71061875486126
134921 -68.85636985807614
135030 -112.85746611570195
136630 -71.23938444386921
136725 -110.57005251380119
138325 -61.190064818299696
139925 -68.65704526120295
141525 -70.98576026633324
143125 -63.50671403041926
144725 -67.06803706382522
146325 -65.48206839291885
147925 -61.54796628104701
149525 -63.152807818880945
151125 -59.84949410600959
152725 -63.164374259736434
154325 -66.47359343829497
154398 -109.22698649639636
155998 -64.06089508745875
157598 -64.99449664749636
159198 -60.46075277704004
160798 -57.36986763556636
162398 -65.56641116103228
162465 -114.39082295877984
164065 -60.0268104550081
165665 -60.64368207099008
167265 -55.899063892258056
168865 -62.1498106747059
170465 -60.008502015029414
172065 -51.387292639311376
173665 -56.14281758328716
175265 -66.78771976832148
176865 -53.93994514553993
178465 -55.711820865301405
180065 -63.176573383076786
181665 -46.871734914822554
183265 -52.893955303217616
184865 -55.16223945017464
184920 -109.91974839974816
186520 -48.24097848152643
188120 -49.016705805260095
189720 -53.59317857276345
191320 -48.696308161660525
192920 -36.405852977408095
194520 -30.617602922129752
196120 -24.965335765205978
197720 -27.231287653925538
197815 -108.54226795056525
197915 -109.3543062336482
198030 -110.38366038321145
199630 -21.791036398137617
201230 -15.302218461149684
202830 -26.365275685610264
204430 -36.99101375813094
206030 -19.59435785877583
207630 -34.15787037017626
207702 -117.79823014106229
209302 -11.057555472484188
210902 -22.00152734110258
212502 -22.29755803165094
214102 -7.767809346068642
215702 -7.246974917470781
217302 2.3487511713653726
218902 -3.69121602449257
220502 9.833639848239057
220562 -117.54879523755113
222162 2.111788403434672
223762 6.312614101745174
225362 16.68978279289665
225420 -118.23999340716377
225538 -107.11643282181893
225593 -114.2067755126475
227193 42.712924362534636
228793 7.312227101414142
230393 12.039133806192224
231993 36.86238233188734
232097 -115.63013358872787
233697 28.70494870517405
235297 14.024263722709682
236897 42.873641705365145
238497 28.18606125181418
240097 51.89088085716399
241123 -55.6657850269967
241210 -120.4896792255305
242810 58.221963728239004
244410 50.8209074681203
244477 -110.9154927300401
244532 -108.41119448209803
244590 -113.15985545623862
245255 -63.484054534186946
245320 -117.29412859036339
245373 -110.69089601459788
246973 50.39504340158269
247061 -110.9889547017434
248661 83.2748928459559
250261 85.80259022424433
251861 86.64145657029138
251939 -123.9251299532
253539 91.70904103653396
255139 99.16871074398928
256739 102.69536781425653
256817 -117.68021051385999
258417 60.50452403224391
260017 90.763610919796
261617 89.42453873108688
263217 83.09697299982282
264377 -18.441612216784222
265266 -49.53771799011033
266866 106.19207908430641
268466 134.68292627807088
268524 -119.85546857489994
269989 -16.235884330299953
271589 123.65772298285039
273189 126.86973098315518
274789 112.85992845244206
275320 -67.65990770560192
276047 -55.51030386580655
276241 -97.00478822941147
276351 -131.84126149514566
276628 -87.30218950962028
278228 108.63542540573043
278830 -58.38936168310792
280092 -7.417584082869098
281692 128.65118034254317
282960 8.069641779754178
284560 134.2425247625439
286160 112.97797948062794
286204 -114.11964362581944
286255 -110.78275473032208
286305 -116.97850381013068
287905 164.94627735917084
287965 -118.3173077336053
288023 -117.7262361317859
288078 -108.8932615107006
289678 136.37982473273829
290289 -54.41589966486344
291889 140.5776521175088
292856 -37.44020783447532
294456 110.67579308397195
295450 -35.114922539340284
296545 -23.998211597299786
296617 -106.41885601828123
298217 108.14570415021807
299817 153.25568265083544
301417 103.72408301243921
302908 17.343998538970496
304508 134.74187169346473
306108 151.21694500475988
307708 104.84969525445139
309308 157.91306379811482
310908 162.66304482058305
312508 113.92328373667182
312565 -113.42424196319095
312639 -123.49598162584566
314239 136.2976559116985
315839 133.58628199004698
315882 -111.15676079926205
317482 151.49680638946137
319082 140.2886649857585
320682 146.25009676660386
322282 144.7052929795378
323882 164.17040757577
325482 173.23312833316524
325545 -111.74332240268029
327145 148.72244095510683
328745 149.80217414779833
330345 155.33696834242795
330390 -112.49705713447743
331990 150.6122127362925
