# reward.txt contains number of transitions:cumulative reward
45 -114.80442750355323
117 -109.11074617843687
681 -156.54099822951105
788 -109.10848890181445
882 -126.91938518501632
2482 -108.47273256227275
2523 -107.39174343770183
2587 -106.36695547523473
2639 -106.15174021935672
2716 -103.88890310310883
4316 -101.74912417793038
5916 -116.38262407806766
7516 -122.19304780881014
7583 -102.84103432909338
7653 -116.68400937322217
7708 -107.30527130599258
7781 -118.74454359357867
8877 -160.47424981439693
8950 -106.24905622721114
9014 -113.7102619909191
9200 -129.568347993277
10800 -106.83250356933422
10881 -113.51489710156433
10928 -103.76692265505282
11003 -117.85907920672682
11069 -117.01678060398002
11152 -103.10891444232067
11200 -102.33959108105115
11254 -112.3187736197412
11321 -104.27311804849592
12921 -97.66736984680749
14521 -102.44238113340805
14612 -114.99962165585082
16212 -101.65501770291053
17812 -95.96780674039483
19412 -95.60722136752983
21012 -90.49663814292198
21093 -111.77671154064065
22693 -92.37282160273388
23516 -176.1094977098282
23585 -123.43250476790779
25185 -98.7850761254095
26785 -92.45827762500898
28385 -92.45354526064763
28439 -106.8040939604522
28521 -98.8009601393831
28574 -99.77418137851792
28687 -123.80943692055594
30287 -97.5825361542696
31887 -108.61058990604744
31952 -119.91546236436753
32052 -120.78446383815135
32138 -119.11902330920472
32211 -106.54985774374194
33811 -93.45758531084124
35411 -96.09050940237225
35473 -114.84321553659564
37073 -107.56931964436279
37157 -116.02990405810873
38757 -98.86428389718742
40357 -90.26016942404051
40424 -118.32759053635908
40503 -116.96343019095622
42103 -92.0165430219975
43703 -91.77951778888536
45303 -92.27571871254291
46903 -95.65860382455404
46965 -107.36904102626566
47041 -101.00255056886127
47116 -107.95101771546342
48716 -97.90695384823854
48765 -108.89702270049477
50365 -99.63152485704973
51965 -103.50964789542891
53565 -102.61060232805285
53650 -117.14598739257889
53748 -108.31299932272795
55348 -99.96073289550208
56948 -94.97045369965987
58548 -93.44620121947572
58626 -116.98911711874045
60226 -96.79478691863028
60271 -104.18737062208355
60343 -100.45196757099265
61943 -99.53328052027787
63543 -93.27996578600752
63602 -114.65666633941234
65202 -100.1744343539121
66802 -111.48992428923954
68402 -93.70783523912122
70002 -97.47992697572349
71602 -101.58161121160094
73202 -102.82448853742916
74802 -101.95778299841788
76402 -85.79444563692276
76460 -112.48711692850695
78060 -103.3845061705019
79660 -99.35324954970504
81260 -100.96694245533769
81356 -122.57235101980717
82956 -92.68662291436824
83032 -103.01683409181486
83118 -105.81528884627731
84718 -91.3454911201973
86318 -91.39042623788093
87918 -83.40538792399367
88163 -125.47392772172577
89763 -88.44926472082477
91363 -99.86705260480961
92963 -95.51658040802667
93058 -105.9073340036956
93154 -108.96173518177557
94754 -90.91049948634254
96354 -93.54742755745903
97954 -83.807443597151
99554 -96.02898283018546
101154 -89.12414045301391
102754 -87.92026496294014
104354 -86.3089699532272
105954 -90.84686737944584
107554 -93.27077169843452
109154 -80.86834103993758
110754 -77.30073122071605
112354 -76.75869153878403
112419 -108.82833958188134
112460 -110.38755700268285
114060 -70.56122942436485
115660 -75.84580095113336
117260 -72.72374878718831
118860 -70.51311344657537
120460 -69.3383751551657
120524 -117.38999848655301
122124 -68.69185491549204
123724 -66.26562225936047
125324 -66.15257972464775
126924 -60.942546111094096
128524 -73.63091252710642
128611 -98.72363643527589
128677 -116.75641254817074
130277 -69.92366411203149
131877 -69.38083598998682
133477 -70.39258626512384
135077 -68.99973749925567
135447 -135.53730643795527
137047 -68.3339792725214
137125 -121.79219129659003
138725 -65.06662916444951
140325 -68.38323715935053
141925 -77.11859016303484
143525 -62.556171617491145
145125 -64.15823137674474
146725 -68.10858038477048
148325 -69.90214486182293
149925 -66.66844010889658
151525 -64.51958731646221
153125 -67.1330070159964
154725 -63.034867544600175
156325 -64.32152487711417
157925 -64.07378426445524
159525 -62.60359680185224
161125 -65.30966892740419
162725 -55.48218037024583
164325 -60.27740505001752
165925 -64.55319533860097
167525 -55.55908844318119
169125 -54.93482629027401
170725 -57.00578875536905
172325 -56.81818317053589
173925 -55.21480773791356
175525 -53.296041096512894
177125 -52.759085843524645
178725 -54.71801883486352
178796 -105.24089835951538
180396 -52.19804933352211
180448 -106.26837269928306
182048 -51.33716074633968
183648 -53.87721908353025
185248 -45.78663733790688
186848 -41.025264606679485
188448 -51.79454919634097
190048 -35.44036095587705
191648 -48.775109245885105
193248 -38.40625760704954
194848 -45.86945350467786
196448 -35.79595709976492
198048 -35.83048908900597
199648 -33.14692289651966
201248 -36.44414261178088
202848 -23.096295962062364
204448 -21.684926968637853
206048 -9.261943766552946
207648 2.8608237467923425
209248 15.347022206864589
210848 23.30540260778614
212448 34.6001588438203
214048 31.116627523135783
215648 40.84374434956721
217248 55.66337615725984
218848 34.9223413624552
220448 47.20750598542764
222048 56.79127024604694
223648 58.76161289181254
225248 86.7850193405548
225733 -82.99739021301596
227333 91.36686112730807
227469 -107.48882898483735
229069 110.51202152392636
230669 101.52263608432371
232269 96.19180310667593
233869 79.82499685391842
235469 116.63084970782192
237069 96.82579787998893
238669 120.11747689885816
238766 -105.51172299524521
240366 114.66841603820873
241966 137.1738977598716
243566 143.98409827952207
243716 -102.73117425011657
245316 118.90195352748846
246916 123.13660993444508
247045 -100.54043863319605
247150 -101.13596706949485
248750 142.68321338843742
248800 -115.95606745716432
250400 139.28253728500565
252000 143.85820920785844
253600 146.9061746349489
255200 123.65592827422174
256800 125.46671395397904
258400 152.30878864317037
260000 125.97039997653361
261600 141.65950992407485
263200 128.2026388133272
264800 146.43529093664054
265068 -98.18933211333677
265300 -101.39894754011681
265412 -103.17905198195204
267012 168.10788091231584
268612 146.0946614403789
270212 153.16379615393643
271812 140.56124322199116
273412 131.3698594590432
274205 -57.036980586607584
275805 163.81232884556965
277405 166.90286891785064
279005 158.75625150217337
280605 152.07912472037395
281204 -32.17545636035375
282804 145.4058844409563
282890 -120.14887501527991
283473 -39.83859691536431
283571 -97.15487940824902
283711 -97.38210215708241
285311 124.33914601697782
286800 37.77438263289076
286929 -104.06704411237314
288529 135.24591778939975
290129 146.98011843688428
291729 113.70216838374355
293329 154.03762711232986
294929 150.77512587960354
296529 165.366675550202
298129 161.12022413064926
299729 142.64132508563318
301329 160.7329983689406
302929 176.2114161406628
303087 -100.55650029889433
304687 173.6111545515984
305561 -18.370291284464287
307161 151.6803054641397
308761 175.07988662855269
310361 159.86499958989577
311961 172.3008370648369
313561 157.40852519382034
315161 164.8390678945533
316761 159.05082508507343
318361 157.46172692084298
319961 165.22539574476056
320320 -77.86409616476081
321920 159.53581945014935
323520 181.0897812070031
325120 149.71788241426432
326720 157.81970547401542
328320 135.75033797299932
329920 159.49502603899043
331520 163.3589377920094
333120 168.41114718296188
334720 161.400614198452
336320 158.89698535731748
337920 184.6405827541795
339520 160.85882206913735
341120 166.06818936686528
342720 170.27248056133786
344320 170.59494024237827
345920 180.02158831746183
347520 176.2984255273588
347637 -107.75396780009258
349237 176.9036473295894
350837 173.74125628691672
352437 174.04988684270066
354037 174.71613165896687
354242 -99.55769526087182
355842 166.41849933926716
357442 173.155539080507
359042 166.4480934657204
360642 179.04759474146283
362242 166.66875657969328
363842 167.62113478381278
365442 171.15776770625686
367042 151.74171574693173
367294 -92.24989532110189
367978 -40.956619522602956
369578 150.62988601776715
371178 174.29444065806757
372778 171.34821729311955
374378 160.00729663821156
375978 187.91689959536532
377578 182.67166765187469
378509 -16.1624725844774
378927 -61.213045313872996
380527 194.11853187415576
381113 -57.333866009471954
382713 194.17485304295877
384148 65.78653079091265
385066 -29.590655605096998
385366 -76.01294506987682
386501 19.268741991850945
388101 193.6999149313635
389112 21.06216405374279
390712 195.70665887082242
392312 184.13405207858264
393912 177.05485292205137
394573 -33.75702632222419
396173 183.1516968366712
397773 176.35992822802316
399373 175.1282901168233
400973 160.42320665222937
402573 183.28679876116058
404173 180.40842848506767
405773 158.7797021550722
407373 179.6765167512482
408831 50.39999542229393
410026 21.8601852200446
411626 161.82834120558363
413226 179.84278492132393
414826 183.70349999857947
416426 186.38941406591255
417225 -24.821599451298766
418825 168.3012494951058
420425 173.26925476441235
422025 158.96355169484718
423625 163.92261496593918
425225 187.12666460883446
426825 175.97142235984964
428068 45.69327550039242
429668 185.0668097628389
431268 174.9757700447696
432868 184.03256910590585
433278 -69.30043191758232
434878 186.99936950524906
435711 -22.696336288449075
437311 194.47793994621406
438911 187.47584402536464
440511 163.68280731156656
442111 168.1457156800089
443711 188.43770291634468
445311 181.9631859062205
446911 173.2725760241536
448511 173.67888982371434
450111 183.36025903798614
451711 189.63612602174848
453311 189.47077292829783
454911 177.36633376153304
456511 215.66668560630498
458111 176.41088493890177
459711 191.20723812788984
461311 199.23446408907543
462911 186.30534905484794
464083 42.48424901198476
464306 -83.3374638982198
464828 -47.9893796664377
466428 172.4736711957756
468028 190.39907202533047
469628 190.11288301664402
471228 200.7429077129028
472828 191.02851659655397
473729 -1.9987680366908478
475329 182.9528564948676
475844 -50.4913012781168
477444 189.04494793727008
479044 183.48728093849428
480644 196.69896219559052
482244 195.28286287800978
483844 202.9780795715741
485444 178.85487352726838
487044 191.46243506431378
488644 174.93536529075857
489739 30.478066317606817
491339 192.9387864958217
492939 203.71925240043356
494539 197.24129427441494
496139 194.98192520185555
497739 186.04312635049985
499339 186.3132142536961
500939 181.1444755434924
502539 188.20501173789106
504139 183.86638548120578
505739 202.47227449299757
506879 24.08356525512643
507649 -21.865442102715434
509249 205.1692531216434
510849 196.9643999774676
512449 190.63931161831692
514049 194.6339889991736
515649 199.80284385952493
516999 68.01556748114018
518599 203.77725656829776
520199 199.67157343598475
521799 196.75293307111826
523399 199.29668004896172
524999 202.97772562534408
526599 187.62492825430215
528199 201.03698744267516
529799 186.84319456341169
531399 202.7917743677714
532751 64.26031104068488
534351 196.14677055298756
534918 -39.12728130267067
535728 -16.674847832523966
536427 -22.946993407829638
538027 208.7253334099935
539627 209.9493183756325
541227 188.14691873652214
542827 212.62624005197534
544427 216.16565282817965
546027 190.19051716269607
547627 205.8707908483149
549227 194.6471710424092
550827 195.94852975966464
552427 209.64632408567783
554027 211.4506975220072
555267 52.473408423576046
555994 -20.2462901786311
557594 210.0956487676792
559194 208.6595326211735
560794 203.45804760087526
562394 191.55798589007745
563994 185.2021521895334
565594 191.31846317446042
567194 204.7720712191766
568794 190.6727171180426
570394 204.89418033344194
571994 189.28503298033158
573594 206.21455284580998
575194 209.47144948491697
576794 191.0319795291279
577009 -92.49073833531949
578609 208.0095608169212
580209 207.3718625846931
581809 209.74516231305788
583409 203.99214218237063
585009 203.53676625742602
586609 219.62352150730538
588209 223.2167781004745
588623 -62.774051757761
590223 209.10266757900047
590666 -63.50149406532137
591888 43.3763212748172
593488 211.23684521253244
595088 195.26406787316807
596688 206.40176997954288
598288 206.8481505056586
599888 217.09821291123887
601488 215.16335270619362
603088 213.31237619251388
604688 205.38899563599102
606288 213.80278555064493
607888 175.62813287803024
609488 213.86123673653827
611088 203.43269836097733
612688 212.69171895647142
614288 215.00454754151647
615186 6.844175397723788
616786 185.43021966926196
617707 16.649300303896283
619307 210.36439127740562
620907 217.2480658848383
622507 210.88477969326215
624107 212.0051296324465
625707 194.55110950950242
627307 204.6867467686087
628907 183.30837669720196
629743 -6.395773214213193
631343 206.06549479647268
632943 188.64683120486364
634543 221.15914145995743
636143 215.97304440329557
637743 218.8190083084444
639343 219.5099551270277
639946 -32.42794783428526
641546 208.19721638029694
642443 5.410468994009548
644043 202.91705336321675
645643 197.90821981962682
647243 188.4650747434645
648843 204.34816487936672
650443 215.43981793055988
652043 200.85379436092734
653643 216.33540317300486
655243 211.47101340000347
656843 183.74645582859935
658443 210.61660755763037
659545 42.102704582810645
661145 215.74610977829133
662745 209.80741701238333
664345 213.06846616299373
665945 208.33768184304597
667545 208.62719969388291
669145 219.39078510199985
670745 218.3368973173225
672345 228.4957554217985
673945 200.95265052016933
675545 224.08086384159418
675633 -108.56884261401618
677233 215.44831470932223
678833 207.05409029673612
680433 203.0974503629337
682033 193.47559928681287
683633 223.65087009099133
685233 193.90513481469821
686833 210.60466711983827
688433 205.8300496642689
690033 209.06745834494495
691633 209.80585027822227
693233 220.86738853039353
694833 212.88687471755208
696433 217.29062506440988
698033 198.23145740636411
699633 220.05963794784415
701233 210.22952159333917
702833 206.136403603428
703280 -50.235370405960204
704547 51.10242577942313
706147 228.9231837470775
707607 85.53278760817747
708412 -4.842089697122091
710012 225.09422672693307
711612 224.64466205539676
712353 -17.618791213045256
712648 -77.31473039238777
714248 215.23522756233635
714401 -100.99279444207251
716001 215.55969578853959
717601 212.56639101546259
718403 -5.297838138892672
720003 218.36490600647238
720847 5.014356471951416
721312 -102.47437152848565
722912 202.04726291461083
724512 210.97789713417959
726112 191.33193370077475
727712 209.62545007028785
729312 207.50839059379874
729895 -36.27704446110498
731495 207.83115291854645
733095 195.30683935955696
734194 29.893882882879268
734828 -36.49498162699417
736428 209.28266314340433
737211 -68.8126601216051
738811 200.75772778815147
740411 203.73447168165623
742011 216.5917304958421
743611 189.31172309910434
745211 203.36504384079677
745827 -43.248358878443014
747427 203.30118734926486
749027 196.0120199337172
750627 211.292502850012
752227 200.12700407488748
753827 183.22359516173992
755427 205.44471577099577
757027 211.88910060213627
757925 14.196480718653802
759525 209.00512760948556
759626 -106.91509987837324
761226 199.1277879057081
762826 180.33066889807813
764426 182.8293195046364
766026 220.1709406140868
767626 217.3928178525244
769226 188.6560717213068
770826 217.0996729862569
772426 220.2066882420275
774026 194.1539384179309
775626 206.595223317538
777226 202.45244110621596
777943 -5.310978917369383
779543 190.52869918603292
781143 211.0276293900938
782743 211.80623595942254
784343 214.00307322418217
784759 -102.42286843421373
786359 206.21823928322164
787959 213.07056641946804
788080 -100.15591564512563
789680 219.3810557737847
791280 226.0653953809459
792880 223.894843640263
794480 215.00914284146853
796050 108.59097600616985
797162 35.01997327448237
798421 61.67913563759387
800021 210.4377329044837
801621 210.89236675818884
803221 214.71827281459503
804821 197.3395861246854
806421 208.02829707225996
808021 218.05358937697852
809621 216.17540560253474
811221 214.9531014097836
811573 -64.97953928636943
813173 224.50049014420048
814773 222.28687680049435
816373 221.00411245666842
817973 229.53447906952573
819573 193.10679204755502
821173 223.95709168150083
822773 208.02108291494966
824373 218.37914609265403
825973 218.88781329151513
827573 197.7519092835316
827700 -101.69793336113666
828441 -7.706876733090866
829335 -0.43999345891735686
829481 -101.5016571434699
829645 -99.9436275975996
831245 188.20285486872442
832845 168.89299017094208
834445 217.9539411820685
836045 191.54681661106815
837645 162.42052412740517
838065 -68.07771195488984
839665 205.02036582004337
841265 227.82113215632492
841607 -79.48590864504254
843207 227.1391062881778
844807 207.99016697171118
845820 5.173900689955161
847420 229.75861403744182
849020 201.07887629856071
850620 208.60339411535966
852220 216.46068842642538
852722 -50.96939373330583
853396 -25.086471040309107
854996 211.67955822429477
855315 -73.7362245051358
855585 -104.33641621065016
855842 -84.43273135471651
857442 226.4322305684114
859042 218.15616370402753
860642 201.08034586620184
862242 215.28625971012997
863842 216.55385504421568
865442 204.62292764100323
867042 222.91213436232192
868642 216.86028785158786
870242 204.04876976437077
871842 175.9520355095897
873442 202.80433490708407
875042 215.1515408400712
876642 193.54084857023264
878242 220.37018384540957
879842 163.43993255934893
881442 214.96383460767433
883042 206.47904963114996
884642 214.7316458951118
886242 229.38862635227255
887842 225.26134574091617
889442 211.42608220484738
891042 219.99707396106464
892642 223.88680420327773
893763 55.25735461585711
895363 226.7837817839376
896963 224.34397201856186
898563 215.34048904882957
900163 224.54611833064348
901763 211.05900988559668
903363 208.5139798142439
904963 206.53106689818765
906563 208.67552611230573
908163 222.00330904107133
909255 43.617104031296776
910855 192.36647405896477
912455 228.1543492327132
913662 52.800883196413565
915262 224.3524914664179
915378 -103.56023577591652
916978 206.56581890302436
918578 209.42031186605138
919506 20.80430078835596
921106 221.14969567083833
922706 225.8760129688336
924306 231.44219691580363
925214 3.9234490175583687
926627 76.98200252501957
928227 217.67243157146302
929827 203.54069359149148
931427 226.26958554521678
933027 220.11209520406416
934627 233.91660631992144
936227 215.85687149695502
937827 209.6284358065398
939427 232.05854069253851
941027 229.8432677614633
942627 229.88266931476497
944227 228.90976656934686
945827 224.6347912769403
947427 221.34958315805642
949027 221.19916862189794
950627 227.14053323084462
952227 217.72138733020356
953827 233.2839483035147
955236 93.89168215107597
956836 227.64970226644004
958436 236.39527056854024
960036 224.985570267181
960961 33.313366398968526
962561 226.63878519760289
964161 219.92774843227377
965761 232.08959956565425
967361 220.885932881944
967487 -100.84322111741453
969087 222.61482359727134
970687 225.04621687486627
972287 191.79269480078725
973887 225.60886261923187
975487 236.4687361508084
977087 210.88789385868048
978687 233.02794594539074
980287 234.2220896093702
981887 232.43794016636943
983487 235.8503364385906
985087 231.92194542123062
986687 228.58020493304113
988234 119.36792473229573
988740 -57.650612305631846
990340 229.6163943324877
991940 235.97732202308225
993540 230.73073213290246
995140 228.8722889832618
996740 229.3029664768063
997294 -28.033282574210375
998894 216.40082287168727
1000494 232.43225458062804
1002094 222.39480299606493
1003694 228.7716267256794
1005294 210.72510591451965
1006894 216.6484801553294
1008494 229.7973403184304
1009853 46.519242463780444
1011453 233.2044085164871
1013053 229.27126712926525
1014653 226.43345701073503
1016253 222.69458277219897
1017853 212.98445822024422
1019453 229.70451513667103
1021053 220.40893929462166
1022653 239.8757280679505
1024253 228.94841292458526
1025853 235.8570680260266
1027159 80.89649063338072
1028759 224.2523654698428
1030359 221.1886186079557
1031959 210.62963517766488
1033559 224.99750072951358
1035159 229.99185254727405
1036759 220.36494754154216
1038359 213.33828195595402
1039959 233.67002932808919
1041559 233.90091814143588
1043159 220.78690608442264
1044582 97.49173599595531
1046182 220.95428529247658
1047139 22.292563865808006
1048739 226.35465008731813
1050339 228.42704630064776
1051939 230.97059331054732
1052089 -101.6074043736315
1053689 224.8819412405657
1055289 239.83166069179168
1056889 227.0715935457831
1058489 219.3476477173244
1060089 210.3767774185119
1061689 230.1036420335544
1063289 231.32477467978407
1064889 232.17843859687247
1066489 221.82814877662008
1068089 229.81853036831433
1069689 222.6535596029249
1071289 225.745157612489
1072889 234.1808436761242
1074252 75.3062997107742
1075852 233.74191468997452
1077452 215.00602433965975
1079052 234.62124083844796
1079538 -47.19831923701924
1081138 222.1949026081778
1082738 224.44622165255362
1084338 217.5236247016453
1085938 218.75030211153694
1087538 224.8661947783327
1089138 230.41213531945635
1089671 -41.22677438707341
1091271 221.36250001758174
1092871 225.72392098900548
1094471 224.69187780759484
1096071 216.97866347142957
1097671 227.5962648153111
1099271 231.3700366579138
1100871 232.71139326759592
1102471 228.91296754337037
1103060 -37.4708875649037
1104660 215.1057752443636
1106260 228.32259799185692
1107860 216.19326225397452
1109460 226.09318462335034
1111060 225.5962887500918
1112660 227.26327361804618
1114260 227.01546893947878
1115860 225.19213110423152
1117460 228.619391477839
1119060 233.71754124129097
1120176 29.151432526392284
1121776 228.3029190996392
1123376 230.96144764454803
1124976 233.54234578799418
1126576 236.42011238296442
1127127 -33.33089152452975
1128727 227.89139860005346
1130327 226.83398192520693
1131927 224.26370512257236
1133527 224.5149443797732
1135127 222.01080590896663
1136727 225.97647309053585
1138327 224.72657911641446
1139927 230.37458761297287
1141527 220.86303107365467
1143127 234.0275620016219
1144023 5.972452105269582
1145623 227.62222457771432
1147223 226.7123038625632
1148823 232.17133888170176
1150055 64.13244591094048
1150435 -66.02235564793958
1152035 228.398484214206
1153635 231.07016819428927
1155235 237.17563766538927
1156835 218.98136654152304
1158435 225.44589934984626
1160035 225.4101232915606
1160554 -35.34971692343055
1162154 244.7527393885994
1163754 243.69261197665514
1165354 229.67017823638366
1166954 236.2908639432341
1167073 -102.41971333626284
1168673 240.2436553831437
1170273 215.9366227668662
1171873 222.8626317734491
1173473 227.24776552982695
1175073 236.40112682508834
1176673 230.89703508230141
1178273 218.33299101852415
1179873 222.58563965833667
1180266 -71.7770156750589
1181866 226.83938572928426
1183466 225.62791964598046
1185066 223.41292684078917
1186666 224.35099976253719
1188266 231.66567175585942
1189866 227.40130385102444
1191466 225.00689120862765
1193066 229.87464126977912
1194585 112.04986004354333
1196185 219.10024488269883
1197785 225.17735374934378
1199385 225.0395471379535
1200985 202.48245201441424
1202585 225.9023744679882
1204185 218.2075522122611
1205535 81.5193467855577
1207135 225.54257638557857
1208735 214.5812369727465
1210335 225.92790132067768
1211935 233.31380497455632
1213535 235.58954910459596
1215135 227.29669997807193
1216735 230.01657075335788
1218335 229.97970921214073
1219935 226.20476226217232
1221535 226.5961127110072
1223135 234.87527524685908
1224085 26.92598448641671
1225685 240.12767937853587
1227285 224.60768866748862
1227395 -102.58764001315149
1228995 225.8329470003126
1230595 224.18508856184954
1232195 221.88321958612468
1233795 233.915018735113
1235206 90.01822226790532
1236806 225.2915231810534
1238406 231.0325527281136
1240006 231.21579309332745
1241606 224.5704489092285
1243206 231.3451518389866
1244806 228.2632591086771
1246406 232.6166357932752
1248006 234.32892202701308
1249606 215.8428910890544
1251206 231.26037109764613
1252806 231.6939992982873
1254406 231.85092655910643
1256006 227.33023729932248
1257606 232.2422419117821
1259206 227.10143064936938
1260447 71.8507925469296
1262047 238.02045740238614
1263074 1.9150118656810804
1264674 230.45811412911263
1266274 221.09056795521008
1267874 230.01371129121202
1269474 226.5483422726365
1271074 229.28737018748743
1272674 235.79447249709543
1273428 -4.753569330335026
1273528 -110.77987977312567
1273632 -102.93145652211022
1275232 219.8184148556249
1276832 238.04373853224982
1278432 232.25832968278323
1280032 229.54041058662307
1281632 225.29300992770908
1283232 237.13065837939098
1284832 233.69906578265574
1286432 237.82326538411442
1288032 230.22371463021756
1289632 234.89726288670144
1291232 227.28665025568816
1292832 237.6613174986164
1292930 -110.8077952756298
1294530 238.78236790488629
1296001 67.73180565146711
1297601 238.2646398551536
1299201 233.54248326645205
1300801 237.27729372284335
1302401 232.4937933698646
1304001 225.93461715555406
1305601 236.81367698413317
1307064 109.85104759384365
1308291 66.97852983992209
1309891 230.57881900425343
1311491 229.30810513897802
1313091 222.84152046291268
1314691 225.40532278072948
1316291 227.72247484606018
1316799 -45.99185253350252
1318399 233.6877840505663
1319255 -11.278174045463885
1319763 -45.3578228123899
1321363 236.10123251249385
1322963 232.32641939742007
1324563 240.53180234708796
1326163 234.40727498743723
1327339 65.57492253258314
1328939 235.8853684801685
1330539 232.60869376851147
1332139 226.73315850032918
1333739 226.64454380792188
1335339 229.72921985065204
1336939 228.521060579392
1338539 230.64126182794388
1340139 224.9489172763878
1341739 232.37514200822085
1343339 233.01722968405
1344221 1.4729218881475248
1345821 240.9894073386621
1347421 233.4296327440275
1349021 238.91486733771364
1350621 233.7328790322379
1352221 216.97935713033309
1353821 220.90007489554026
1355421 229.57383668528817
1357021 223.54428945847772
1358621 230.76185410438904
1359030 -59.86748092485064
1360630 229.67207306704006
1362230 232.3777009633544
1363830 226.94985901884223
1365430 227.90732576625587
1367030 226.6676004607363
1368630 239.80865986507902
1370230 234.00980135593886
1371830 232.30271589664707
1373430 235.71964200431856
1375030 232.77774962860002
1376630 233.70940798244342
1378230 233.36480793343856
1379830 231.9836866313968
1381430 240.5805282627174
1383030 228.21274920083604
1384630 242.12644087487837
1386230 238.07178367027365
1387830 234.17478023311065
1389430 228.78973673549342
1391030 226.53582391821408
1392630 237.0647604828368
1394230 233.2034924942642
1395830 232.97441758422227
1396698 -9.308399812600157
1398298 244.38275296513598
1399898 222.55102398896597
1401498 240.7626246421964
1403098 236.19754028287397
1404698 233.38067656520505
1406298 237.85845840322173
1407898 220.0061389905431
1409498 235.06384999703855
1411098 236.20717939566006
1412698 223.65059684964802
1414298 220.16363075697674
1415898 236.53128124762807
1417498 229.9766388307506
1419098 238.24545114496618
1420698 241.2882662673036
1422298 249.3608439334707
1423898 237.16788374112588
1425498 237.90067485850267
1426514 36.05973728093264
1428114 234.3789278757967
1429714 241.30484886376706
1431314 239.0078841903061
1431732 -89.06194688046756
1433332 248.12614675925684
1434932 231.29517869549372
1436532 228.63995897377058
1438132 239.7255435386437
1439732 225.3758318212058
1441332 229.2019177194612
1442932 232.74488638700342
1444532 223.54752364731678
1446132 227.52407996846037
1447732 244.62843785794377
1449332 242.6929950278858
1450932 224.1347957349049
1452532 235.2441206142378
1454132 223.7027237125594
1455732 234.10509902160655
1457332 213.70613246954542
1457695 -71.29413118585576
1458183 -44.7756497351655
1459783 232.5254490749755
1461383 238.33747854461777
1462983 235.3790205655104
1464583 237.3552397733718
1466183 245.70514270853198
1467783 224.47905514849487
1469383 230.89958862386175
1470983 236.79612579203464
1472522 110.0054593498804
1473062 -32.03985497354226
1474662 238.39842975717244
1476262 241.25190448265258
1477862 242.6961983281006
1479462 227.98091989004496
1481062 229.0105968607005
1482662 226.40535444921886
1483215 -39.530087089885036
1484815 237.88612768314178
1486415 243.2467669369077
1488015 236.36214089312125
1489615 235.46601394240656
1491215 244.0894659019915
1492815 239.34371484466035
1494415 238.52910218335637
1496015 237.21306030286726
1497615 232.17291964355624
1499215 239.59294725491617
1500815 236.27807614565867
1501244 -52.963875715613966
1502844 245.68759952104753
1503520 -8.64868404281944
1505120 246.00775644947578
1506720 236.07513769397835
1508320 234.97451449871437
1509920 222.65884868964855
1511520 243.53091745862045
1513120 235.02382324582757
1513270 -95.49630261855759
1514071 -3.352575556745151
1515671 244.93655989552173
1517271 232.3794225413009
1518871 239.31936423020827
1520471 241.04526803533582
1522071 230.284856877048
1523671 238.6879136070299
1525271 221.70208386504316
1526871 246.58708625420778
1528471 234.41103549107137
1530071 225.3887754534215
1531671 234.36368625866874
1533271 215.1030216213267
1534871 234.05205060521223
1536471 239.87619205959464
1538071 239.36060819862917
1539671 250.5224800179601
1541271 239.89738831350198
1542871 245.54597740677147
1544471 229.9651169129148
1546071 239.35547884983893
1547671 232.40370788048844
1549271 235.80662899109146
1550871 243.05930152400825
1552471 243.3088453182469
1553777 67.07285878988466
1555377 246.08331302409695
1556977 240.10454285549864
1558577 250.68642936813282
1560177 245.98782133111104
1561777 250.8208427848512
1563377 230.59558758916342
1564977 244.2908512369832
1566398 114.2831717788687
1567998 247.3069854231993
1568513 -38.78278720818706
1570113 247.06764304815397
1570195 -110.40282621902662
1571795 238.98503175936312
1573395 237.05540798420128
1574995 239.32661801267218
1576595 246.27868985743734
1578195 237.021277290214
1579795 232.45045888265574
1581395 244.14807434001327
1582995 248.6559377821555
1584595 248.07560700168477
1586195 240.9950155206609
1587795 241.291782225555
1589395 237.06310989731278
1590995 238.52928439564275
1591601 -29.628188133794794
1593201 248.71697567875293
1594801 240.6930085497385
1596401 242.93369367922693
1598001 241.8976338221965
1599601 227.7038501915914
1601201 246.03733658544695
1602801 207.27794271417397
1604401 240.38296536024825
1606001 248.51327391441194
1607601 221.07497655913045
1609201 241.94338928423014
1610801 249.92811145813755
1612401 244.83916100528134
1614001 238.89709388452528
1615601 247.97759708607802
1617201 236.47193311445076
1618801 241.93319979923126
1620401 244.82772961524688
1622001 244.3547517414926
1623601 251.83071407177442
1625201 237.4881994677149
1626801 221.320336174859
1628401 249.0094253589473
1629523 56.629376634075584
1631123 239.01584885096918
1631274 -94.65782138027964
1632874 249.08431263528266
1634474 249.56659257675955
1635351 21.38876280804918
1636951 252.7629393199031
1638551 241.4068058960207
1639936 101.82428562831734
1641536 239.65310898987258
1643136 243.69480695063433
1644736 232.37293738182862
1646336 241.71766146601942
1647140 -2.3386053066253822
1648740 242.35416230481346
1650331 81.77742694262736
1651931 232.20354848669845
1653531 241.7327857372154
1655131 241.57507339961825
1656731 237.60738416522037
1657827 47.026612416635004
1659427 241.44852879375375
1661027 234.12811429849012
1662627 246.38640949636715
1664227 250.07953638611417
1665827 232.51780273107897
1667427 237.08359571315816
1669027 248.9583727679225
1670418 79.44063711965936
1672018 242.3141184908588
1673618 221.48719523672466
1675218 240.79271618704882
1676818 256.93637854487616
1678418 239.17569016145686
1680018 246.62582422114588
1681618 245.66842343905455
1683218 249.68680695530162
1684818 251.42033707990902
1686418 251.80152749671774
1688018 231.8235927420701
1688826 0.6066162266065902
1689872 45.36875515671488
1691472 234.10534676368135
1693072 241.88000367627592
1694672 244.78411414942926
1696272 250.51253618270184
1697872 257.9659278390067
1699472 243.80573549592978
1701072 242.30976261627742
1701588 -45.12227701334905
1702334 -51.33037065027024
1703934 244.12473545073507
1704646 -11.30844773246298
1706246 253.70388914345406
1707787 131.33375056281483
1709387 248.687886523304
1710987 246.51293069464725
1711319 -105.1778911642339
1712919 242.11758562397935
1714519 246.52405205038457
1716119 242.2288037043197
1717719 248.6600224869647
1718397 -11.15054861363096
1719997 250.44427530170623
1721597 250.70522129812952
1723197 258.7092231044598
1724797 236.4294818312855
1726397 246.33988001926102
1727997 236.19277148335303
1729597 244.85761775888813
1730525 23.336942996760826
1732125 235.9412376548257
1733725 246.07261247752862
1735325 249.77502697540905
1736925 244.91537725137962
1738525 256.20209310329824
1738989 -49.99456108503792
1740589 249.1091802186235
1741171 -82.70794995424461
1742165 35.218370322676236
1743765 244.16782057966407
1745365 247.91520256298253
1746965 249.6378303427729
1747691 -0.35153613338691514
1749291 249.11407767338127
1750891 248.2602016128382
1752491 246.74769614002494
1754091 238.450229403195
1755691 253.62536636875816
1757291 244.18087578180652
1758891 239.6958254662064
1760491 246.976675119305
1761620 73.61884474305967
1763220 235.8015489460027
1764820 245.46301844468604
1766420 243.61622630572882
1768020 249.5379513285208
1769620 244.8400516895422
1770437 -34.154803877623166
1771200 0.006163513847312174
1772800 238.95682057947397
1774400 248.37950501228897
1774757 -57.7069368930285
1775688 33.28520438071462
1776825 70.33674071659127
1778425 242.072395575172
1780025 233.6139244938756
1781625 242.40184224034357
1783225 256.3121456450413
1784825 246.67669716101597
1786425 228.41980827217535
1787087 -7.728183847799087
1788687 243.4150244945625
1790287 233.30964999136415
1791746 123.58876590268889
1792111 -57.38452047196838
1793711 247.13700126317585
1795311 238.04854309808934
1796911 253.09173529204045
1798511 243.03469035461464
1798832 -68.91520635352468
1800432 248.17673429712607
1802032 254.15028632102948
1803632 253.56347390487886
1804275 -9.111682715660663
1804867 -61.74322044536226
1806467 243.06518229380023
1808067 259.4445763330502
1809667 247.64442835633642
1811267 247.25110993783724
1812139 18.362985440918024
1813739 244.02138027819348
1815339 239.61003098606122
1816939 239.34074929951575
1818539 245.43496387577053
1820139 254.99978452631174
1821055 25.978708268488973
1822655 240.00255470977103
1824255 246.62873920201488
1825855 250.12523332877834
1827455 254.92532954033797
1829055 248.71209007370598
1830655 245.41599228201883
1830900 -76.43402498040038
1832500 249.58063880248486
1834100 238.17793602560195
1835700 258.91607651986845
1837300 244.5699327397244
1838900 248.1077934643372
1839642 -2.2671153218530407
1841242 251.39288728283265
1842842 247.5320756296584
1844442 238.59869637498218
1846042 249.69115176159332
1847642 255.98838481590707
1849242 252.66758047751088
1850800 123.43230667692376
1852400 258.792855255901
1854000 252.9433275120861
1855600 245.3268736659877
1857200 242.4765201188756
1858800 248.8078597269842
1860400 240.47281575650393
1861907 129.9472042716973
1863507 240.95855847935957
1865107 248.27140367431437
1866707 236.36768980971422
1868307 236.26532521470625
1869907 252.8753109234419
1871507 251.2069976942421
1873107 252.1368021163435
1874707 241.86160170366549
1876307 246.77760306208566
1877169 20.105435479505516
1878769 253.7178486220395
1878891 -105.3427793681665
1879439 -32.38208226406043
1881039 249.61294676504681
1882639 257.5348655547784
1884239 245.8744610976678
1885839 247.2497646239509
1887439 239.2278818721094
1888616 67.7118396491461
1890216 237.66489530445088
1891033 -15.397307423276231
1892633 238.78270893996373
1894041 108.2483368525485
1895641 245.51119989627182
1895949 -68.45498574537288
1897549 246.27104579017708
1899149 244.1819815058426
1900749 255.5554419769683
1902349 240.22973356618886
1903603 76.68132477941111
1905203 254.86382303411548
1906803 253.56360376208545
1908403 244.33246345682673
1910003 251.92320941271748
1910721 -7.997091462621157
1912321 247.91325396715686
1913921 245.88825348628717
1915521 256.2616940554085
1917121 249.53758351770136
1918721 246.9329848404143
1920321 231.7812905304861
1921921 244.57427306890315
1923521 250.85359138272565
1925121 252.08496509156305
1926721 253.33748796203034
1928321 247.75282386220195
1929921 244.15099969901672
1931521 257.3064037207495
1933121 253.312350129667
1934721 247.69448555602457
1936321 249.00421533770805
1937921 248.09436753847353
1939521 251.31460191465726
1941121 255.59291684622298
1942721 249.48302433158
1944321 252.09271222804819
1945921 234.54158480988667
1947521 258.59664210937564
1949121 242.0069620726139
1950721 248.20530241694902
1952321 248.4751508345089
1953921 255.9208771510713
1955521 254.28932824596225
1957121 252.01547874323398
1958721 241.92333969553204
1960321 248.47051886192395
1961921 241.97771513231064
1963521 249.16641186341633
1965121 252.15954630428266
1966721 247.99641044449245
1968321 254.38502009052112
1969921 249.34626405238728
1970676 5.469022670223566
1972276 253.22085031382122
1973876 255.18925584667863
1975476 237.9155044028492
1976207 -8.265872282613103
1977807 252.70498729790043
1979407 247.12903868190395
1981007 251.57748360244324
1982607 242.83688662754923
1984207 255.80974120223152
1985807 251.96171268974044
1987407 251.87336894406943
1989007 244.39674475411047
1990607 244.38960426193805
1992207 250.4659706946254
1993807 256.58095163012456
1995407 255.43165550103436
1995747 -56.74104075283494
1996213 -49.92485441239893
1997813 254.58071340887335
1999413 253.4700570333924
2001013 243.65085963485103
2002613 257.04243555899546
2004213 253.76534913250177
2005813 255.8747976178596
2006527 -5.12607878274747
2008127 256.0574926710492
2009727 250.59553949919945
2011327 237.81877516849414
2012927 263.0310087668108
2014527 262.94825786310093
2016127 255.9200868155087
2016476 -61.79767102044388
2017910 117.2591256056283
2019510 251.45906727328085
2021110 251.79745440312342
2022710 255.74970198481617
2024310 245.14076531934575
2025910 251.42577261842467
2027510 246.96244941816147
2029110 232.49709818466025
2030710 244.8379394450845
2032310 247.5465086284022
2033910 252.02277564440473
2035510 250.94473048531827
2037110 249.7736864922129
2038710 247.89037795160266
2040310 253.91878896411797
2041910 253.3416956834508
2043510 251.49448504180978
2044462 35.049338487799616
2046062 255.32691602672412
2047662 248.70015643619823
2049262 253.4205994962112
2050862 254.24944504427427
2052462 264.6638152407548
2054062 247.43648374846435
2054146 -100.93525559689787
2055746 255.65464486111998
2057346 248.09580942152593
2058946 240.64855536192988
2060546 237.91902847862843
2062146 257.54696395103764
2063746 248.14273218098967
2065346 246.54276954747198
2066946 241.83335323684756
2068546 244.506697872632
2070146 249.94115017924463
2071746 237.8753859914356
2073346 248.7919989663046
2074946 243.88817597644783
2076546 250.29688303496877
2078146 242.33670709584445
2079746 237.97879596520198
2081346 251.56073456600356
2082946 248.13011073427754
2084546 248.9503949454915
2086146 245.81114334598647
2087746 248.18233736919876
2089346 244.41165477640985
2090263 21.11552652140867
2091863 237.71839861108975
2093463 241.19224679776758
2095063 252.64127300422342
2096663 240.90050683944804
2096831 -106.99795257650068
2098431 246.6071080192947
2100031 249.67769282956547
2101631 254.78426581989052
2103231 249.31383055000325
2103742 -48.36782290353536
2105342 231.26936663879115
2106942 241.77648097914448
2108542 249.9791738643542
2110142 247.98479603316457
2111742 250.4785242821625
2112787 45.91682274587802
2114387 253.3660145404791
2114623 -82.1217856167145
2116223 243.08765406332978
2117823 251.4037208100991
2119423 239.93931896737888
2121023 242.83697154406948
2122623 248.5944650010926
2124223 239.31944903266245
2125823 256.3760787367444
2127072 60.28339289546685
2128672 246.03922033090632
2130272 242.41121192483826
2131872 248.59053973362265
2133472 237.78742841862004
2135072 241.05612353086292
2136672 252.5054355084408
2138272 238.7294346300543
2139872 253.50249165571492
2141472 236.81823984258062
2143072 251.6226295898112
2144672 226.93833689252568
2146272 236.32348456641168
2147872 238.87142745896122
2149472 245.3093956748382
2151072 245.51070406316725
2152672 255.19800678290107
2154272 255.9877762017055
2155872 250.19398777306407
2157472 208.4283804943893
2159072 260.46902578689287
2160672 246.50104351359985
2162272 253.23614702533396
2162341 -100.50861305100844
2163941 247.43977519217154
2165541 247.16611779406028
2167141 253.94386729471336
2168741 243.7822479165029
2170341 247.90946832330008
2171262 16.43222691612084
2172862 250.90018164673293
2174462 251.60513645024278
2176062 259.7566487765284
2177662 261.7509560407878
2179262 236.3409500780491
2179641 -70.48632830672773
2181241 257.36889787518146
2182841 261.2957970774588
2184441 256.0697035936036
2186041 259.54700108955785
2187641 252.00058962447957
2188582 29.331596732525185
2190182 268.12118841275804
2190838 -18.50017669112239
2192438 251.35420893595997
2193782 106.51689271250174
2195382 251.2246963141316
2196982 257.10916411354196
2198582 252.93982874773468
2200182 255.58168823181066
2201782 228.9596774420091
2202994 66.28273654770777
2204594 254.79864502891897
2206194 243.23779360017394
2207794 250.89726572108114
2209394 259.25698546793825
2210994 256.13099117639484
2212594 256.67087167331863
2214194 259.79828091963225
2215794 251.49596313507303
2217394 256.2335993710019
2218994 257.17998839974535
2220594 249.14050689977998
2222194 256.90337079027097
2222773 -72.4277329116932
2224373 254.7767789746143
2225760 87.89649957737035
2226537 12.043817738196012
2228137 245.6198467930141
2229737 248.29042840939448
2230593 14.527806738765378
2232193 252.14484103139873
2233793 259.0742391604023
2235393 247.83784611919285
2236993 245.0088577847656
2237574 -25.076043379742018
2239174 243.07131489900152
2240774 249.271446638332
2242374 245.9368969359636
2243974 255.04647251314063
2245574 248.59479779603714
2246485 30.281442735229945
2248085 243.0550507131682
2249685 243.84198775606728
2251285 246.878390766702
2252885 254.1270201556809
2254485 242.57355481388012
2256085 258.32073447397136
2257199 66.92391188617981
2258799 261.6602459083385
2260399 245.63519005469718
2260991 -30.575952191920933
2262591 251.8467758375841
2264191 253.18696625415583
2265791 263.1679691531397
2267391 251.61361885109733
2268745 80.99085073405132
2270345 250.25614473214827
2271945 255.8289110620065
2272526 -27.88181371265712
2274126 263.60882294632535
2274984 -37.14828234529695
2276584 248.20992493142057
2278184 242.44618847060846
2279784 249.0748172550277
2281384 246.66895750587034
2282984 242.98526320767755
2284584 253.31549635572256
2286184 241.94662493642144
2286503 -65.14599434681918
2288103 254.3563080574169
2289703 249.53048697430842
2291303 238.84780777208027
2291960 -11.470330635620897
2293560 263.52046369939876
2295160 240.850272200862
2296760 259.0672557639766
2298360 243.12509451617532
2299960 258.9748058507132
2301560 243.1334396423372
2303160 250.13418825376695
2304760 252.86244392640162
2306360 256.06145341874844
2307960 260.03238013229856
2309560 251.072862916414
2311160 255.61485028972282
2312760 257.09716658053856
2314360 258.5896384747271
2315960 257.3179008952747
2317560 242.14890102911784
2319160 241.73209902703323
2319789 -15.09304398163502
2321389 253.79681401865864
2322989 248.76912277859796
2324589 255.15931969068168
2326189 244.9179721545806
2327789 249.94397147379507
2329389 247.78590076061735
2330989 248.07855580501314
2332589 249.77046659655502
2334189 245.94117313163963
2335640 126.2866108963336
2337240 255.98329143118835
2338840 241.07350071200497
2340440 263.65695171170194
2342040 251.8416563917588
2343640 253.61647989838804
2345240 260.1646896698435
2346051 1.1869665023361335
2347651 255.9829179538954
2349251 263.67818551037317
2350851 262.6326230648848
2352451 244.60980231033014
2354051 262.79412839360066
2355651 261.2330770534365
2357251 236.92439210292608
2358851 249.8107137466641
2360451 251.43535018679435
2362051 254.16359457718218
2363651 250.28982801231317
2365251 249.26122579627838
2366851 255.16242883159586
2368451 262.4081805264937
2370051 256.72318312201196
2371651 256.0195868322498
2373251 264.9002392678511
2374851 247.16525410359048
2375398 -39.11084096716533
2375823 -52.30032239305102
2377423 257.65668565802787
2379023 247.65277696971805
2380056 29.940274593200996
2380301 -89.02769386394633
2381901 259.6760948362782
2383501 264.45802793900333
2385101 257.91652903635264
2386701 254.84440364670735
2388301 260.9044063226304
2389901 257.19471780679896
2390361 -44.91507408967177
2391961 248.69046129761045
2393561 261.14539642387507
2395161 260.01281796580247
2396761 260.6386920165606
2398361 255.79925775478614
2399961 257.1134730230061
2401561 225.22723693478693
2402055 -38.17652422650094
2403655 261.85378992092086
2405255 264.5871102649056
2406225 41.77928523649743
2407825 258.7550732376385
2409425 270.2144636593458
2411025 259.32990531627576
2412625 254.0694630959479
2414225 264.4859568474257
2414744 -32.02813646637894
2416344 254.24096134439824
2417891 132.6450960804267
2418980 57.69388580266002
2420580 258.2564529010609
2422180 259.0869206962829
2423780 267.42172854744445
2425380 251.24210821285192
2426980 258.39778498754447
2427646 -41.35433167510168
2429246 257.1271006904743
2430846 266.813916342597
2432446 252.6099523561812
2434046 267.57107385250816
2435646 262.7619466315851
2436740 65.35891724130079
2438309 142.5271083282706
2439856 139.41124223780892
2441456 261.5627496150192
2443056 253.63959611570093
2444656 257.04484894609107
2445892 68.97607264192345
2447492 260.410179206444
2448979 119.49892040031548
2450579 253.28069556712234
2452179 261.5182402197468
2453779 257.23137051154913
2455368 157.42236879821718
2456968 250.73467834239008
2458430 124.5946712623468
2460030 256.7522645853243
2461630 255.79029376345784
2463230 247.76625325673126
2464830 255.6372656516524
2466430 258.4235910340723
2467384 27.183226800758902
2468984 261.20571821488306
2470584 248.26734128596843
2472184 250.00637219117195
2473784 258.8334431345987
2475384 267.1602223288973
2476778 121.84230977678317
2478378 253.77031151063855
2479978 248.88795040660005
2480498 -35.79601405208115
2482098 259.03962372003133
2483698 249.23836713069585
2485298 261.59909325605395
2486663 111.67301667062483
2487157 -42.07243801055727
2488757 251.9300923087108
2490357 234.07254283820703
2491957 252.480399835794
2493555 144.44649425722758
2495129 134.1131247414911
2496729 261.1576305027088
2498329 251.4755370991045
2499929 260.5675937725351
2501529 257.5388446571507
2503129 255.87148728326093
2504729 255.83015280064805
2505911 81.42758012312908
2507511 253.80867689828253
2509111 257.0622347166523
2510711 259.0126863258244
2512311 256.05592372808513
2513911 250.90235346721516
2515511 252.80372699744956
2517111 251.2832297384919
2518711 267.2822756393973
2520311 249.00531646481568
2521911 256.62032506346185
2523511 257.0214929203977
2525111 251.86052712026972
2526711 259.6933051551056
2528311 249.18155418295345
2529911 243.4935401823795
2531511 257.923361746574
2533111 258.27467306420147
2534711 264.4652790451802
2536311 263.2428823828923
2537299 40.3992486064146
2538899 258.1952047877694
2540471 131.0448491832701
2542071 254.34316377040992
2543671 249.59517229692574
2545271 260.21144107636536
2546871 262.3890999654825
2548471 252.3634909789381
2550071 261.3389106039867
2551671 245.32343602823
2553271 248.82922698971493
2554871 252.0898018744105
2556471 253.89821396545415
2558071 252.29726191986876
2559671 253.49679425093848
2560531 18.97084458236327
2562131 252.32405355523824
2563731 255.0653041012489
2565331 251.71073784477773
2566500 68.0607996066017
2568100 253.42308711971847
2569700 246.7647488566975
2571300 256.76859996578156
2572592 99.08294137812726
2572985 -56.48309812811577
2574585 255.17935351316586
2576185 245.70070581397192
2577785 260.1136241386552
2579385 245.60622080663038
2580985 250.15202974991323
2582585 259.28546375876243
2584185 263.4030570819868
2585785 256.44236759627927
2587385 252.68584958931555
2588985 250.58887104030902
2590585 256.8575592177582
2592185 250.11513229147914
2593785 257.1577477973315
2595385 258.42609886414675
2595735 -66.10554042336032
2597335 264.8901983998337
2598935 259.38446159666813
2600535 252.5523273393559
2602002 137.59752578656585
2603602 260.3890702502542
2605202 255.80766566495296
2606662 97.18065302939834
2608262 250.51644377661393
2609340 70.64076582115331
2610711 99.85138481740032
2612311 253.89571567644654
2613911 260.1860009685739
2615511 249.47131832702982
2617111 256.80627734160845
2618711 261.37578001734516
2620311 257.0822734369741
2621911 258.09018168199754
2623511 245.33627505963923
2625111 250.3009562520743
2625752 -18.96164747907416
2627352 258.1048765199309
2628952 264.66468106766376
2630552 260.4526528046298
2631643 59.871950479622086
2633243 245.58294120426996
2634843 275.7817781210996
2636443 260.8386939053011
2638043 262.1193958340624
2639643 264.9606628283557
2641243 267.30682787982164
2642843 261.15898347867017
2644443 250.70716490865814
2646043 263.3353267611077
2646583 -35.029378792985185
2648183 262.77272071980195
2649783 249.5592283773
2651383 252.72301403506975
2652983 254.70306770154255
2654129 67.74635411042408
2655729 269.21297945947265
2657329 271.0606302127016
2658929 267.20197781359866
2660529 276.43604508243914
2661747 77.59841876116414
2663347 262.1068244190329
2664947 267.8813388081731
2666102 3.2631257357883072
2667702 265.56162678104585
2669302 259.2571706978129
2670902 266.4955211418373
2672502 269.73293899009786
2674102 261.2633544808055
2675702 259.5566839284842
2677302 225.63509687438963
2678902 260.1344214764383
2680502 270.91065474124
2681760 99.14094419402892
2683360 261.89971008456087
2684960 251.43649537276346
2685054 -109.47932318907293
2686654 260.9638147606329
2688254 261.2742777238795
2689854 255.49724800341912
2691454 273.4039801341937
2693054 255.1237632768912
2694654 265.4320964133183
2696254 251.0632158080508
2697854 267.65304271566544
2699258 121.98541026482621
2700858 249.83928916230235
2702458 261.4258352597689
2704058 253.5827440268966
2705658 252.13853573731825
2707258 269.3693194788014
2708858 267.67156636899006
2710458 245.32814204142457
2711312 29.88211552338427
2712912 269.6643655476038
2714512 260.5901347179797
2716112 256.24831910636215
2717712 265.70135588902724
2719312 252.28187055757482
2720450 80.48326986907793
2720937 -37.170178940529304
2721254 -69.98595455420762
2722076 21.084101927696935
2723676 267.63084808667213
2725276 251.1183237683933
2726734 135.7983301797403
2727052 -74.23686791951582
2727469 -48.00376645972393
2729069 259.6117646559248
2730669 264.2008722694765
2732269 252.74486262748397
2733869 263.0350722254054
2735469 255.02610164936792
2737069 269.2579066657193
2738540 134.60324038875186
2740140 255.48923650247414
2741740 253.71368678883903
2743340 253.05269621800392
2744940 259.68430941170186
2746540 262.72746872712713
2748140 254.8121083246283
2749740 263.1289104741742
2751340 251.76059981862133
2752940 253.71031772366038
2754540 261.24398204115647
2756140 258.5974979477666
2756559 -58.14942343911097
2758159 262.85645686945406
2759759 270.8306351581174
2761359 277.8180459624678
2762959 263.5053188133328
2764559 276.0376972309012
2766159 264.0662116318127
2767759 268.48998310057584
2769359 262.14160857432665
2770058 0.5404387690467729
2771658 248.21476180155378
2771849 -92.64210818794183
2773449 254.72423157461535
2774746 96.59707564025754
2776346 258.2571405064845
2777946 255.38537845051533
2778035 -105.75872534462376
2779635 265.6536709593388
2781235 264.3628508024086
2782835 247.5856338484901
2784435 233.78890011493922
2785106 -13.461983653036668
2786706 261.93728840799497
2786800 -109.23229039085346
2788400 263.1019895185817
2790000 262.53471143539286
2791600 266.4376487087283
2793200 262.6034309687991
2794800 266.86459993460176
2796400 259.0340257061904
2798000 236.0665925009013
2799600 257.44386743193047
2801200 264.5245696463611
2802800 267.39558755617435
2804400 259.1773700770315
2806000 254.399007838325
2807600 271.39323563569474
2809200 261.7523481644201
2809708 -30.84758903948098
2811308 250.68248068656212
2812908 268.6600898863598
2813000 -108.06293996908703
2814600 258.23951871788165
2816200 260.64557911088383
2817800 264.8742908972196
2818192 -54.343923224720804
2819792 276.3991050832994
2821392 258.9835605192047
2822992 268.0974568973462
2824592 274.26331901542676
2826192 274.2346209318103
2827297 75.99246564052041
2828897 262.29342896309663
2830497 265.11609498443005
2832097 262.9868288233241
2832771 -11.504266351011026
2834274 128.74866956872125
2835395 71.23689112013469
2836995 241.4518868459207
2838345 120.0059993162329
2839945 272.7372007694107
2840519 -24.310861125853222
2842119 273.16877204718605
2843047 47.041014055701
2844647 258.77315522345066
2846247 252.88487633828024
2847117 34.634872106431345
2848717 266.5554085207856
2849813 75.04497544429623
2851413 267.35046841617003
2852086 -3.907616500221124
2853686 246.99941343129927
2854916 77.78382107834321
2855545 -19.099788543155782
2856547 59.01969788443779
2858147 268.9278829225849
2858479 -66.78942370004454
2860079 266.7398608412604
2861679 268.378070279619
2863279 266.837585982385
2864879 266.18627415950783
2865601 3.1663224362002893
2867201 274.02875505272715
2868090 31.843925157268785
2868590 -38.346382626971874
2870190 273.38288194422097
2871790 274.0551929854675
2873390 266.4651036152725
2874990 268.68276384378936
2876590 271.40935604709296
2878020 126.81425031131457
2879620 262.04824495596324
2881220 262.60184931616317
2882820 265.6517564074671
2884420 264.3585670692155
2885360 39.22152721824173
2886960 229.80456105040182
2887791 28.832188021497785
2889391 258.9934706836034
2889927 -32.85586672129486
2891527 264.44883703447323
2893127 270.0152205707747
2894727 270.2937240780082
2896327 259.04698266963305
2897927 253.56482649442788
2899527 187.68564400307002
2901127 265.434429550175
2902727 263.0808051569102
2903181 -42.51957111772183
2903804 -15.986268353225654
2905404 254.41417490394474
2907004 275.2057903571602
2907682 -13.82333261114293
2909188 143.17197385501396
2910788 281.85666322625195
2911793 45.70426392931685
2913393 265.1421575464486
2914993 270.1042528466568
2916593 263.7573550038385
2918193 265.8832962318639
2918550 -59.58901939819165
2920150 268.1044485399137
2921750 267.7616209789357
2923350 269.8975383912496
2924950 260.5360561067445
2926550 264.9371550734978
2928150 259.7849650108683
2929750 270.3138162007034
2931350 263.5405230883144
2931799 -75.90763590147843
2933399 259.02648340668736
2934999 258.46617181439854
2936599 268.97242656682477
2938199 253.26443719799497
2939799 268.8878540769073
2941399 266.6433793826542
2942999 259.8583981669704
2944599 265.87106144883535
2946199 254.01151326321772
2947799 268.5106545453334
2949399 272.35362442999843
2950999 270.533506857748
2952599 262.23774720526376
2954199 255.95905141548985
2955657 133.74480387175686
2957005 107.90472734714314
2957739 1.4868035480382957
2959339 258.560019530118
2960939 257.7848195685039
2961037 -109.62069557253396
2962503 136.50606244292024
2964103 263.5059291796463
2965703 267.1361629402996
2966391 -3.0443221718893057
2967991 264.45752537173854
2969591 273.5002537246509
2971191 265.1793773892093
2972791 268.04778749289886
2974391 271.89916279642534
2975991 254.70891130809102
2977591 265.446819972814
2979191 272.52620451617605
2980791 263.3855888951156
2982391 266.6304129925528
2983991 274.73083347886194
2985591 267.06839578847337
2987191 264.2050984069276
2987740 -37.56341157524977
2989340 267.79983316314025
2990940 263.54837101286654
2992540 272.3016588153391
2994140 268.0322617297651
2994819 -9.180376641405218
2996419 236.0737211756114
2998019 258.4499758151743
2999211 81.81284589013748
3000811 268.2150197366294
