# reward.txt contains number of transitions:cumulative reward
85 -121.08974387325301
1685 -111.04030500466195
1778 -100.79790297397909
1856 -102.83328015090153
3456 -110.71418419645059
3535 -101.3157790291328
3644 -104.4887509745136
5244 -109.6249531264425
5314 -107.30476293481452
5388 -102.80549277666087
5485 -101.31938490752194
5559 -114.00577273451367
5619 -104.28976397483486
7219 -103.24104308861249
7290 -117.57950020023623
8890 -133.59648625609947
8993 -100.96959481723731
10593 -117.02186245402078
12193 -104.25722423346843
12262 -116.40245925988879
12301 -106.7698234961736
12384 -102.76937589218964
12470 -102.53188690571736
12549 -103.77977686930944
12617 -104.76281921053243
12673 -117.0538030504249
12749 -102.2156940031952
14349 -100.95809307464408
14455 -97.04705480781136
14554 -107.46261586018963
14625 -98.7063530029071
14677 -111.90376305117054
16277 -110.48697894746572
16369 -117.60883159851345
17969 -98.02415570078372
18030 -104.99429777464208
18125 -101.6275170231151
18170 -106.75774097569536
19133 -183.37871885266298
20733 -122.1944657050579
22333 -102.11237592869246
22382 -110.65627987863411
23982 -107.07129125876034
24067 -108.86283945576972
25667 -110.19845951846528
27267 -113.83036386513707
28867 -112.03939217872677
30467 -119.68331362649127
32067 -116.12049797533847
33667 -110.49465987163563
35267 -104.03781632813909
36867 -105.41836369531325
38467 -118.61019679373095
40067 -115.44886412132895
40130 -102.42480121441993
41730 -108.32726076378718
43330 -101.70880936224886
43399 -112.51179273842399
44999 -113.7066734269481
45045 -109.47974975486534
46645 -106.6892145901767
46719 -110.13424717519308
48319 -103.67208331555965
49919 -114.34690849257369
51519 -116.78068355485726
51571 -104.44372791866958
51623 -109.09379768154088
51699 -111.5412817905688
53299 -112.78988469346055
53407 -107.08305564509828
53465 -104.25509637967001
53598 -111.67929211720389
53650 -116.5480664792129
53695 -110.31468909203137
55295 -104.91071147845751
56895 -104.80456352693484
58495 -121.11517402708988
58579 -99.02341297755453
60179 -115.06716720932704
61779 -115.41788622294614
63379 -125.77745514640773
63424 -114.10322488632269
65024 -117.01043311831975
66624 -116.06787955093517
68224 -118.57097605699035
69824 -123.03777149205514
71424 -119.79009079888225
71506 -108.25353423835399
73106 -118.4545420947216
74706 -121.58112834065412
76306 -127.9400869985425
77906 -113.53651544280387
79506 -92.97153105969973
79569 -109.99421185160988
79634 -112.9750127754255
79699 -114.15292394900074
81299 -122.59204929380506
82899 -133.44612382570347
83019 -108.7760593992391
84619 -125.1541483842127
84734 -135.7084859200952
86334 -125.37983320704284
86415 -108.15430717976827
88015 -124.32276525379596
89615 -132.75030690079848
89677 -118.56539777636901
89747 -99.78487021226063
89794 -101.55414170046959
89851 -105.6686666354475
91451 -134.09209913831265
91541 -114.98503326033551
93141 -134.3036851676742
94741 -122.34235868498524
94796 -102.95977593202144
96396 -125.49303992117633
97996 -126.1858338678862
99596 -128.94020247175155
101196 -126.69464364600702
102796 -128.7411983643156
104396 -130.38771916244187
105996 -125.51606247930135
106082 -100.04480819998992
106193 -104.18478400818383
107793 -120.89474506463598
109393 -124.50155718795631
110993 -129.37722788840532
111871 -188.18830028220856
111948 -103.46709893320873
112008 -107.21149092015872
113608 -121.47916828853764
115208 -123.73445345669849
116808 -117.53864902525629
118408 -115.17438181084084
120008 -122.42829447616508
121608 -115.185116527494
121644 -105.39822463784863
123244 -114.68400702132617
124844 -121.05950500933561
124906 -103.74103296877941
124971 -115.42472178683369
126571 -113.38583489907288
126648 -102.14079398577846
126743 -100.4530797995478
128343 -123.57466350756195
129943 -113.3978390450559
130022 -99.0001165668924
130082 -115.21653950781624
130161 -123.84480394755552
131761 -107.24346737990807
133361 -116.657066271117
133430 -105.97931026754745
133519 -105.81561983086759
133592 -106.69602229511304
133667 -106.09888900983209
133801 -120.91400971353241
133883 -109.630759007064
135483 -123.80005553676546
135536 -114.01992756504829
135668 -121.07033485476984
137268 -116.84197091235367
137342 -101.50718357599465
138942 -114.749199138156
139005 -104.47686437880434
139074 -103.14571379141448
139205 -113.90376204306261
139260 -109.72468085880391
139358 -115.26803344170968
139426 -120.26776810829838
141026 -118.41926982817921
142626 -110.10924295623667
144226 -119.29472277856749
144321 -107.25670774167156
144373 -103.02327833839134
145973 -109.89706768057809
147573 -113.15016275072368
149173 -109.06239893779582
149259 -121.82060939662655
150859 -118.68354199381596
152459 -114.40314650186694
152516 -112.95707155438389
152609 -113.91326906497775
152692 -117.91468046545981
154292 -89.2706890989653
154378 -101.20394540663064
154468 -114.82960579565788
154529 -119.76009970483992
154591 -112.0443234555237
156191 -109.0903709099614
156274 -116.27407211325908
156357 -115.48371477361769
157957 -109.75767073810624
159557 -104.8040685888721
159643 -107.52619527618897
159765 -104.38630452932246
161365 -110.21314773595891
161465 -101.73842017593607
163065 -110.98636700620327
163184 -119.50625917918731
163244 -112.2839064337577
163329 -114.26560893083922
163385 -106.99184388626367
164985 -111.23186779840468
165045 -109.84767352132809
166645 -111.32733885714146
166712 -115.19831212267341
166783 -110.28639190384885
168383 -108.26788289792492
169983 -107.36731915675854
171583 -108.13906738190721
173183 -100.91996126490075
174783 -103.68566279467743
174836 -117.32418996892994
174928 -107.14154561247615
176528 -104.90318515412766
176613 -118.51585923965399
178213 -107.56697590787809
178293 -116.40336860646121
179893 -108.27101924995472
181493 -98.04108005111391
181563 -122.99649602693195
183163 -92.24768894713267
184763 -93.14434278504906
184842 -118.09624285424935
186442 -90.06680889366508
188042 -89.87323770381741
189642 -98.4705937552956
189692 -108.66084954437116
189794 -119.34716070159524
189855 -104.89567977489843
189926 -118.12787158501087
191526 -83.3427659603813
191576 -113.24524410916803
193176 -114.3235064562703
193241 -117.79901774266983
193292 -106.78674604513992
193362 -109.55664641269544
193417 -113.12164988625422
195017 -80.16087151525896
196617 -78.74576158855584
198217 -89.25204989848841
199817 -75.06835596761505
199928 -115.00567612452743
201528 -81.91111224283824
201604 -108.90787382382031
203204 -81.7526046832787
203282 -101.45657358371714
203330 -109.17141666135565
204930 -79.96899588002456
206530 -76.37380439457932
206582 -109.00560127674477
206635 -115.36545965491918
206729 -120.86708878262341
206830 -124.5497448199025
208430 -80.89018911277314
208527 -102.48086808186335
210127 -78.95326322720133
211727 -83.48821063294372
211799 -108.19213629468717
213399 -82.66012385943407
214999 -80.6930775788067
216599 -75.97404175799225
218199 -79.54166309704831
219799 -77.8441168267262
221399 -79.52167758667083
222999 -79.94719790553805
223128 -97.3678288938158
224728 -69.68805273168418
226328 -69.87760956237508
227928 -70.92124718521464
228019 -100.50952942004737
228112 -101.07012869142555
229712 -75.19042476668709
230963 -192.37088030442823
231060 -104.87591882866745
232660 -74.69112899580044
232728 -100.80656201916933
234328 -86.67967476836823
235928 -69.51031347062067
237528 -69.01388198838136
239128 -69.89212046921318
240728 -67.81477832183248
240824 -100.60877083808431
242424 -60.11868160616257
244024 -71.22362216263195
244110 -99.38416614392587
245710 -74.68931026399879
247310 -71.82566280361459
247406 -103.88144183378263
249006 -64.75591200963723
250606 -69.8667667211226
252206 -76.48232889051238
253806 -68.59137484083077
255406 -65.22472636812554
257006 -65.32180763813206
258606 -65.71203418062814
260206 -68.05681433399704
261806 -62.20810099312122
263406 -50.88198994603443
265006 -65.40539924267652
265057 -114.22073353572314
266657 -56.90577785897439
268257 -55.42494270566889
269857 -61.9653453431061
269902 -110.24492952744104
271502 -51.92875101480794
273102 -48.42596243357596
274702 -52.82350337909774
274754 -110.88581303206024
274797 -107.82432124194875
276397 -48.161753206033296
276465 -117.2282659203373
276590 -96.82893882870674
278190 -44.21679684010467
278274 -98.67768883896247
279874 -57.53170422353412
281474 -46.0254271119042
283074 -49.537175942211704
283139 -113.8919208745944
283291 -105.44416749133295
284891 -50.94783443172776
286491 -47.02483398398505
288091 -52.37869376115373
289691 -59.23422253942671
291291 -54.51278281897956
292891 -51.70199847768205
294491 -54.270465252044296
296091 -56.11047552641359
297691 -40.88546373713322
299291 -48.764210548754725
300891 -50.25763191292123
300997 -102.26449457150015
302597 -47.62946478017294
304197 -56.340238807747795
305797 -47.83363606864589
305880 -97.01544621467
307480 -47.89163020365189
307589 -101.19441010864514
309189 -52.874584281990934
310789 -51.83781042433498
312389 -50.088587016687235
313989 -46.35824949924869
315589 -49.65733340964044
317189 -44.8279983321317
318789 -45.325985680454
320389 -45.70485399635929
321989 -32.11952701039443
323589 -39.90987140227287
323969 -102.75802483066109
325569 -39.51081174603729
325624 -112.29507582765818
325707 -103.0021193135834
327307 -53.60509849693618
328907 -43.90780840732222
330446 -136.6081829814225
332046 -46.99164546821855
332159 -100.7888472803564
333759 -53.05989215306471
333847 -98.80588540319664
335447 -49.285351124804485
335531 -99.07374506047431
337131 -49.28695144524543
338731 -40.424384748730816
340331 -34.062050520101614
341931 -57.285299713832686
343531 -38.50239264534477
343624 -95.98312720667323
345224 -36.938734370628005
346824 -29.884784637359882
348424 -34.143325578839715
350024 -45.36178383275869
351624 -27.273749202871713
353224 -30.72586841835392
354824 -44.65839889237249
356424 -39.08614459979474
358024 -30.85826395398254
359624 -30.610251327914504
361224 -17.1362467580363
362824 -35.12748924458461
364424 -29.199046572778965
366024 -25.380642623804555
367624 -25.46564342045322
369224 -21.843294016776003
370824 -9.933968476302937
370949 -105.52510953728049
372549 -14.17718047084412
372619 -99.95776104094772
374219 -17.05286738762754
375819 -9.841423145286118
377419 -19.2744071483258
377475 -113.2276549708185
379075 -21.51378741092359
380675 -4.507697646428519
382275 -15.054791549051219
383875 -6.958908859267834
385475 -9.032386508358034
387075 -8.90267820703922
388675 -9.688946250876699
390275 -12.954072996572915
391875 -2.2357442866986044
393475 -5.466677705267137
395075 18.227985160093088
396675 7.817775954741365
397434 -93.997671606532
399034 21.324367490928626
400634 17.306533329408612
402234 12.97734395257536
403834 28.109391506508317
403906 -98.85191958285061
403965 -111.718465378503
405565 17.933112337245227
407165 33.730725335383816
408765 16.659267868891067
410365 45.316676064499916
411965 35.02911288311971
413565 49.419472721367526
415165 23.83817321633108
416765 62.6471580237728
418365 39.68502746659098
419965 61.47203980605675
421565 66.21975641351692
423165 69.56771800118375
423239 -114.31472381563671
424839 77.4293211175638
426004 -42.60833934476605
427604 78.5962651190988
429204 85.37258201880677
430804 78.99412842310058
432404 99.18132970715398
434004 71.62474790860215
435604 84.45289668302503
437204 103.00911401553576
438804 84.91282758483867
440404 117.13747887551301
442004 120.78592646875688
443604 123.41101197012081
445204 110.26651058942977
446804 136.49690972028853
448404 141.47930299840417
450004 123.6253107448544
451604 130.1891245614793
453204 130.99799267881005
454804 143.01983622693348
455595 -34.629998019106054
457195 145.36942126809905
457837 -84.27633462385432
459437 130.47467007876685
461037 138.89050656637102
462637 145.2152260356095
464237 146.5088796452943
465837 149.86427921200152
467437 156.4281934746829
469037 151.0267414040483
470637 158.98945575243516
470817 -103.84695284784151
472417 155.590886090792
474017 154.5274558714485
475617 172.33296589897762
477217 157.6989201420865
478817 163.278438945119
480417 151.73067926249863
482017 162.5184431248097
483617 160.94520180486057
485217 174.42632991602144
485279 -120.16017307897222
486879 154.84623688965473
488479 147.3072104939546
490079 155.2197259886685
491679 164.62243148683166
493279 162.65355496857399
494879 158.15242664338274
495458 -54.23316850259219
497058 155.96786266061605
498658 164.75952498524455
500258 147.75160722258516
501858 133.7090551998383
503458 166.38479013891964
505058 148.0695958842508
506658 156.5239564973067
508258 167.6453147353288
509858 162.780709690043
510021 -96.66309332108187
511621 172.47610902095306
512891 42.88496422166625
513043 -124.11680704255774
514643 182.172350540626
515572 -8.05274670296356
517172 192.4721865549369
517258 -114.66386570487855
518076 -6.2292140229314015
518175 -122.98360560861167
519775 179.13832477398353
519860 -106.10311941624929
520004 -97.52579835957972
520431 -69.21711814015298
520512 -103.90307516733867
522112 160.6102154292719
522201 -118.73049803123932
522340 -114.93986971068259
523940 188.0325220248028
525540 183.5805617464676
527140 170.39384806651614
528242 16.63640446194003
529842 166.9233290192903
531442 161.1181546505017
533042 166.95694162947947
534642 154.68601345660156
536242 172.54914349808652
536443 -100.9005671238685
538043 163.33495937744868
539643 168.48765708493536
541243 170.53222169387416
542214 -8.246592478415792
543610 60.49987686210602
545210 165.02466872155247
546810 167.02658737997885
548410 188.42176920487182
550010 174.5263965642684
551610 179.09232241600793
552345 -21.617008435403918
553945 173.27230582200232
555545 181.82278353309093
557145 169.02959948710048
558745 168.0889486097353
558894 -97.79071544648521
560494 174.7824929752861
562094 165.10854176643875
563307 26.369787455449455
564907 172.41144548552356
566507 175.31064961121618
567628 3.20604144074224
569228 180.64766165814197
570522 31.285810521076343
572122 182.4129089713115
573722 177.70634228814302
575322 166.5076679490556
576922 167.04007026972147
578522 168.65550619220727
580122 173.93571970990368
581722 160.58243930124112
583322 175.9672068259586
584922 174.72759086631459
586522 175.54214279444847
588122 173.88355390596536
589722 170.85782329701695
591322 154.4131994793477
592922 171.3710669680551
593145 -95.23430625637994
594745 172.77700859102512
596345 174.86519295298376
597945 175.8558362023377
599545 182.78595145511954
601145 190.432928608683
602745 175.0716003710452
604345 202.87978359749533
604491 -95.65878224340703
606091 176.33822512264612
606216 -101.53868172041885
607816 192.99953933164403
609416 187.549897065309
611016 165.56964370182243
612616 203.43205326300293
613496 9.40788165053722
615096 197.64543068839083
616634 76.5195145725757
618234 212.1951821961323
619834 191.70248185816183
619998 -99.25292891470778
621598 188.8740716677802
623198 193.395356516759
623896 -29.670090290306064
623977 -115.96746775594167
625577 197.22666068562802
627177 207.15758172740448
627381 -135.4976132112245
628981 215.59325365974365
630581 209.13821493158838
632181 210.50420902404562
633781 205.86831901818397
635381 210.93874592445425
636981 182.86342922706504
638581 223.39096748666353
640181 193.33579209609525
641781 215.9352348971622
642807 11.128880914509125
644407 193.01687210904984
646007 201.92800841968594
647308 36.921873583904556
648737 79.14022867859967
650337 209.30450773008397
650862 -52.7216414061102
652462 208.9399102637769
654062 212.8599923400574
655662 222.4585009958098
657262 213.64133264818142
658862 214.33070839304352
659258 -59.2936245982255
660858 219.45508866980163
662458 227.79107657245245
664058 215.20314077210995
664169 -95.81588104556377
665769 241.1535683831783
667369 214.63159230559359
668969 227.5781261795161
670569 227.31041178402063
672169 217.94516955926247
672246 -106.1161949912707
673846 235.65061047379976
674031 -94.2277234293328
675631 211.86193170721802
676443 -5.034003129156346
676553 -106.74889796597945
678153 218.38423177289528
679753 224.2461923598802
681353 239.27759150741795
681863 -51.99179326577366
683463 244.30538850451885
683962 -32.1615903281908
685562 221.7771478468357
687162 230.6070760447314
688508 90.44452610429346
688643 -119.03138222988137
688859 -86.15832181596011
690459 227.33944931050297
690632 -102.5343172184825
691849 67.66678265483239
693449 217.34433640477644
695049 237.0005040099206
695342 -80.31273033432973
696942 235.61785403058803
698542 225.1664746099356
700142 235.8422207896819
701742 225.1544483843404
703342 220.9525433754738
704942 210.26199900638824
706401 107.3688886668699
708001 209.4715180539266
709601 213.43273452904268
709704 -105.29325594266194
709855 -95.16927025735316
711455 233.85452914058882
711533 -115.91799651204609
711606 -111.77822635934999
713206 209.66570313417202
714806 227.62759970358496
716406 226.17288068787008
718006 228.47929205501106
719606 219.2713432131377
721206 231.12984505254065
722806 230.78144575939945
724406 237.9407882323964
726006 226.7608973990347
727606 244.03916833581502
728480 20.98350036903878
730080 219.0971889812284
730715 -26.34176962310812
731831 54.128841277872965
733431 248.55038335612156
735031 225.51494087122077
736631 237.81096844844294
738231 222.7552641053805
739831 231.92174052961863
741431 216.8261069019703
743031 227.8431932061451
744631 243.83258403652673
746231 260.9238036501223
747831 234.85369064783129
749431 239.66772711371365
750597 48.36957362476514
752197 222.62942838249933
753797 236.7458900458307
755397 227.46840962767337
756997 251.55000673264843
758597 231.3359816611378
760039 98.29949409049345
761639 218.9468610374476
763239 245.33373885774225
763365 -107.5310089398964
764965 244.16447128514082
765278 -64.60225472226179
766424 76.8543793330436
768024 227.65622464283726
769624 233.00109388961712
771224 251.73227983327862
772824 224.97730817897587
774424 236.04372308066363
776024 246.2415651960658
776583 -29.400500509269648
778183 237.59860783768863
779783 250.87909235768208
781383 237.30529096787924
782983 246.24212108022513
784583 228.3898591014907
786183 252.77104013885096
787783 235.20764008942245
789383 228.09325272128336
790983 260.24050645635907
792583 266.5781771883044
794183 246.91837745542583
795783 230.58612255795947
797383 260.8064035058299
798983 248.07321633540414
800583 226.19463545923526
802183 256.62894244940475
803783 257.6783948920487
805373 270.76487181088146
806973 232.3018738479016
808573 271.63289160384574
810173 236.24590948894837
811773 236.81597337072938
813372 268.25407937742955
814972 269.43078621108975
815437 -51.601434082961944
817037 242.2097245270941
818637 236.61025544650815
820237 234.7147888735335
821837 249.64067329028063
822997 70.97395376175388
824597 251.66847638484384
825237 -13.511878741183708
826837 244.94919081931818
828437 245.99723901165814
829242 8.57008547646548
830842 248.96431913230043
832442 248.6187497598695
834042 256.64118328981823
835642 259.82384402583966
837242 266.9368846910522
838842 264.51637776233974
840442 264.20433673675154
842042 257.4161520033331
843642 241.76178818450157
845237 270.4724610318694
846588 108.92231611824204
848188 239.12240523901272
848341 -89.57268810533174
848533 -103.12185243957056
850133 238.72845012431338
850551 -51.34154215933382
852151 264.68013035998644
853751 263.09914535741484
855351 270.403276332105
855763 -54.960007205442864
857363 246.39147615973715
858963 249.94057330251977
860563 181.1204195029664
862163 245.86537831550586
863763 257.0116790160819
865338 272.2301778631435
866938 244.6137947800318
868538 252.3284865079516
870138 256.47705476465535
871738 249.25338036558307
873338 254.0264428465834
874938 256.5115484555664
876538 256.3968180559674
878138 235.11568485159137
879738 251.5448625866549
881338 233.60358132012547
882938 249.71398906393722
884538 257.9959171800117
886138 258.6985524392892
887738 240.19560393204603
889338 253.54749728691564
890938 249.02304342012408
892520 270.84783050915865
894120 239.96643858261652
895480 122.93339101254253
896448 34.708696637033086
898048 252.4334248577377
899648 243.15333335147596
901248 268.51153031550825
902848 264.20627865047413
904448 250.078431482184
904938 -38.23232526628667
906538 250.07110365688519
908138 264.3979190894192
909738 251.6361340738535
911338 251.92762923114145
912938 258.2857206542493
914538 255.97517961569193
916126 268.87691738189545
917726 265.26505797135036
919326 229.2936382014667
920926 242.80773813500895
922526 262.5857075470196
924126 258.2708085819139
925726 268.2737573767451
927326 257.07820483619173
927488 -99.5220066213049
929088 257.9379362826786
930688 253.46597611520315
932288 246.3874429264831
933888 243.87727822642023
935488 255.90702630468806
937067 271.67536739847066
938667 241.78689428494692
940267 264.2105163422927
940621 -41.75714751787232
942221 263.12011188305684
943821 256.54618379369936
945421 245.40049639057293
946407 30.64634841846629
948007 249.32416253293746
949560 273.8324037432948
949626 -105.48110239863271
951226 255.65604799217365
951450 -97.75635008626742
953050 264.27634981824366
953147 -113.6807800155549
954081 32.67637269259242
955674 269.03027054214454
957274 246.9388498280151
958861 269.8488710145968
960461 255.8568907175668
962061 247.1253550094082
963661 263.2478483720533
963727 -107.4120885493209
965327 261.76445570268424
966927 250.58380387940184
968527 263.8950142071258
970127 265.8720990474663
971727 257.718833981331
973327 269.3280679000095
974927 256.6545762321245
975006 -113.46053491242107
976606 236.75408368699448
978206 268.8916110114927
978343 -92.96763542149465
979943 224.11199562326576
981543 270.8833320255184
982422 25.391207276577077
984022 261.51197280660796
985622 253.68029839697144
987222 261.8777615282119
988761 274.6824982308113
990337 272.8356346284506
991937 258.3039148154697
993537 251.25256386990833
995137 267.27750509175746
996295 93.39949187997706
997895 260.2475250907104
999481 271.74542657579764
1001081 267.8091698281911
1002458 105.12425162785246
1004058 264.9575777673615
1005658 250.49637789809736
1006255 -23.018054050872095
1007800 275.2077084410145
1009400 246.3347799621189
1011000 247.80001955631298
1012600 265.31928437299337
1014141 272.90215370008275
1015741 224.4314899915036
1017341 258.8732631350168
1018941 268.76205018109476
1020541 265.0014609779427
1022141 252.88547619535606
1023741 248.6358518678189
1025341 256.8858446425373
1026941 257.13077283991987
1028541 263.75587358802886
1030132 273.3182160748976
1031732 232.52634290003735
1033332 261.6074388674952
1034932 243.2009911468458
1036532 262.7978861353309
1036672 -90.13044082401879
1038272 235.96184622858445
1039832 276.623521726808
1041432 254.07147954138932
1043032 254.78395510373213
1044581 272.8858280816507
1045381 3.6916373017301254
1046981 263.6028014876466
1048581 262.0423219969301
1050181 263.32290030145305
1051781 267.22197872763104
1053380 269.73026011268695
1054980 227.43998574386904
1056576 273.09911506018835
1058176 229.61272997002482
1059776 271.30687277947493
1061356 272.51505458930825
1062956 268.7922421176478
1063020 -105.57571700757866
1064584 274.46951956446475
1066184 261.546765154131
1067662 280.514939025491
1069262 257.1400771514455
1069740 -35.668194773400714
1071294 275.7979220761146
1072894 268.8916935463601
1074494 264.5943724090211
1076041 276.251688368846
1077641 270.1951786935098
1079194 276.25118895825835
1080776 272.9825501872199
1081454 12.769762171500375
1083039 275.3680446385236
1084611 271.003639634498
1086211 264.06306800144887
1087751 275.60975815833183
1088441 -3.843832852980711
1090041 241.60367215925308
1091500 144.62346619347045
1093074 273.2565162270121
1094674 258.70804051506735
1096274 258.04701050335694
1097833 273.92514000255767
1099433 258.0817242818235
1101023 270.54892444872553
1102603 274.1528474583981
1104156 275.1621721433096
1105752 274.0499380833569
1106730 34.229648470067616
1108330 260.7110457208039
1109779 136.43895424234614
1111316 274.3384539045036
1112612 109.47345957088527
1114160 273.5463353638997
1115722 273.599919797508
1117294 272.28197272070986
1118887 272.42282486566097
1120446 276.6685332591049
1121999 274.41668525068445
1123490 279.0545579834015
1125051 276.57356483325145
1126596 276.22619158734483
1127056 -34.50542843989565
1128296 110.03622969332841
1128447 -107.44262495899278
1129623 87.3616607060014
1131011 120.06462957407587
1132611 265.16881104265264
1134186 276.63495958970935
1135743 277.20013705412305
1136600 37.11650977024871
1138143 275.4128679107087
1138273 -101.86191422737141
1139867 273.52441626285287
1141402 278.5885971407287
1141975 -16.392602499226115
1142754 3.035200917564623
1144234 279.8667309148549
1145834 270.1471919474895
1147434 272.4598343601913
1149034 258.4826205260339
1150567 278.2300304508671
1152091 276.3494105688013
1153634 278.2656762903489
1155217 275.98778164974055
1156817 273.0401314310961
1158417 265.94372770990213
1160017 266.8213371083617
1161557 275.20789221640484
1163157 267.3842426329846
1163952 16.267860103814115
1165546 274.0582720568827
1167146 251.13345745460325
1168746 262.12284402087437
1170309 279.1804357905821
1171909 262.18521381333824
1173427 279.8111555671709
1173805 -59.85836611054836
1175328 281.64955868562885
1176906 277.70696323706466
1178492 277.8898715348517
1180092 272.7846659495529
1181657 275.2041038955748
1182947 130.42738897832564
1184531 276.0747909877956
1186123 276.5670512015534
1187704 274.28946487474235
1189251 275.841899223659
1190851 256.8935542359617
1192356 280.65337439768217
1192632 -63.416858562380696
1193024 -54.49848255584484
1193648 -29.661019542951152
1195144 281.2086423216822
1196655 281.08478084376554
1198255 274.91119944510933
1198403 -98.04631121092787
1199979 274.233422822699
1201573 274.2287119358537
1203065 278.9497737158329
1204235 93.76114364608321
1205828 276.2605583515823
1207415 276.4886979519389
1208977 275.5793844551232
1210557 274.8344914050396
1212157 272.1893418728274
1213652 278.90841971907076
1215166 277.71316002838205
1216728 274.54234442266915
1218272 278.52962412654125
1218394 -118.71197219548127
1219614 88.75490772962681
1221214 266.4395536498857
1221997 9.767001338651411
1223523 280.0379221474946
1224539 27.911257160963558
1226093 274.4204134339559
1227681 275.4494652554097
1229230 275.3803916783318
1230821 275.44541952730236
1232344 278.4103382567606
1233944 267.8335849822107
1235534 274.05162011247046
1237072 279.3480511116114
1238633 277.2177929938979
1240120 280.09029391880875
1241662 163.83978924501832
1243174 280.04510574999796
1244640 282.83172741332504
1246181 277.17517737557284
1247699 278.5370630817308
1249265 276.009060534473
1250754 281.6975066533029
1251908 104.59071959840401
1253508 271.1472428184415
1255068 278.64931986262235
1256600 280.71449171366623
1258132 279.47528046331746
1259721 274.6705541438069
1261321 266.6524130077261
1262885 277.57665459578993
1264445 276.35816192767487
1265997 278.09740505258605
1267553 277.4735343197199
1268755 115.41097046309815
1270315 276.6831533422509
1271911 275.1074359642754
1273443 279.82780371306467
1274943 282.2210412199021
1276513 276.7647722057415
1278113 258.550010845678
1279699 274.6618821634808
1281234 281.3351230707345
1282777 278.1004667165906
1284377 264.89438974316124
1285956 277.3494826795535
1287437 281.4200206875721
1288999 279.77071875189773
1290561 275.85049265432707
1292085 281.73736864093644
1293618 278.668797191646
1295073 285.93086306744834
1296535 282.634727562416
1298114 277.58848930647514
1298592 -61.76813268256248
1299435 33.889515716706455
1300225 28.86300972516085
1301717 284.08832209040906
1303213 155.12474883173755
1304710 281.65979305765205
1305959 116.13516722358699
1307559 265.27679478785967
1307654 -108.7282304097501
1309254 269.680992712886
1309366 -103.32760735807071
1310925 277.2841358841119
1312525 269.40042259754205
1314086 278.71338431073593
1315644 278.4266032692704
1317187 279.306630600203
1318687 281.7459922721717
1320221 279.85953949133904
1321693 284.290248587252
1323293 273.65626316526124
1324576 133.5424516223029
1326100 278.6254712731309
1327473 144.48992357810639
1329065 276.02711435007086
1330665 259.68799147409095
1332207 279.52173120987976
1333752 278.89641530579803
1335333 276.91045078224954
1336830 280.4768521704413
1338430 270.06268306138594
1339989 278.9832131240864
1341360 137.1871823050571
1342874 279.9803920103119
1344348 280.4300603318925
1345881 276.94882193066513
1347455 277.4031761657414
1348974 279.5969490381202
1350550 275.69442273695796
1352050 282.7597731624382
1353546 281.5559878013559
1355146 265.69394836177526
1356662 278.4041473606999
1357851 106.81559643957382
1358509 15.45922841574307
1358641 -97.78313486784387
1358802 -98.15938837927145
1360305 278.84546277368514
1361758 284.2616465630662
1363236 282.3982823339379
1363504 -62.51264363610557
1364397 38.44422832216583
1365823 287.62955304287664
1367287 283.50829253899497
1367949 6.554394502599365
1369525 275.8006148423867
1371062 281.29812861746757
1371141 -104.08429531865566
1372652 279.7815296627254
1374197 278.12243356758245
1375675 282.17712068658494
1377218 277.76842232163153
1378674 152.62024322040557
1380274 273.40621162178775
1380575 -61.888243337286625
1381802 84.97469049892408
1383363 277.7519238025824
1384943 276.73348769608225
1386494 276.3297564168585
1388047 279.18333761577236
1389597 275.89657442783255
1391178 274.4922639523313
1392735 276.30540365416806
1394187 285.316569771196
1395676 281.79069185415557
1397236 277.4931802745616
1398768 276.57751044131305
1400349 276.23058520393636
1401880 278.8617844489406
1403369 281.3297880268878
1404886 278.88507123077824
1406459 275.1909039696848
1407340 49.01360955188537
1408885 280.26655615816446
1410453 275.41173312367147
1412000 278.82379414816967
1412147 -105.38693472026785
1413605 281.31785376809324
1415114 282.8164663049805
1416486 148.5679662895417
1417971 282.2204805832521
1419453 284.91466971536016
1420995 280.2150426378784
1422488 282.05877488202754
1423987 281.54284574652166
1424672 17.786915785987333
1426272 263.0803880942418
1427226 -13.219221533113455
1428736 280.01251341078273
1430195 284.7245270848008
1431656 284.16143692365875
1433181 282.40667267036025
1434645 283.2915654486494
1434802 -108.98767934938209
1434935 -100.60614768149517
1435724 24.653850023319222
1437039 129.34871223129355
1438511 284.4771322453569
1440012 279.4803714890534
1441478 286.1093909075396
1442904 284.00154406509256
1444385 284.9775291160569
1444526 -119.73572792807843
1446017 285.1752813002215
1446107 -108.93128075054723
1447586 283.66269538018366
1447647 -106.97959388675044
1447776 -92.83328131909543
1448391 -1.489418585489247
1449847 286.7955943896697
1451411 278.21417156833337
1452918 280.6431931638747
1453489 -24.06285189079844
1454919 287.73320632364624
1456408 286.6834059850088
1457871 284.67934433667585
1459371 282.11735104358627
1460307 60.68601193791184
1461790 284.21407084811733
1463259 284.717586995863
1464684 288.7526850298579
1466173 281.1866775502467
1467702 282.40815618624003
1468795 93.05094988173693
1470259 283.0917701727064
1471055 34.882707760004365
1471664 -10.988414467990964
1473152 281.7896728415148
1474635 280.4340027525494
1475674 80.64459615877638
1476610 63.48593375487735
1476725 -96.64045216083899
1478235 280.20045492459974
1478323 -109.65834144631773
1479776 287.01534024767557
1481314 281.0878230658971
1481427 -109.4049869060237
1482870 166.86773331099846
1484335 282.03916854839946
1485253 56.10908959966724
1486745 283.59036022205146
1488245 283.6347656370139
1489571 135.78810220502942
1491063 152.5680154856602
1492511 283.4407426569084
1494032 278.5868278477412
1495522 284.7331794007066
1497066 282.4266259543804
1498541 283.31945462942497
1499982 286.7859669652906
1501483 284.33784859999474
1502926 283.8199912016224
1504429 283.5756695540947
1505911 284.1388993982417
1507388 285.7316621609671
1508536 120.8054103439598
1510014 284.69766210100124
1511461 285.31920301175205
1512927 286.193559276861
1514371 286.5019407789814
1515860 284.72829494255905
1517331 282.62159630086774
1518101 34.462115303522154
1519571 285.7326608790094
1521018 283.45031786870777
1522506 280.09294587019525
1524015 280.7071275078803
1525461 286.0708021935022
1526984 278.96107080663967
1528488 280.08918073349975
1529913 286.53451351814755
1531355 141.41654615465595
1532884 280.40830123508067
1534356 284.4463423165381
1535797 287.08082778609486
1537015 116.66703229280449
1538524 280.42356045969626
1539985 281.74930456462266
1541491 281.38649560936005
1542973 280.647433925104
1544446 284.6838363064225
1545925 282.6404845932282
1547466 280.9433780855108
1549005 276.6746317654837
1550519 285.25830771456185
1552061 281.3610025784679
1553557 283.0665220729439
1555051 282.73628617092965
1556549 283.7186376614542
1558052 281.40600179715483
1559542 285.2608572820076
1561054 280.78264646325545
1562603 277.4549087996608
1564056 287.42026639871654
1565557 281.79599077348786
1567096 279.2393562447023
1568542 286.2682384305478
1569995 283.86625445265815
1571501 281.02962434891435
1572967 281.9285375624771
1574408 169.02586850064256
1575870 286.1266027991305
1577401 278.8748718735062
1578885 283.9180411826724
1580393 279.8082412980504
1581895 279.5882803749998
1583358 283.98541450292896
1584807 282.97797229934895
1586281 280.6308198150828
1587731 286.43135781339106
1589243 280.9248383516967
1590716 285.109826247901
1592250 277.02159792843
1593693 285.49373407832013
1595202 281.15997058738225
1596674 282.8116380701652
1598162 281.6456379199134
1599642 280.0993519741843
1601185 278.26024252086694
1601627 -32.78332192424001
1603153 282.4743953048173
1604684 278.2609275565539
1606242 276.6486123502012
1607810 278.9695078760217
1609278 283.4452211750854
1610748 283.64299695890065
1612208 285.564491701661
1613669 285.59828439128626
1615192 283.1368159708863
1616702 283.77002275636414
1618177 283.436561844985
1619678 283.65547008930395
1621170 284.6917149093182
1622636 281.65667484265424
1624059 286.8833264995849
1625576 278.97494311803655
1627153 278.03816966306323
1628619 282.4761629150829
1628679 -102.99464538404717
1630167 283.60207074073367
1631674 281.4433537713939
1633160 284.30555807781593
1634616 283.82505586974486
1636103 281.7275023503203
1637689 279.791586858298
1639219 281.53101624466746
1640689 283.911629557696
1642220 281.3736123382316
1643639 286.6086769827822
1645124 284.27806736052503
1646650 281.7840043132641
1647863 107.44455098537304
1649453 277.3859673637463
1650989 279.22906885298744
1652519 282.4498875432088
1653944 288.9363231459617
1655432 283.388829803229
1655493 -102.80642961292713
1656979 280.53775675540385
1658520 280.1502284988311
1660015 281.4629699265891
1661460 285.68046206694356
1662943 281.7101305272654
1664400 285.9513995281194
1665893 282.26103349157904
1667369 285.31942540814
1668867 279.510954034534
1670303 284.16439872341715
1671794 283.39638503144397
1673372 275.2590010385759
1674789 286.91167647512356
1676294 279.0221014979446
1677124 42.190637940617194
1678691 170.6304780063739
1680182 281.6352779847405
1681678 279.9683868601414
1681808 -84.41033558966406
1683316 278.195642056451
1684793 281.80395774881066
1686317 279.97668826232996
1687819 279.67446034599135
1689324 280.7259011868987
1690057 19.77750646715934
1691615 278.92997381973646
1693199 276.0280665773651
1694710 281.13731699995424
1696165 282.45107564500455
1696680 -21.533004930514295
1698206 277.2971096518285
1699690 280.27203638596245
1701208 280.2832149316214
1702748 278.13435526403384
1704243 280.16269279264196
1705767 281.30205731419977
1707231 283.2027198900751
1708389 105.3638729194914
1709902 280.2502829139582
1711427 281.63221808959076
1712896 284.8761953020281
1714420 278.9374766884902
1715883 282.06516184524725
1717362 280.6940108536277
1718687 128.16841905385817
1720183 281.1102058760443
1721696 279.62155730834985
1723180 283.3971435549499
1723286 -90.151086979193
1724805 282.1081613898123
1726326 279.22883842219716
1727775 285.65146217472505
1729255 283.10178617373066
1730728 279.8281516639971
1732212 283.13262193905615
1733683 282.2276459836062
1735183 282.4239460827697
1735666 -17.283774122272277
1737119 283.4066786239681
1738648 278.56000585307436
1740138 281.4248402986382
1741641 281.10964010931804
1742724 80.51127786948638
1744184 172.89351445292942
1745604 287.84057308098846
1747096 282.89486991558505
1748525 284.24077926297224
1750014 280.66200847521196
1750131 -89.33334738918829
1751576 285.0806179384699
1753112 277.6963764983829
1754556 286.70267254186894
1756047 281.52152197835323
1757498 285.766348857135
1758953 283.00985027810367
1760431 281.59400203227614
1761844 288.41268963221876
1763296 284.7397198604504
1764812 282.13826289150876
1766266 285.3158399748676
1767068 22.88104371877695
1768469 289.20392914964566
1768682 -99.22591106783412
1770153 281.2844103113151
1771648 279.3720065791776
1772377 20.736149681564925
1773861 281.8060486559328
1775338 282.81004168754265
1776810 284.29570167352296
1778281 283.18527419043363
1779481 107.45726762010509
1780952 284.60956854389264
1782383 287.3491149776885
1783823 284.0825526592819
1785276 285.36753342884043
1786698 287.414630376312
1787674 67.85735362274517
1787735 -102.08753341315749
1789209 282.82384619295976
1790696 282.90134351029
1792296 274.6168533307898
1793766 284.91195757918155
1795225 280.66882058887086
1795380 -108.2414530040659
1795978 9.53577782147049
1797437 281.72481285562833
1798885 282.9786996313955
1800397 278.93305007534866
1801847 285.7635462537759
1803284 285.6667408043726
1804763 281.561675252481
1806287 281.0724992079599
1807728 284.23501214954086
1809302 275.62345179834267
1810785 282.2917329083701
1812305 283.23006339481947
1813339 91.20712249526835
1814775 284.5868453467309
1816236 284.1630232574038
1817701 284.5150648275854
1819174 281.2746390120816
1820681 281.14903065237746
1822155 282.9561413185955
1823631 282.73764674282376
1825099 283.85356433637884
1826578 281.0370528528466
1828018 285.38409884901904
1829476 283.2167243390402
1830901 284.24098535865755
1832424 280.8530479219242
1833886 283.3536344956308
1835276 287.39505955118545
1836761 280.29653660687626
1838194 286.61885719407604
1839705 282.1563432151339
1841129 288.0815466119895
1842585 285.6404790264928
1843476 64.12322535632936
1844955 281.30959250158793
1846447 281.92614422892154
1847852 287.5739333257023
1849381 277.6083422806286
1850896 282.7288082145906
1852312 287.9493358755047
1853787 281.535188154244
1854452 -0.9879674731108423
1855989 278.86887767123875
1857481 282.07461960236014
1858925 282.4513541797862
1860343 285.8688137648292
1861865 278.69547486920453
1863315 282.2774150784596
1864746 287.7267099878788
1866187 285.62243428429036
1867637 282.3505798125805
1869130 282.3225994764922
1870625 282.71679878528994
1872076 284.51194015825496
1873512 284.9347799890005
1874190 -9.92172072797176
1874578 -47.96131617643639
1876011 283.9059393335322
1877337 87.54861677646488
1878792 284.7958699333592
1880289 279.0579313881706
1881740 284.1565792777607
1883188 159.61862166909714
1884633 286.31654687255065
1885748 110.14605424181642
1887217 283.64235938347355
1888533 145.01911313980813
1889984 284.97844193577095
1891442 283.1975881755992
1892943 283.3573166244244
1894331 288.5424893354672
1895770 287.1824466854935
1897196 286.28882829050343
1898669 282.5660083301796
1900082 286.31603070880686
1901533 284.6459501053528
1902969 287.2809131403047
1904397 284.9497000776186
1905845 284.35063223826114
1907317 284.11604163437255
1908728 288.8010563659793
1910165 284.8771775054463
1910973 55.36679990551866
1912454 283.6280781053886
1913895 283.4540693506463
1915367 284.79391612187277
1916373 91.21457780715181
1917821 281.4605125896687
1919249 286.2947604433598
1920631 289.79983136378087
1922060 283.95472022351106
1923523 282.6624982301335
1924215 16.799512788743428
1924355 -90.76756217821439
1925670 137.22927452342884
1927140 284.6473387501598
1928541 289.799335105676
1929957 286.4634902145849
1931348 289.4089719504415
1932748 290.0715067947264
1934160 286.368652552512
1934977 62.35739475064676
1936442 282.5262571889848
1936981 -3.4498282471032695
1938421 287.69968762916284
1939848 287.00391338181515
1941251 288.7284273419289
1941312 -102.83420503498056
1941391 -107.14921742756043
1942788 290.37282402288065
1944219 284.01531621724934
1945631 287.11379508435346
1946135 -14.88762910832709
1947620 283.08123125613656
1949049 287.9657302625251
1950498 286.0194770293011
1951898 286.655319019872
1953357 284.31987179995025
1954789 286.5912423120453
1956215 289.2983618820138
1957638 286.9506176328694
1959117 283.6041524260526
1960584 283.21617484505947
1961981 290.20869362769076
1963160 138.9705394887466
1964602 286.31856450713957
1965100 -17.43073367247743
1966558 286.16431820413425
1967986 283.3795637536034
1969379 285.4890111544894
1969910 -12.729710697910761
1971348 285.8269660695316
1972830 282.5992990905825
1974350 281.4110426031219
1975780 286.89489638797465
1977239 281.9682381462899
1978637 286.11203912518386
1978722 -107.12458106371388
1979029 -63.52259697198559
1980425 286.83911795230864
1981935 279.9220348184238
1983428 279.47251328420526
1984851 287.91220743183055
1986288 286.8197436326521
1987727 287.3008568143866
1989145 284.9265577089739
1990611 284.1016217336569
1992049 284.2129504156109
1993475 286.0055491687633
1994927 281.2572051035732
1996378 285.6053268607069
1997544 113.85397142915514
1998963 285.37642233233566
2000410 286.04414415292206
2001924 282.3886538206091
2003402 283.9526288864373
2004831 286.3216066402534
2006279 282.8145708473372
2007753 283.6339879798877
2009214 285.886885015811
2010714 281.7489543889678
2011955 121.76533610961897
2013138 118.6232556838956
2014682 278.7075858549473
2016110 285.07119700494457
2017531 288.02678526950973
2018963 284.6724997639994
2020424 284.16184272640345
2021858 285.257834921572
2022544 16.935450594247385
2023994 282.21902242628266
2024324 -60.2566975056728
2025781 285.2709033952462
2026465 24.30393210259612
2027911 283.18861446223843
2029247 129.67274982783564
2030672 284.75859090915327
2032115 282.92187475755117
2033214 100.41853172818938
2034787 275.0861795422957
2036186 286.55104514173587
2037625 283.17205742111526
2039046 284.83257649947467
2039570 -9.468730380162924
2041001 286.2534142705488
2042467 285.2333833131253
2043241 22.75369089307364
2044675 282.6767101609098
2046246 277.873954752421
2046469 -72.50833843913426
2047684 110.01738835189991
2049127 283.1983609269825
2050533 286.2310552658243
2052021 282.40969987356624
2053518 281.7307808241756
2054905 286.1865202442729
2056323 283.92971680369953
2057764 283.220860658254
2059215 282.79817110832994
2060671 285.11946711458546
2062108 286.9716761805505
2063582 282.99199737521195
2065099 280.9541726840539
2066537 284.312106633953
2068033 279.1083328857151
2069505 282.9758441863953
2070935 285.9172794593865
2072480 279.35880174157717
2073871 285.57277627095607
2075352 281.78733865954734
2076789 283.72366887963847
2078226 283.11915302159133
2079689 284.79918010372336
2081118 285.505262767758
2082634 280.2972109512852
2084074 284.85654646057094
2085498 283.5995606630656
2086929 283.0998968944448
2088407 281.4852449831221
2089924 279.1313400158519
2091438 278.1700151113583
2092907 280.37829233248846
2094339 283.81800199540487
2095825 279.7020462517095
2097214 290.0005255932856
2098618 288.4980210613067
2100038 286.04671854780577
2101487 282.28747112145396
2102968 281.409057131917
2104446 280.9892684171113
2105940 279.3290724026616
2107413 282.0279005522096
2108843 284.2983879432407
2110330 281.6494817731467
2111773 285.08207504648743
2111847 -109.60841088000063
2113290 282.4944690982629
2114714 287.29248284069166
2116153 284.4826757612475
2117557 288.3839533705663
2118997 283.98655286466783
2120404 288.78321784221737
2121841 284.76232431866754
2123320 284.4802042755679
2124789 283.21402893160155
2126264 285.1874501617898
2127785 281.93066728401936
2129304 146.1110639932566
2130742 283.98085660152304
2132272 280.61379973478273
2133722 282.43793625831034
2135186 280.82665779887293
2136664 280.26962814076467
2138191 281.63360338161584
2139694 278.20799268586535
2141112 283.29178789303285
2142546 284.26178162525116
2143967 285.57249834326143
2145405 286.7842282513482
2146866 282.7461914734148
2147295 -30.529676057407613
2147599 -66.0825522314689
2149056 280.7687173637232
2149459 -69.6111473149577
2150920 285.2521268916968
2152374 281.91475359472247
2153703 155.03795360438113
2155146 174.86571480983446
2156594 285.1342556889201
2158108 280.65233509325816
2159537 287.2421439746837
2161005 280.9257176150551
2162461 283.05272255387723
2163925 283.1237524564079
2165401 283.74442348325
2166848 284.80387456331624
2168323 284.24855041334155
2169791 283.54690479464927
2171247 282.1592171179446
2172760 280.47837641046027
2174194 285.39393516913094
2174575 -53.449589691177636
2175273 4.7319505899372984
2176766 281.83246286029095
2178278 278.7182519275314
2179752 280.9605124512451
2181268 277.7378325498389
2182776 280.54531640524254
2184258 283.6444240735664
2185760 281.379434026384
2187229 282.76320228110393
2188734 277.49173799398943
2189183 -31.773706488503777
2190717 278.7565567021126
2192185 282.60486477673874
2193625 284.3182038074201
2195097 281.6877936279141
2196564 282.73253836252206
2197012 -41.39860030084349
2198445 284.10014372315004
2199864 286.89065509038426
2201337 285.91048520048224
2202842 281.71436635394474
2204317 282.25331355723125
2205224 78.16823953330828
2206667 286.95728174778316
2208143 281.2009950976672
2209639 282.8840323867973
2211130 282.11074596700576
2212663 280.0170676208283
2214094 283.69065949620574
2215571 280.0697388895635
2216383 40.3440264305506
2217817 286.8668618459383
2219052 119.83138873217564
2220489 286.94883222129096
2221937 282.19034284755395
2223343 289.4279193994748
2224781 286.38431214724307
2225394 9.699300225924674
2226840 280.9888973577204
2228301 280.209178401105
2229474 99.26675220522299
2230934 283.6557006213214
2232366 286.0298817353594
2233843 284.87396324391284
2235265 287.5934979501057
2236687 284.87329091640026
2238107 283.83412468106485
2239535 286.4917306688616
2240954 284.83174601937424
2242400 284.03660128756235
2243851 282.86418900525683
2245282 283.8608193860951
2246696 287.4729991286315
2246863 -121.51370486295349
2247063 -70.23204112522242
2248002 55.484849339417224
2248084 -106.18125902346894
2248458 -47.385476850897106
2249890 285.2494431747804
2251328 285.0681606334236
2252725 288.1636374548147
2254169 285.29170916643136
2255614 284.4808382581611
2257057 283.0144613194195
2258492 283.1439866329002
2259915 286.26841958057435
2261338 284.3916721001515
2262765 286.2776344105606
2264175 286.3481051463207
2265632 286.6229842277246
2267174 277.81519254909483
2268640 285.55432748810733
2270158 279.8402415339124
2271612 283.7539407346538
2273031 286.59052504743556
2274529 282.2389897036599
2276080 279.9060320046029
2277648 279.8481092359224
2279149 282.8273961948692
2280265 103.42915749584449
2281726 285.6514222695446
2283144 285.78318721424546
2284567 285.02411357985255
2286044 284.98947349702917
2287542 282.9485869401957
2288977 285.9322722117521
2290387 286.1465011791272
2291821 287.5292636898855
2293220 149.64025752972736
2294616 288.27033647111426
2296057 284.6575814952358
2297461 286.75813262416
2298940 284.34821890535494
2299872 31.018667429167408
2301274 288.3629004347461
2302689 286.44984267948547
2304136 285.11593309504747
2305553 287.05099714285643
2306567 85.11751659139438
2308009 284.4672081249913
2309465 285.743771227042
2309799 -48.25678188640747
2311229 283.38904762843185
2312696 285.4116428686482
2314148 287.65867462110657
2315621 284.10981841719206
2317125 282.5765511948255
2318579 151.3835307960652
2319874 120.86802471841324
2320809 64.25387037946092
2322218 286.3191843126801
2323534 145.59871529962328
2324960 287.9882476177911
2326420 281.81745660143844
2327836 288.6622662923969
2329287 283.11616827739334
2330728 286.40217046713843
2332184 286.1775843418486
2333681 281.9242401946652
2335173 282.0461785635819
2336666 283.1104921907526
2338107 287.383472219075
2339573 284.06958018425775
2339985 -50.455160490999646
2341503 163.7852466617269
2342982 283.5178042651368
2344444 284.672959170805
2345889 283.64750214850176
2347311 288.9468204567715
2347579 -59.320142665285
2349017 284.9615448411615
2350435 288.2195385901471
2351888 287.7250369894809
2353331 283.3442633257164
2354766 285.95568586913936
2356213 287.02281730508065
2357622 290.6418466624329
2359086 283.30654998071526
2360487 288.2008055449324
2361953 283.60029784739606
2363371 288.9269301204042
2364833 282.84713181061176
2366280 286.43759300602164
2367795 283.00169743786506
2369233 287.53834975587665
2370651 287.9891112710204
2370771 -87.85849960702781
2372203 288.06515572447665
2373618 285.73321917289326
2375079 281.79042289513893
2376529 284.8053062956027
2378004 283.47981964729877
2379497 281.0016366295243
2380942 285.4186235860848
2382380 136.72675678547432
2383882 281.09528363330185
2385359 282.09510197212785
2386823 285.9847535648312
2388241 285.92250505480064
2389678 284.16102912262335
2391128 284.58797301403627
2392562 287.5392500214629
2394007 287.15318934054517
2395524 278.5524275789114
2396999 282.79083661109905
2398426 287.93617663011315
2399885 285.7796970207784
2401336 285.62976315220584
2402815 281.79762079120104
2404249 174.43556387338373
2405682 285.7589259446477
2407112 286.42083683632575
2408536 286.86168557288414
2409997 286.66380435892387
2411420 287.3902747474613
2412868 287.85904012057046
2414059 115.02622251611086
2415568 282.43168408390517
2417030 283.44134026411257
2418513 282.7186282793496
2419928 288.8319137669106
2421332 290.0185098303272
2422752 287.19748851521524
2424191 286.19795963439054
2425685 174.5818958980555
2427152 285.09515408528375
2428576 289.0654245818075
2429980 286.6787516993853
2431414 284.0981564593115
2432880 284.5399136327275
2434308 287.44947920337756
2435742 288.96130017726875
2437172 288.300931076277
2438637 283.07485894838135
2440076 287.88241323435403
2441541 284.9972823984026
2443041 281.7786083368473
2444013 74.84686719620893
2445473 286.6970423925341
2446486 75.7988544445696
2447906 286.2566351163813
2449368 283.221854709103
2450827 282.3605297796192
2452279 287.5945422952599
2453725 283.35328558716907
2455188 285.9250047004154
2456629 285.1102620758695
2458045 289.1248774726383
2459487 286.5694937934253
2460548 90.14336026996565
2461987 285.6125783456423
2463424 286.4612103372849
2463791 -52.74430934810699
2465196 289.46742168833066
2466633 287.4476718573766
2468106 282.5712361789106
2469507 290.2389331226056
2470961 287.3936492471771
2472476 283.1547528724926
2473178 18.294996729075976
2474641 286.34456936766105
2476076 284.3211827927622
2477529 286.3524911996454
2478983 287.360986026435
2480475 282.57788201225827
2481896 287.50369888197633
2483304 287.4679631411146
2484708 286.9731193690641
2486163 286.2277703825713
2487578 284.4828115259296
2488110 -10.153508692705003
2489534 284.8381103878856
2490908 292.4494905841512
2492289 290.0288209529265
2493724 284.8564695332237
2495186 283.35009891037174
2496646 284.6702304930601
2498120 282.85932160963733
2499528 286.08109394984297
2500993 285.98204151585537
2502446 283.5582847088927
2503947 280.0367944499471
2505420 284.70409490622114
2506903 282.718241068847
2507253 -51.67375168674624
2507400 -94.58836082268257
2508943 278.24685839974023
2510442 283.06535249036097
2511869 285.05110579657867
2513264 289.9994045546129
2514768 281.0559399115377
2516132 163.5507695156573
2517557 286.09576694392956
2518973 286.70302549726625
2520438 285.0534185725154
2521976 281.12140903794995
2522295 -50.872633087500944
2523744 285.3313249193677
2525156 287.8168019164534
2526631 285.72974048195215
2528081 285.7783014831524
2529572 284.47063017925706
2531028 286.3707069877553
2532465 284.61225989391386
2533929 283.66946769359856
2534858 66.73117418969903
2535739 15.719063239821551
2537207 284.7815547534704
2538657 284.26565894570143
2540002 136.9173454508112
2541477 286.18680057415537
2542896 288.6316106742654
2543273 -45.87154535774698
2544703 287.1852194470291
2546119 287.469984106793
2547596 283.9884890502517
2549081 283.1865422350396
2550555 281.55336446937474
2551463 66.08576428134907
2552859 291.22689645948026
2554332 282.98798915448555
2555841 282.6897558292598
2557305 285.8766882710891
2558750 286.77598118873016
2560181 287.26767041770114
2561616 286.13838270302693
2563105 282.83033514545383
2564569 283.5778155352052
2566063 281.73831780672367
2567523 285.5481590234445
2568946 288.57718750760023
2570394 287.3070707771265
2571855 285.6709664494371
2573220 293.02607113720165
2574636 288.4612997227034
2576053 288.0251867066392
2577519 283.29445306447184
2578958 285.72497566680335
2580425 285.55220361916076
2581818 291.34982390757216
2583223 289.8561661832902
2583334 -89.32091517198769
2584753 284.22173477105946
2586199 284.6476507073032
2587257 92.64477037509062
2587314 -101.69227351697596
2588779 285.94709303515856
2590178 144.84117887019332
2591643 285.27181106017815
2593078 286.42897928840443
2594486 287.1369207315645
2595933 285.4654201765596
2596579 18.6346568081279
2598103 281.2606224046783
2599555 285.33792720104867
2600966 290.14560292983265
2602405 285.1652494339043
2603868 283.2209505871465
2605281 285.26335598504073
2606720 287.569548663823
2608136 288.13211818593334
2609619 283.95187264006194
2609726 -96.03766542046269
2610343 8.564965589661625
2611792 284.63600332176196
2613292 280.86879045049204
2614776 283.89915453379035
2616212 286.09810594105915
2617619 288.08242543260303
2619038 287.4749302988098
2620477 285.21907941458977
2621254 35.55507748406697
2622734 285.1069056287663
2624218 282.21255565264175
2625678 283.19444541759674
2627141 285.2656859740431
2627502 -43.824609936326695
2628977 282.9832175178236
2630531 275.76938260018505
2631978 286.33366407803373
2633522 276.4663694607393
2635008 284.1647320040687
2636549 278.8923138085748
2637992 285.206003073079
2639447 286.5026415826565
2640891 284.3530358844214
2642320 287.3114555353703
2643794 282.67012671807475
2644605 43.59614076769708
2646019 286.4589041537492
2647434 285.1451377091541
2648850 284.2254485300214
2649912 78.74006871121298
2651350 283.7550545412076
2652829 281.2906800585945
2654238 288.28700840097747
2655699 285.15195004732914
2657157 283.1425894993217
2658612 284.69156237498987
2660080 283.30379762903675
2661494 286.7836889234453
2663006 279.6879787221813
2664459 285.3678995526159
2665859 288.51836694139917
2667274 287.41604341697075
2667791 -9.384855832439555
2669264 280.60593713082557
2670737 284.8041352262813
2671957 126.27452981991925
2672615 11.97316817967166
2674131 279.9861389194573
2675695 278.4591283788177
2677183 281.1286915975491
2678672 282.3841823052033
2680208 280.4876226785194
2681626 285.52590434524006
2683137 283.4230165858978
2684606 283.12064412813413
2686038 288.31657875636023
2687520 282.0717214750755
2688619 110.51897436113057
2690107 281.9926979850835
2691552 287.11298893770885
2692969 287.941615873729
2694427 285.9239962235489
2695878 156.24182801398746
2697362 282.93372763726614
2698837 284.9099020200278
2700249 285.39142038878646
2701704 284.3687125521888
2703141 287.5968714480846
2704538 286.9741554375503
2706005 282.11162827701565
2707410 289.3639463924097
2708895 280.89951979401997
2710425 278.5857860428616
2711826 289.75226986675773
2713266 286.0516965742867
2714681 285.8296507382593
2716070 287.6452909814633
2717503 285.53346221186473
2718911 289.39109349644855
2718993 -96.75922246674573
2720432 288.2942795182334
2721996 278.27074120260266
2723437 283.4360538989095
2724876 285.53463706186267
2726373 281.35721509275896
2727820 285.45939332760554
2729309 283.9542610287346
2730777 284.10700444788074
2732191 288.5562208129713
2733641 286.08492802533357
2735074 287.5398260328826
2735956 62.06228855361326
2737420 285.5128666646934
2738848 284.3985495794418
2740308 286.6809794372403
2741832 281.37728658734267
2743285 284.6365760305122
2744844 277.86109026592425
2746255 288.5916132872349
2747771 280.4497696390105
2749177 288.99197777956834
2750637 284.0718539816452
2752074 284.9421435299122
2752746 15.653540828021832
2754250 283.65309209106954
2755656 286.8372381926518
2757046 288.8342532208244
2758469 286.45984384954204
2759880 289.09313452221613
2761331 284.58107530308155
2762743 288.0890526784972
2764190 283.8648443399222
2765680 283.5997914686157
2767200 278.7948876249037
2768657 284.7734660865427
2770101 285.40764486703944
2771524 286.18836775394936
2772986 282.38815926260907
2774401 288.903730843988
2775799 288.54641357364676
2777211 289.1231457815875
2778678 283.16054091058754
2780106 288.4033033942732
2781485 290.5184084297925
2782880 290.6679683992094
2784341 283.95136932311925
2785758 288.8702666184675
2787207 285.0616394669211
2788627 286.8205144625068
2790061 288.14327394674314
2791492 286.7741778625633
2792194 17.79787801625693
2792251 -103.51266035640737
2793759 280.74924336934754
2795151 291.2933658020076
2796553 285.82037077264226
2797990 284.94696420288824
2799472 284.3835398523673
2800956 285.0583396960682
2802394 283.89925123332443
2803865 284.30362796489845
2805271 288.015983133838
2806799 278.72326706919335
2808252 285.65353189746395
2809686 283.0740445554712
2811066 290.243867721077
2811402 -52.98764165525788
2812879 282.9063725178095
2814335 284.2482287357488
2815740 287.6304695408131
2817267 278.6096605732902
2818696 286.8581056252766
2820181 281.81121365015247
2821616 285.1471510190707
2823051 285.54855741931954
2824482 285.60457803792235
2825892 286.79929411734065
2827284 286.7341336330538
2828706 288.328640375137
2830190 281.57993620825215
2831599 285.9799174590146
2833111 281.8526470371187
2834528 287.446716852767
2836001 282.89173823286524
2837426 285.1630887253168
2838836 286.7269724582483
2840254 287.5618183416064
2840314 -102.21959248137226
2840476 -108.3411759049551
2841888 284.83547497382665
2843313 285.4308743693717
2843433 -88.66271128814233
2844889 282.7138045030579
2846356 283.28006507001845
2846413 -102.46262503910562
2846516 -97.86559356138048
2847971 282.4710247638795
2849418 281.090583131624
2850850 285.06340142163725
2852280 284.0388205708632
2853681 285.37344922112555
2855135 283.3996392353209
2856573 283.12963982424236
2856633 -103.59498819936688
2858031 289.2348625902908
2859455 284.8555010394097
2859559 -94.32592133286906
2860322 39.84591999912013
2861698 287.77424493634754
2863082 286.0168608176722
2864460 290.5928471230134
2865866 288.3653863307954
2867320 285.38220401920955
2868717 289.0412836062568
2868806 -104.82284355303769
2870219 287.14788947315895
2871664 283.5196595148143
2873140 282.4865214432556
2874567 287.035115838056
2875995 284.9310620532032
2877397 288.21825464026705
2878903 279.58568258088417
2880364 283.73436337938676
2881781 286.35993850638926
2883328 277.20285742088674
2884771 282.11154632298025
2886181 288.4956104923339
2887629 286.2043491520051
2889070 286.8313923381697
2890594 281.4833939157206
2892078 283.6738776995607
2893530 287.2047752454585
2894978 283.78323381643946
2896424 285.40997171310875
2897867 286.0600696156844
2899271 285.7500581541573
2900674 287.5908063009629
2902093 284.9498930446114
2903523 287.89461367829017
2904970 285.6670436876005
2906419 286.01116064584266
2907881 285.31837703971433
2909274 290.2904939435873
2910690 286.485647267173
2912054 289.3180125253929
2913496 283.6772193360754
2914909 285.592140016642
2916331 288.4348995682192
2917786 282.4939807994938
2919165 289.65050059225064
2920596 285.0121791976528
2922023 286.4782705972409
2923479 283.0217833370629
2924875 286.42637319509254
2926307 287.4525424669147
2927762 175.3074579202663
2929226 283.3681942290188
2930664 284.20082050239216
2932098 284.9827988991069
2933494 288.85096782537505
2934882 286.4064689821683
2936288 287.78468714979437
2936646 -33.08358423584265
2938061 287.42715534750903
2938617 -19.65745324809967
2940078 282.8887388263361
2941513 284.8441044314459
2942943 284.3083540167735
2944453 279.0070180079433
2945867 286.7712060193473
2947280 289.0904590959619
2948742 284.6995816934516
2950220 283.44455890187254
2951629 288.28029745272767
2953042 284.8366481488419
2953260 -82.77783434938394
2953321 -103.96998279125057
2954774 282.0815828038528
2956176 286.3757379311283
2957604 284.6533879744891
2959061 286.4548259482301
2960517 282.5532415508983
2961958 285.7837108430461
2963396 282.29157052595707
2964855 285.6914451463596
2966237 290.00534770306797
2967691 285.09447740290665
2969109 287.658614760666
2970529 285.0694749366586
2971168 -1.0188042036920848
2972648 279.95224260867195
2973685 84.3319127099632
2975121 284.10902781027374
2976524 285.80642014381925
2977960 284.6867525990838
2979403 286.4268958096871
2980843 283.8946392196026
2982292 284.42913549155054
2983744 286.76506054854724
2983863 -91.88244056893203
2985308 285.455117823432
2986757 285.42469578319714
2988205 285.3513278976156
2989718 281.54316589481925
2991159 284.41028744659496
2992215 100.31962744213581
2993609 286.04456086490467
2995060 281.6056297869104
2995863 28.439936710194246
2997285 285.59238166845995
2998680 285.7292761479126
3000125 284.62144255095103
