# reward.txt contains number of transitions:cumulative reward
1600 -114.5649696394008
3200 -113.74967333715173
3273 -107.8182147311147
4873 -101.47698374549246
4942 -120.89280772011627
5023 -118.64359146641381
5081 -111.99681544903137
5147 -103.47311252988317
5189 -105.52510970458388
5239 -108.49005612561852
5451 -131.29319992971236
7051 -110.26184896366692
8651 -110.72922809667152
8714 -104.05677417218436
8786 -107.18108881745317
8859 -121.84604852908477
10459 -100.15303765283339
10517 -115.31113034676264
12117 -96.3422287542839
12169 -116.14178067682249
12222 -103.308832467565
13822 -110.07255434429013
13889 -108.70232325120465
13994 -114.90347519441352
14040 -107.13119992907158
15640 -102.71705050891056
15683 -113.35094767630349
17283 -106.3477629133304
17364 -101.58855731528253
18964 -106.1970514192847
19023 -109.78903202311571
19086 -105.08802095874678
19163 -107.34435788900079
20763 -100.95129849395452
22363 -96.13605773628974
22440 -102.16723866780103
24040 -101.78319806425031
25640 -102.65598116862948
27240 -128.2296240261511
27342 -120.56252086134938
27394 -105.12768620521948
27459 -106.49092785654403
29059 -101.03734498110852
29167 -125.62856593938295
30767 -101.3350486423535
30824 -113.66393831778629
30883 -115.7264376099569
30945 -111.57806517626345
30998 -109.99319482868538
31092 -122.64294504029925
31129 -107.68754953039065
32729 -88.36070015409604
34329 -106.9461819910139
34382 -108.57933502487651
34460 -97.63179679794051
34519 -100.88991902378403
34597 -113.74425840138085
36197 -90.22400642314861
37797 -81.29550667519928
39397 -96.36937164314524
40997 -89.5252455271351
42597 -112.83314000323331
44197 -91.22977083219507
45797 -99.3471139688174
47397 -104.0127004150829
47490 -105.60780879723157
49090 -83.20525451397714
49153 -106.62232022781421
50753 -92.679193105963
50838 -108.35163002704519
52438 -83.58237872838586
54038 -101.95306386686798
55638 -109.3321610475355
55743 -112.38611689656601
57343 -81.49597926800689
58943 -115.31545880459264
58995 -107.12583258053039
59098 -123.69505686545185
60698 -85.1499952178566
60751 -102.48098983049765
62351 -83.05133927565609
62434 -110.85758434800184
64034 -99.29896948535554
64104 -110.80400108042235
64164 -105.43258868712994
64248 -111.87640828650258
64310 -103.14467979063528
64399 -116.80712417850084
64504 -113.68062536469661
64597 -104.04823321609634
64683 -104.5624470237481
64728 -106.31409117721022
64795 -110.59578258017761
66395 -78.34350943439509
67995 -101.24899577653744
69595 -59.844471554114186
69655 -104.95435629836687
71255 -65.79739586180206
71335 -118.59353475936564
72935 -70.12125991015691
73006 -113.749246529735
74606 -73.97095108284702
76206 -70.47415600832309
77806 -65.90997668900397
77882 -118.2571049341249
79482 -70.21343606667652
79533 -110.42077914499305
79617 -106.31783882204009
79716 -107.95628682254255
79823 -117.87961168589257
79860 -105.22161457311486
79927 -102.85911445626492
80006 -108.3009385535152
81606 -72.55492024153595
83206 -62.13486518559201
83269 -108.56199573325677
83349 -113.65320242213892
84949 -63.995936608526165
85010 -116.54501576222356
86610 -70.12352417705955
86663 -106.681765348974
86735 -118.13295199360466
88335 -71.17773523873903
89935 -75.77630792887493
91535 -66.85924769352798
93135 -58.3802977923087
93184 -112.82410181900238
94784 -64.04675269751192
96384 -73.96873337512167
96476 -120.50647452100242
98076 -77.92580609144765
99676 -64.97260286119821
99763 -116.84927222986084
99816 -114.9953316028944
101416 -73.87536612393637
103016 -76.28695612807505
104616 -68.08829941583485
106216 -76.68682258694336
107816 -69.01401955381907
109416 -71.58906833581374
111016 -66.61535787695959
112616 -85.96330806566525
114216 -77.29489256900051
115816 -70.85773721215124
117416 -75.10348599932107
119016 -66.42875547833252
120616 -69.06697709676877
120689 -117.61054997534305
122289 -72.99879345339934
122360 -116.88776429488324
123960 -66.42414295576528
125560 -65.4991147515389
127160 -60.499097867442885
128760 -59.09078524091868
130360 -55.03912760913372
131960 -65.08549841067894
133560 -63.81870477219237
133612 -110.34437684682632
135212 -55.525996389370285
136812 -58.15029366754369
136887 -115.19065535713236
138487 -65.45336595801204
140087 -67.6825412833765
141687 -74.93496444196262
143287 -62.66687435714698
144887 -79.21036889862641
146487 -64.07892824424194
148087 -73.38773400490484
149687 -58.97396462834191
151287 -45.09865367204227
152887 -59.96860301746485
154487 -52.21905723997707
156087 -52.84846294810922
157687 -47.62867573708792
159287 -51.7476865417306
160887 -44.05590285872792
160941 -112.4788970567522
160985 -110.68116844870585
161030 -109.74533640877468
162630 -45.407012080585595
164230 -45.982721296732045
165830 -38.11483831924536
167430 -28.71267027382741
169030 -36.19912063080888
170630 -50.81559990790796
172230 -58.74959869009191
172265 -105.45049903161575
173865 -38.4606470799539
175465 -39.52441961450565
177065 -41.58634102043697
178665 -28.116100636662306
180265 -37.06942234831489
181865 -39.90722901206715
181941 -113.32640644104593
181997 -112.21058686978618
182065 -117.34628086392085
183665 -26.893557423194878
185265 -22.030747237928182
185401 -122.16164344449777
187001 -34.46688168838809
187066 -115.8648803748656
188666 -24.84813877132349
190266 -49.97951465220564
190321 -110.0814614674238
191921 -32.67130413931727
193521 -30.6653213319083
195121 -26.915374971694632
196721 -21.723322082170014
198321 -31.424457964762425
199921 -27.251177677201714
201521 -35.251717622029346
203121 -15.055441504149986
204721 -24.218459306146933
206321 -15.980167797938623
207921 -28.747844309949645
209521 -17.843106546567753
211121 -13.012848897302543
212721 -4.756836345585694
214321 -20.014563712216884
215921 -9.37887666660174
217521 -2.4484892326102923
219121 5.211413439782943
220721 -2.481794406820074
222321 -3.609265152128408
223921 0.9376712746769051
225521 13.148298244738937
227121 18.57489697117562
228721 1.2400871674257172
230321 21.229699753748246
231921 33.482736019886744
233521 28.70875153195578
235121 25.310056882189624
236721 28.890441880756292
238321 47.839604632342194
239921 29.517467397466728
241521 31.148361771636313
243121 27.637783860860687
244721 40.28247536241444
246321 31.99615464676792
247921 32.25763154666184
249521 65.02776973815388
251121 55.29415953834473
252721 50.19431445234769
254321 76.57753734638423
254501 -101.13198338675684
254567 -106.80198791117097
256167 48.87876301828051
257767 52.73111370154652
259367 63.79440632095512
260967 52.79032659525917
262567 39.413395440510726
264167 84.05920835279802
265767 58.949805760603475
267367 74.86958491108578
268967 68.50257285071221
270567 69.68132612421918
272167 68.90526775856634
273767 69.9384602980812
275367 66.2135567744919
275426 -114.7356397510711
277026 71.39293119552718
278626 85.25935066485579
280226 80.45782186946586
281826 95.4568858578511
283426 79.47545333201622
285026 88.8934772741075
286626 87.19040178851476
288226 87.78739728109771
288988 -47.017046609019246
289078 -101.5407238363133
290678 92.11147267482367
292278 98.62691967497406
293878 111.46311746776428
295478 105.6481596001081
297078 100.86525737772388
298678 106.77355321695093
300278 116.97614300882196
301878 92.38951207345848
302309 -78.66528061426618
303730 -4.6612481874240075
305330 94.01809332537408
306839 8.136367396331096
308439 102.63593794076832
310039 77.8575789162107
311639 105.72839164401793
313239 106.93525854631153
314413 -10.530261714844016
316013 121.47108268030553
317613 111.39229101545983
319213 106.42941806205806
319986 -31.329980709224373
321586 101.88509465959037
323186 142.87677448298334
324786 108.34786127629546
326386 108.77152389586226
327986 109.5384317442414
329586 119.14335602719285
330568 -17.616754497053947
332168 136.61669424540432
333768 118.19600898378272
334593 -53.90519222603062
336193 111.50125391848667
337793 125.4356663357702
339393 120.38496917542545
340993 133.52581276219024
342593 128.25262446030897
344193 131.8431776168804
345793 142.66836185712683
347393 121.87957206888059
347608 -88.20971248986821
347711 -102.73230119149822
349311 152.88631018546428
350374 5.1825128985127265
350605 -109.7859773871967
352205 117.44717568853659
353403 5.14617323848924
354910 23.547272978945628
356510 108.06783836724631
357763 21.8687168979868
359363 107.58289973381173
360963 120.15907353210208
362512 34.05517814796232
364112 146.3510475876935
365712 155.2312122037971
367312 157.74435413052836
367924 -59.214449096403385
369524 148.3095782670193
371124 154.19801106672278
372724 128.01924443065056
374324 159.7639317120534
375179 -30.903270050561986
375667 -93.06757337188847
377267 156.71197834793892
377917 -58.5875188945383
379450 37.252093703902176
379994 -67.1639534087796
381306 11.78304692244528
382513 -18.97683458263994
384113 157.38297283627523
385713 151.50598056181326
387313 151.3176459958915
387798 -62.83672242803565
389398 199.7476021294233
390998 151.73021457902843
391432 -90.12755131991953
393032 149.53325074879953
394632 152.27941632028205
396232 142.7031733000244
397832 162.1323446834801
398690 -27.361085976119426
400290 152.76835376015686
401890 143.88563134976295
403490 154.36181937847417
405090 147.28129786270293
406690 145.13361279641583
408290 169.37142974876645
409890 155.47285263860175
410536 -54.05719371269327
412136 174.3443810306247
413736 164.42795727264354
415336 154.10219918842603
416936 161.327233924329
418536 172.2960877750604
420136 165.23432919962056
421736 155.08489470186785
422613 -13.895748229361303
424167 57.801623131359094
425767 152.89596615593825
427367 154.9104100946381
428967 153.92227118802066
430567 136.51473084972687
432167 169.21918560702537
433455 -1.2450665991056127
435055 151.351483645324
436655 175.42190178737403
438255 172.91826443463836
438677 -66.799316704999
438793 -100.00361281745882
440393 154.26391392565338
441993 187.85153686391013
443593 160.93646873795157
445193 174.83795907263692
446793 167.00538740219574
448393 134.38508013317642
449993 165.75867436161474
451593 182.61986665742376
453193 171.0716340602238
454793 209.26202024655495
455442 -37.651484502895556
457042 185.153222539748
458642 160.9314051281514
460116 44.935679673371055
461127 12.18200300950194
462727 195.20585541668467
463206 -93.7775962563809
464806 180.1491539751447
466406 170.24194188356222
468006 193.9033013121068
469606 178.2652890729449
471206 186.89553900581845
471918 -28.826533574942502
473518 172.2267238853764
473954 -57.00584958664324
475554 189.27097688787447
477154 143.9666113779229
478754 163.88222388709033
480354 202.73590035634612
481954 145.5260907233414
483554 165.91596084440604
485154 158.88969740024027
486754 180.61561753708008
488354 165.48591514858808
489954 169.13079387653283
491554 184.4383882487071
493154 175.64639036680407
494754 173.65376842060874
496354 180.66924047622538
496952 -36.16312100350621
498552 181.20033232622765
500152 178.35602262383983
501752 175.112355523819
502166 -68.4214839384078
503766 193.71696770307875
505366 203.66289231086364
505542 -108.08463318304594
507142 200.94785837363384
508742 190.20335122325528
510342 194.37082998975538
511942 205.96359722616032
513542 189.6192245886783
515142 208.1214316933444
516742 187.81835593934892
517637 -5.484733711500326
518623 1.287498812563058
519870 57.51141083376325
521470 159.60425171355834
523070 193.37197178018167
524417 63.02938411828754
524559 -107.60207825323442
524945 -69.02998791265675
526545 197.1100213081189
526682 -92.26048140909771
527497 -1.701934907101176
528373 -4.807531763385981
529973 191.69593211801921
530197 -95.37380761778603
531797 196.3166131969675
533397 206.81905758350334
534997 208.03592765885577
536597 218.91026339571945
537447 1.5797771420851632
539047 154.85749676352856
540647 184.34618552869912
541115 -63.195321295682405
542715 188.18825513214895
543699 10.581552039202961
544863 20.921242723800333
546463 198.4503529314273
547827 37.81333409786535
548622 -28.809920642772084
550222 193.1264314511262
551822 198.746188010448
552338 -39.13507859174173
553938 168.72463844890672
555538 186.71274199522293
557138 185.48944842472167
558738 193.54138874840987
560338 170.90587172245935
561938 171.74709820901856
563538 177.69430556039325
565138 209.15043453783977
566738 169.7506065604717
568338 175.60702836049677
569938 187.00015879306264
571538 180.1396108978678
573138 200.2156630296379
574738 198.9437677320691
576338 169.9478515781034
577938 175.8692071243428
579538 210.31751572293055
581138 178.29812728205516
582738 190.97813300267194
583294 -36.96226142236652
584894 202.951371159594
585962 21.243982484554436
587562 153.8804103936673
589162 208.40420891153863
589843 -19.186500509612856
591443 193.72840333700233
593043 197.11891569943614
594643 205.199747338027
595451 -25.585330147954437
597051 213.20063839682788
598651 196.2815807125182
600251 179.12481265275468
601851 206.6606239910395
603451 201.0186166899893
605051 183.41498023571623
606651 182.5318140135337
608251 184.69851842784297
609851 172.0484808296149
611451 197.8793297122834
613051 144.97745907207397
614651 189.79520909121175
616251 187.67474780312887
617429 4.749888880569657
619029 200.45955715394996
620629 181.9333121962161
622229 223.6406415663483
622376 -89.59613507048165
622658 -79.30708352193298
624230 106.099049222482
625830 198.47100217710175
627430 196.39645312765305
628078 -30.989053466476747
629678 214.2700090760269
631278 205.90997186670083
632878 222.93162428223403
634478 203.8062295976632
634561 -109.29926130063893
636161 211.90118108862697
636216 -107.62504133684685
637816 198.09394882685032
639416 206.74963858338657
641016 177.19418056010758
642616 201.7947898327625
644216 198.88874355055967
645816 217.30501573735563
647416 199.1594639001747
649016 206.13554886674112
649884 4.046215787030718
651484 235.10531605615174
653084 204.8291173513039
654684 204.57098705082336
656284 239.9382678061189
657884 230.295685495918
659484 219.48596751251765
660235 -30.99898694644243
661835 224.32552157956442
663435 221.3295259660854
664893 64.74885953503184
666493 225.12952361625003
668093 210.63248470852272
669693 227.11524958871252
670568 7.620546873742768
671179 -34.828563033379055
671331 -95.4300249200426
672931 223.32145274734563
674531 224.6591996510549
676131 222.74628735782525
677731 203.92877268933205
679331 230.8171454778931
680931 208.96515722927245
682531 218.0035692924967
684131 234.69317311135117
685731 209.65767472028034
687331 217.63827334707554
688931 206.24582016584702
690531 230.53446755043038
692131 236.17488361077238
693731 220.9654413258595
695331 237.96733117785266
696931 243.00706834875612
697955 -47.376803378781865
699555 228.6207637521621
701155 228.45497101101307
702616 84.73089916831807
704216 207.55064341050468
705816 231.77174496707983
707416 246.86831739643733
709016 241.04869349124422
710616 232.63263035833265
711850 27.919705839480272
713450 248.81212532585877
714121 -15.602977854523445
715721 228.1671711660534
717321 244.20664136458444
718921 227.53735668910574
720521 227.91697539758897
722121 227.45360557623417
723721 236.949125886075
724846 54.80310432621084
726446 244.60735071040074
728046 236.57353975756516
729646 241.1656284237632
731246 240.70216797066757
732846 219.29842273988817
734446 234.5111251282222
736046 237.2491816677156
736119 -119.07183782332328
737719 234.34930324057854
739319 239.9205993439712
740919 231.2444692786443
742519 211.77934901736654
743656 30.234268107511497
745256 234.09619143846453
746856 209.96379974183603
748456 242.9351083686618
750056 214.0096608871203
751656 227.1104929236113
753256 247.74796184431602
754856 248.55379650756774
756456 224.4797915674376
758056 224.9140552603101
758554 -49.028067288331385
760154 238.8274970907683
761754 241.55741301720795
763354 242.82352946281196
764954 247.5015268366056
766554 224.29480945938238
766691 -90.38477772721896
767577 0.8767537285312699
769177 231.32660928065656
770777 251.72280200696224
772377 247.34375818799975
773977 230.2412793029901
775577 193.7336284273942
777177 234.7640334676772
778777 216.70335675600734
780377 217.7572081483976
781977 218.15221395504716
783577 230.43726787008822
785054 94.76074992451242
786654 216.48803859853749
788254 147.70473734761134
789854 233.62586074931147
791454 215.6168118344956
793054 206.33599735549888
794654 242.82278456769657
796254 209.85738965083348
797854 213.26080249996681
799454 229.05256011367916
801054 230.67139022196412
802654 222.8511570640072
803026 -124.10923921507661
804626 217.8807069275546
806226 218.4627081765761
807826 215.74846751394304
809426 224.46297035345643
811026 206.44519814353177
812626 222.83510106296174
813617 17.768146781763903
815217 239.49421566102245
816817 232.10493654040545
818417 224.822836031983
819357 33.67797998114682
819947 -43.532652132596205
821547 215.6469527694747
823147 198.82626499870986
823999 17.947751712799075
825308 89.21328838048916
826908 232.19877574992256
827976 60.17335931304342
829576 234.06365794317244
830507 4.145486456812677
832107 232.64825742266288
833707 217.63293151212903
835307 151.67655377985474
836907 239.27225488534302
838507 239.84495639929003
840107 227.26688966365631
841707 213.859479816046
843307 229.28932384935194
844907 224.36387469993093
846507 251.68972042552164
848107 242.69582747560148
849707 216.35933137646026
851307 245.69971992579056
852907 219.28250493418204
854507 242.63468905891352
856107 250.746884196942
857707 223.89337664123798
859307 240.07794291119455
860907 253.72821826085726
862507 242.48534960623866
864050 101.32095852654663
865650 258.2324591799476
867250 218.00278086319625
868850 245.5146043772904
869549 -18.212878306821125
871149 236.41229228930803
872749 227.60792617858385
874349 232.25360394775424
875949 228.77460735754096
877549 241.25764852670187
878594 37.506103692486334
880194 246.57045242207005
881780 265.3103163908848
883380 202.5139638303064
884980 207.01482961627482
886580 222.88600370286449
886711 -101.1165930555736
888311 236.48148402517816
889911 196.71766542573323
891511 228.78435262975958
893111 251.41134673206938
894711 253.30603003455508
896311 232.25170010064124
897911 227.95112092797854
899511 245.4107623164571
901111 234.29970266334087
902711 233.12515295462444
904311 250.32595243473028
905911 231.76905147100194
907511 238.38086734705294
909111 243.96264375382347
909251 -108.98187604468875
910851 249.096993731313
912132 101.17814196288589
912215 -116.74365097963872
913815 253.9196742858156
913942 -91.2374079530146
915542 261.9048955493715
916365 26.553404029214775
917965 264.96571011190355
918314 -76.38555349672649
919914 246.61913424480815
920033 -97.35846192679182
921633 247.060599133368
923233 250.17170895473055
924833 222.12211631241482
926339 92.67432981343453
927134 5.637559566838476
928734 239.75486610825197
930334 255.18951630137943
931934 259.18056655213013
933534 227.71031154276375
935134 172.43535719195793
935182 -109.04195257242024
935320 -98.97648861590896
936920 239.23223355050496
938520 240.6373716535413
938612 -113.4231702183454
940212 231.0929271939661
941812 232.78711414642947
943412 248.604808772192
945012 254.6929341068025
946612 209.1893873961181
948212 241.50482673163498
949812 218.4389753882758
951412 191.2538110742007
953012 233.07193276678194
954612 256.8400833104745
955394 2.4092573615126014
956994 222.51050573338844
958594 239.24517917084466
960194 244.4941192122463
961794 262.6532002777973
961937 -115.44327328828163
963537 243.37419021672076
965137 198.79625279842304
966737 248.29408144994125
968337 253.23881846784124
969937 219.36252472144264
971537 233.65351292784158
973137 227.6132156261647
974737 235.86065159302117
976337 249.5175150843547
977937 232.46454859893313
979537 245.2741474473244
981137 234.53260150654054
982737 246.64373395030162
983836 46.38134604228574
983976 -89.72427761020448
985576 224.36723149932354
987176 246.85005491677222
988763 270.10937591090743
988845 -115.22241797826563
990445 254.429538439695
992045 226.2700594263196
993645 246.2788249976063
995245 218.754045212003
996845 245.78179883163403
998445 263.47373361536364
1000045 257.162556866654
1000123 -112.13183586529394
1001723 252.3280169475458
1003323 250.34498805929704
1004923 234.73952695432445
1006523 252.23981971912986
1006655 -91.92165560322378
1006757 -94.85851170029677
1008357 252.14544546972084
1009957 249.02168886504302
1011557 245.34072784980373
1013157 240.33670535132222
1014757 229.84067800047413
1016357 229.0255358774168
1017957 246.56234162060923
1019557 252.71756233447414
1021157 217.32382944417787
1021250 -116.37249713698463
1022850 256.82246807170964
1024450 253.72333732257292
1026050 250.69079584365733
1027650 245.19302030836238
1029250 255.78368076271244
1030841 266.57097008849735
1032441 264.6878749273878
1034041 256.65409594555655
1034132 -117.19352013103105
1035732 268.0540418545621
1037332 265.07950767051267
1038932 243.22642674162785
1039080 -131.53869031996095
1040680 241.02014551862666
1042278 265.6447083183709
1043878 258.99286899719255
1044013 -93.86917648284695
1045613 258.71509289661833
1047213 249.27032959488346
1048813 246.83891537039324
1048901 -109.37723749523548
1050501 255.95452973904017
1052101 245.020065592892
1053701 254.0581500293756
1055241 269.3566498958148
1055297 -109.26023368261382
1056897 258.59490513395116
1058497 248.68895884055297
1060097 250.45262591334892
1061256 84.46718748441825
1062856 250.16069981055477
1062946 -104.76629389660992
1064546 238.49910773518604
1066146 241.4886460132117
1067746 248.31852856144434
1069346 245.93918917136713
1070939 267.84470842123136
1072539 259.5779623561276
1074139 241.14614834567638
1075739 259.15858208653145
1075875 -94.28729621112967
1077409 270.14518504529343
1079009 261.4784328706165
1080579 269.2236747559301
1082179 263.85410712231334
1083745 267.4032358869165
1085345 252.51178882006016
1085494 -92.86736543870903
1087094 250.96034021514163
1088694 257.6187515607995
1090294 251.0694084785231
1091894 244.79495129023832
1093494 243.73742407160418
1093629 -95.2654181559477
1095229 258.36549333675293
1095376 -113.93595906444826
1096917 271.1608184927755
1098517 258.08652577978825
1100105 267.40013516447544
1101665 269.4854179034456
1103265 263.8366604014886
1104865 263.23070209321725
1106427 269.21742380782734
1107991 269.4293985595943
1108110 -88.98292049244108
1109710 262.5835981141695
1111306 267.00467587810533
1112875 270.13289771571385
1114413 270.9813897270095
1116000 265.1297000021315
1116259 -76.28960989876278
1117826 269.9336129873139
1118682 37.275485700593606
1120282 266.51828831263157
1121882 258.42160595751136
1123465 267.8557683278185
1125065 258.3111655148363
1126665 259.8845161986051
1128189 268.32229645200744
1129789 244.49674874732838
1131318 271.96999370176303
1132918 259.5498048885293
1134495 268.4912436856106
1136095 265.02790480456065
1137572 273.77741602093306
1139172 233.149891698673
1140746 267.0750554931332
1142346 268.0410411010064
1142667 -89.94755051414172
1144267 251.13298204539075
1144427 -92.16865985870051
1145994 270.9451592371767
1147594 256.7063726914673
1148673 69.71192385393866
1150273 237.28047277155665
1150928 -44.25060652616465
1152528 262.34883379655787
1154128 266.78930916335423
1155728 268.97097966054537
1157235 271.49173555802906
1158801 269.88205632325764
1160322 272.776349924692
1161862 271.8980160286364
1161989 -92.72737154566869
1162068 -112.43191832988089
1163603 270.48808719316617
1163736 -101.97059364435698
1164632 28.418780180851513
1166185 270.9536449545808
1166322 -104.92636866573368
1167922 266.9710494299973
1169522 258.81924553701964
1171106 141.57065251534775
1172690 268.3464250551316
1174259 269.4082868188706
1175859 247.36181675755478
1177444 269.0077984576646
1178971 272.21904366448985
1179481 -10.485645256331424
1181081 182.89096581874958
1182681 247.63515575903085
1184281 260.43124024118356
1185881 245.83792364050134
1187481 202.28196197784303
1189081 238.49278997431256
1190681 263.95341668063776
1192211 273.7084351487839
1193811 260.0862249306814
1195358 269.52580936859897
1196958 268.0123001515099
1198558 259.2298813695044
1198692 -93.68150722793675
1200292 251.94691987232451
1201892 255.68834764905924
1203492 260.94527935068663
1205092 267.29678175497236
1206629 268.6089708014729
1206782 -91.29838479304686
1208382 265.0069043874653
1209938 269.5604749830811
1211538 258.85422575816773
1213126 267.60756831206953
1214726 261.0743088341206
1216326 248.37390586248156
1217870 270.0845461574807
1219470 264.07247746929346
1219552 -118.47600249341379
1221152 259.2058347094301
1222752 261.99338960700686
1224248 274.0614029551397
1225840 264.9473447971962
1227383 267.97370879372573
1228904 271.184720450572
1230492 267.62786724910245
1232023 269.9496304546353
1233616 267.478997316282
1235216 263.0864140618203
1236816 264.61101430243195
1238374 270.2865964854785
1239974 268.5206303840417
1241574 236.43630580588277
1243145 268.6329221161447
1244669 273.475718386752
1246256 269.721354021416
1247780 272.686741977206
1249380 263.90783101447187
1250980 246.54080181283894
1252580 260.18715052433595
1254180 261.36763291572413
1255742 267.8683147743086
1257319 268.26584648078676
1258890 269.31606034468916
1260490 258.8568522253737
1262090 246.00278272210215
1263550 120.24755979188853
1265150 256.2446444759483
1265235 -109.78964034546166
1266831 268.43945959305483
1268414 267.8792661898175
1270014 260.91870403625325
1271533 271.4810501230294
1273091 270.44391188865916
1274634 272.33441232396206
1276199 268.9284446659153
1277799 247.23718808254785
1279399 241.08881698904193
1280999 264.7408640244165
1282599 256.66203260840206
1284153 272.6366889405557
1285753 244.96343534035157
1286862 74.5288763918577
1288438 270.15214284426975
1290038 265.0834786235732
1291627 269.9405309977759
1291737 -97.73440377574228
1293337 230.22174188746578
1294937 247.59635411688026
1296537 257.11372782444187
1298137 253.47074731562105
1299737 241.3357988210006
1301337 250.71922798827447
1302937 240.50238219629315
1303011 -120.50392803492164
1304611 233.45661794769916
1304663 -106.64536394424178
1306263 256.6602270409795
1307863 241.44904243833227
1308940 48.23118658896985
1310540 261.79455354783033
1310649 -95.2791737375843
1312249 265.8290332983179
1313849 257.28871490576864
1315449 233.36851495130873
1317024 273.3267318339817
1318590 273.01988053213154
1320190 251.66294819244158
1321745 273.6032127309827
1323314 271.87698785767725
1324914 267.6479356720735
1325231 -59.683528980905805
1326765 274.99739624327606
1328365 257.68020840033455
1329942 271.72823608241737
1331542 260.712167179055
1333142 256.1144881920846
1333263 -91.13184575851075
1334863 256.6380528042993
1336451 269.7887279364544
1336977 -34.974834466863385
1338567 271.7352680706313
1340142 271.32440439794465
1341742 265.88936385878384
1343275 272.2608998772686
1344774 275.36799225844635
1346295 274.42236565857957
1347390 80.95900086003792
1348974 270.26403820416226
1350574 263.6727112181029
1352112 270.85165183493837
1352238 -94.49305447380246
1353838 260.7197634709258
1355438 263.517280604986
1356967 273.5885059063615
1358450 273.96999199558144
1360050 267.1856208213489
1360179 -89.59796188834991
1361739 269.27785699447065
1363200 129.52362621859965
1364800 253.44652852467897
1366400 262.47851141233525
1366465 -117.30787989354071
1368065 260.5261172246454
1369640 270.932147589046
1371240 237.19878206272895
1372788 270.97132119030755
1374388 241.01271090673632
1374687 -53.290700519076275
1376245 272.4732250506058
1377845 260.99028528250983
1379445 263.04084224429755
1381016 270.52661080560165
1381128 -91.16070430355396
1382728 260.923148222024
1384323 269.9069740129249
1384406 -121.78355853968796
1385946 272.55663985903766
1387546 248.60443953678234
1389139 269.10811379508965
1390739 246.17924988911946
1392288 273.5724463710702
1392359 -113.68230288389387
1393920 271.1148093345085
1395520 255.4935509491045
1397103 269.7161095101504
1398652 271.4514443001752
1398823 -91.7279779119026
1400338 274.37573401107005
1401905 270.0779325917912
1403505 266.08821363174866
1405077 270.3522837591844
1406671 268.68136743293115
1407073 -39.13933878117115
1408640 273.0475198477902
1410209 271.5406902142904
1411809 246.87885625817114
1413300 270.4800662359455
1414893 267.9740557840117
1416489 269.1225480112196
1418089 256.58408874120244
1419634 271.46988142260835
1421208 268.2182991668812
1422767 271.3398939920686
1424289 272.5206059221616
1425552 109.43664726729426
1425689 -93.16267642478522
1427209 272.41415563865013
1428758 270.77977667405116
1430299 273.1412555131152
1431810 272.08328620046257
1433410 263.72397338824084
1435007 269.60638153738665
1436565 272.4098065929561
1438165 266.06312806586084
1439729 270.8908827833181
1441329 256.77833053836724
1442828 276.21432791427833
1444428 269.6156598270782
1446012 269.41832887700525
1447612 263.03357863405154
1449212 266.41831974816347
1450812 261.47247047307224
1452362 270.35263249489594
1453878 274.55485421496024
1455478 259.00934470968923
1457078 256.4798062030967
1458678 260.14537283265287
1460278 250.82226665893006
1461803 273.8820147787561
1463266 278.0173355398833
1464866 264.73975534261893
1466463 270.8328249314868
1467939 275.3812671773919
1469539 247.5310079190569
1471129 271.64279392610274
1472696 269.48387463895364
1474254 272.6600360490618
1475854 270.6506808281106
1477452 265.3357751642979
1478956 274.6034698789692
1480500 271.39154429806644
1482076 270.5461681615254
1483642 270.6726815946048
1485242 243.00704933351017
1486842 264.46021687922473
1488346 273.74186791668114
1489946 257.3991350956659
1491546 265.5781044857068
1493146 247.8754197233759
1494677 272.5766156979034
1496277 259.2974535880608
1497769 273.12486577945793
1499314 270.35801830131936
1500799 271.59733401429276
1502399 250.41944414961208
1503990 267.5470275512488
1505572 269.82383385707755
1507073 271.23489823705313
1508624 269.6534087374815
1510200 266.4192167559488
1511741 269.8062784944768
1513305 265.8438816861896
1514830 269.4187218767794
1516334 271.28494205252866
1517848 269.8611174178457
1519384 269.611396691726
1520922 269.69017149126154
1522487 266.82564888546915
1524024 270.1685542024086
1525586 268.8947357911593
1527042 277.08320062491646
1528569 269.7238304609137
1530087 272.6768953039874
1531662 270.01805295090765
1533220 268.9719404121807
1534739 271.94306811510245
1536322 268.65936797259496
1537840 271.524744038273
1539317 272.42812448806734
1540809 273.1249782661456
1542351 270.5080619159423
1543914 269.7930647175869
1545454 268.987480180101
1546922 275.715801393771
1548447 269.9333077227866
1549923 272.41097909348474
1550126 -103.35675134665767
1551651 267.86646729240573
1553173 269.5745684159167
1554684 271.2481008924952
1556189 273.14013777267087
1557683 271.7758241910382
1559255 266.58810845987483
1560762 270.2492622669422
1562246 273.28283780649383
1563809 267.5442881128636
1565409 250.01286677809298
1566910 272.98119737306604
1568510 259.2229145408032
1569985 273.4252345845764
1571485 269.5704892036982
1573085 257.4680969538689
1574685 266.43788414399626
1576119 271.0573750045443
1577684 266.58910982230594
1579172 273.39157520888506
1579294 -95.5192660573429
1580857 267.5249666427606
1582350 270.72224841225835
1583849 267.40270807088444
1585285 275.73291169804855
1585579 -60.11565777050084
1587153 266.3622081830181
1588620 272.6818094104028
1590218 265.0603458779752
1591712 272.2805119703016
1591783 -111.97734184521437
1593282 270.33253769450675
1594882 254.54740293690483
1596374 270.6498314502381
1597908 269.11302564986926
1599466 265.936472852297
1600993 266.61625784756876
1601043 -106.76271304410386
1602566 271.56665390116734
1603533 64.47652323529567
1605133 251.3634236332946
1606661 270.0230024697572
1608176 269.9013750217646
1609727 267.83959832942014
1611197 271.1293397148417
1612703 270.11905435434966
1614232 269.5491160952183
1615730 270.7890816533803
1616199 -24.88586259946601
1617760 267.17120672705346
1618284 -23.673403306719592
1619877 265.3891070975826
1621375 270.4273638376035
1622921 270.06795236987927
1624413 271.88943055442087
1625916 268.14394757368234
1627401 272.7174390418397
1628948 265.6559362229396
1630419 273.2036512332602
1631910 274.0783129733441
1633406 271.29979340699936
1634770 140.75861169163338
1636370 261.7317328511026
1637865 271.06018182184266
1638906 75.80392875521747
1640372 272.5796481778558
1641870 268.5806274834904
1643368 272.9781234439856
1644896 268.5157446011901
1646371 272.4186807526306
1647784 151.79326131169705
1649223 275.7992428027003
1650760 269.95693450883493
1652233 272.1055804249573
1653746 271.5959332227345
1655288 269.2621025285599
1656808 270.04833238826274
1658305 270.6093948399902
1659855 267.0352587464538
1661356 267.96154466014343
1662918 267.68725791498633
1664372 271.804310281907
1665848 161.8105060095977
1667448 261.6413549573172
1668918 273.29596460400757
1670468 266.38279912512337
1671990 272.2505879583059
1673530 270.14544993302945
1675047 157.58889794868736
1676529 272.3198044561591
1678026 272.2657900013811
1679491 274.1269966832263
1680974 270.7189854882028
1682527 267.17738022275404
1682654 -96.90982617635218
1684170 270.81993561003355
1685662 271.0682509391901
1687174 270.3158355993933
1688697 271.2598787883942
1688779 -108.77826660418883
1690280 271.5339680895983
1691793 272.19587301609755
1693318 269.6728678336354
1694785 272.299940659299
1696207 274.62533769138565
1697640 274.05485447034675
1699096 275.45745060051127
1700590 274.4809546081091
1702077 271.7378914710853
1703577 272.4792090445722
1705063 271.5549042588627
1706559 270.74627556849936
1708048 269.5674589535828
1709524 273.1600687813918
1711003 271.102709550322
1712551 266.79821640594633
1714010 273.9098485648353
1715467 138.91674958411437
1716970 117.07209760433139
1718441 274.294173568264
1719977 270.9274012628254
1721448 272.892303754758
1722993 266.92288815436325
1724440 274.84982047856715
1725920 271.7436353688885
1727437 267.7236252759562
1728913 270.5952748192169
1730339 276.7746489810761
1731823 270.36129174333445
1733297 274.42335840830896
1734789 271.3647417130952
1736280 272.01275047125296
1737791 271.0735922552416
1739320 268.59990133777376
1740850 268.14773231950954
1742364 270.4117420848398
1743449 88.42563439077065
1744863 274.1534040322924
1746349 271.9664199120893
1747824 271.3833907558036
1749296 272.52781502864485
1749811 -19.84607438433723
1751294 273.12278617502426
1752751 273.389257300331
1753514 22.33534105607025
1755004 271.9197113633402
1756481 272.33071449750855
1757951 273.7962897306496
1758069 -101.48218949475077
1758229 -89.4292282051742
1759711 271.8380926581635
1761248 268.10195239625904
1762698 273.44964474983874
1763045 -50.82741388132482
1764513 271.84667183495117
1766026 269.13655343275116
1767442 275.57957768934676
1768995 266.6631139827968
1770433 271.9965380479646
1771923 270.57751819139753
1773516 269.98344145385465
1775014 271.2897031640635
1776509 270.7567693371884
1777994 268.79571885587933
1779514 272.7616074486283
1780947 274.9854206392278
1782394 273.4067770257358
1783925 268.94327447012114
1785321 137.75674405677015
1786831 271.6148418840752
1788340 271.6314353208643
1789791 274.0355007509649
1791254 273.0475168592266
1791394 -89.26114896515818
1792973 268.8439569258397
1794459 271.7823827103184
1795885 274.4950595815356
1797374 272.54951764774387
1798828 270.71456550292214
1800310 273.301999697971
1801748 272.9697805701463
1802458 -43.3515169936959
1803992 269.7264266964196
1805510 271.8896302587232
1807021 272.7868171573739
1808499 272.4094952704252
1810041 269.97568006407175
1811581 269.960118188104
1813024 273.87648088048513
1814533 271.3768506668966
1816015 271.331352495771
1817507 271.8754608902807
1818941 272.6304747825903
1820457 270.7274735472734
1821931 272.68363826933813
1823460 270.6174341601188
1824952 272.07529556669687
1825425 -32.79322778605851
1826904 272.9623280841504
1828395 273.3296084626806
1829965 268.0488612786728
1831494 270.956850378009
1832972 271.80873897638884
1834465 273.61267894993125
1835938 272.6577212628124
1837380 273.7563017049742
1838878 272.7604243015076
1840454 269.32042890147966
1841955 275.1060774584508
1843422 275.2397538486932
1844870 275.39925395221894
1846403 269.80939104351546
1847902 274.2088606119749
1849418 268.5653142649883
1850970 271.3523034718272
1852436 271.81876855892546
1853080 18.092215940910933
1854568 272.11088493762617
1856006 277.9835116678075
1857486 274.32408219627683
1858560 89.76009936979275
1859202 10.266234152069899
1860709 271.05284110683533
1862309 237.6456942892792
1863909 257.3202459897101
1865371 273.05156904880585
1866892 273.63319522357784
1868460 270.1895172969871
1869962 271.48852018750574
1871454 274.229308206347
1872917 275.19580581860714
1874459 270.7813182187055
1875989 271.20230066190476
1877493 270.2094921111137
1878984 273.0134355064947
1880483 271.54618514183824
1880943 -23.603580745254803
1882440 273.00201834714784
1883908 273.76207711444334
1885372 277.9083426909414
1886875 275.6038125497647
1888456 270.09331566560337
1889997 272.6518011685436
1891472 275.10477028658573
1892947 276.27357522708354
1894438 272.8993403546959
1895954 273.576309312686
1897492 273.7582596924141
1899050 272.54426663316985
1900561 274.3733606127638
1902160 270.9422011704999
1903692 271.55403723619503
1905219 271.91179993122154
1906737 274.8667328057374
1906864 -88.95718180538839
1908386 273.31226414538685
1909839 278.3630764596114
1911322 275.4672827667818
1912800 276.26090338950985
1914277 274.0381204088305
1915809 275.3044271901954
1917365 270.95092107263514
1918855 274.5508029148461
1920345 277.04922498629367
1921825 278.07800430768583
1923266 278.69109797400677
1924779 274.68516551357004
1925922 98.97634572294143
1927430 274.47171678050444
1928995 273.23933332890016
1930465 275.35671569800917
1932047 271.79937878337233
1933572 275.71421973128736
1934995 278.44440955203385
1936455 277.2943968549548
1938054 269.7779678619823
1939580 272.9850520603752
1941154 269.5965311734597
1942754 250.97588469796278
1944223 277.113237075261
1945791 272.5562251918539
1947372 271.8564357332168
1948951 273.1342476615171
1949756 15.723999189322853
1951288 274.1558801434656
1952793 273.78326628776165
1954319 273.9292894018159
1955903 271.35307619415346
1956027 -91.88809065866657
1957569 273.0897165956599
1958211 0.2956898335689999
1959689 275.01902778580376
1961202 273.94566908851664
1962713 272.10429240835055
1964313 240.87639800215499
1964435 -92.59424949717709
1966000 272.8990949470528
1967600 260.3290233008877
1969171 273.26935688906934
1970669 277.34899841167345
1972213 274.9340638667406
1972264 -106.1352007076076
1973834 273.3223650635326
1975411 272.55003939994066
1975560 -97.67146391412803
1977023 277.2752583010116
1978516 276.2846707261872
1979907 135.9410845360836
1981439 276.42769402036896
1982952 273.68913878692314
1983203 -61.46219664844064
1983331 -91.82125530857842
1984784 279.0420038888283
1986298 273.99327221631
1987876 269.52406525606875
1989061 80.09361886778356
1990572 274.05492671572654
1992054 278.22810750501134
1993592 274.64844655189825
1993785 -101.15374675349518
1995327 274.4269314642431
1996885 273.61471456351535
1998409 274.83957231292237
1998459 -109.85120073996919
2000003 273.09725824364693
2000150 -90.67428742331204
2001709 273.8292327263414
2003244 274.2209417625181
2003371 -117.49731747193015
2004931 272.2367550345904
2006406 278.8252855464442
2007904 275.391516731875
2009440 272.2262336090119
2010940 274.6959516642754
2012512 272.0874646668882
2014051 273.00778115548223
2015528 277.9443453933228
2017128 261.4602277314293
2018635 274.8163336507592
2020158 279.4949792896458
2021661 277.85127103608033
2023152 278.7942489458319
2024629 279.940874922226
2025105 -57.50497512344582
2026680 271.9519967311014
2028238 272.86461606943266
2029746 277.9681568594713
2031192 281.34040315914376
2032792 267.7645538497411
2034323 276.8020471334738
2035819 279.16494917476973
2037265 281.0084366681894
2038788 278.18531418454984
2040365 272.67615600843794
2041847 279.2139882663614
2043356 273.76149996999567
2044948 270.47499142203424
2046476 273.937895768165
2047982 277.09122826246426
2049463 277.9909870733353
2050995 273.3649967100517
2052080 82.36470872735921
2053524 280.6456530384007
2055124 253.78830871567214
2056665 274.93664363809563
2058146 277.2378269326947
2059667 275.20923969848576
2059808 -88.4000264986083
2061359 273.89379278131065
2062420 73.8216846485075
2063930 278.33668984791
2065500 273.2916690045191
2067010 278.8516672224546
2068472 281.0187573024792
2070025 276.2653799865576
2071510 278.376334596128
2072959 280.74362791687446
2074391 283.02435287822954
2075991 265.21073460053697
2077511 277.7474223428271
2079053 275.0298323462972
2080563 277.45129128279694
2082120 276.88325923429426
2083603 278.49331543328805
2085093 279.2066900000249
2086536 280.14101371294896
2087980 280.98240087772774
2089475 278.73551524656745
2090974 277.6364393015507
2092445 279.5463733321985
2093946 275.7302607650498
2095432 274.5571865589337
2096948 277.13983462176503
2098404 278.9764765340808
2099851 280.1103409889725
2101365 274.8616038008986
2102886 277.97355618508357
2104376 277.49812782713053
2105939 274.24365330555014
2107398 280.4016950304534
2108883 279.8098225402797
2110311 282.67179522524094
2111754 281.6136459364324
2113260 276.3268509029777
2114784 274.34499763101746
2116262 279.0581751137572
2117839 270.44442421556096
2119262 280.4591299566397
2120784 277.9457274326027
2122268 276.5974260998826
2123728 278.92715487732255
2125275 275.0588004312342
2126778 276.5847984440426
2126915 -88.73297472057801
2128347 281.0172491173301
2129815 279.0784979227005
2131415 236.84657869463004
2132921 277.6186428386336
2133060 -90.53604601258536
2134563 277.985175560336
2136149 272.3034661199047
2137653 276.96648894784556
2139144 278.2929407442764
2140568 280.5060740647017
2142016 280.8888471106653
2143413 279.9024772985762
2144861 281.0780336125338
2146272 282.5819136920503
2147707 280.49180408404186
2148690 68.65751311804843
2150240 275.29590975802193
2151754 277.54658886540165
2153275 278.45967186685505
2154815 276.39535226441706
2156356 275.7929260958854
2157848 277.9864426434603
2159316 277.0501149733949
2160791 279.5768026056787
2162237 280.6803747317179
2163699 281.32579693733044
2165217 276.1502895723201
2166738 278.40318408673807
2168226 280.3231634199571
2169698 280.3607336392856
2171238 277.95979662269735
2172748 273.34597916963736
2174203 280.440612386373
2175523 124.93137361939316
2176976 281.15575394896837
2178455 277.9918085858775
2179288 55.97169728647356
2180690 283.43514912495107
2182176 279.35148978625193
2183602 280.6687322129543
2185143 275.78212658318665
2185390 -62.26195175986739
2186891 278.03988696147786
2188398 278.486213487242
2189943 276.3646400074601
2191442 277.7638727461735
2193003 275.87088006447794
2194467 279.7426928727198
2195024 -12.683749639214525
2196534 277.1182674148995
2198023 275.97908082563794
2199543 278.7218653493681
2201036 278.15548583933116
2202597 273.06318024696805
2204069 279.77191297901595
2205514 281.5513886975486
2206150 11.54028557978937
2207655 278.4394555108423
2209208 276.825162716795
2210736 278.74546389127136
2212282 276.9101283335889
2212421 -100.4815408153416
2212549 -95.7256557615151
2214139 275.4158998882857
2215587 281.8110670039001
2216228 7.887104910785553
2217703 280.52108970340174
2219191 280.6999659865284
2220630 280.95654303002226
2222146 278.5585216655204
2223648 276.7736540347322
2223721 -111.55807082900529
2225146 283.4328618026847
2226661 278.60523696270036
2226719 -110.21147599037985
2228200 280.6324238581354
2229669 279.54090686269734
2231132 281.1445278035579
2232624 277.3972734142739
2234175 275.3534206132078
2235598 282.4442337120261
2237103 278.52589548790405
2238580 279.40408738252603
2240036 278.9048221545206
2240092 -109.67986676976892
2241676 272.34434688606814
2242186 -11.759179743507133
2243690 276.417583943803
2245198 277.66284504488846
2246666 279.4395319082821
2248147 278.86178501253016
2249668 277.4021162226063
2251172 279.2651886786722
2252577 282.30203336404736
2254057 277.66011512006816
2255580 275.98889056241
2257085 275.4617345376828
2257825 24.98491391191068
2259334 276.3874239640771
2260918 145.64795106391995
2261796 38.92073868789956
2263302 277.3850556851032
2264825 277.7561082270567
2266315 279.93787310426677
2267772 279.5393220477212
2269233 281.37600754378974
2270699 279.16465092824967
2271596 57.38434632417716
2272458 53.20595459895887
2273854 286.06201045798076
2274866 78.04998010486426
2276371 277.4388717093105
2277841 278.18602049985816
2279322 277.54429509419754
2280878 274.3259312843751
2281023 -92.3211327185935
2282479 278.6428530327815
2283909 283.34983784087274
2285370 280.63847043989443
2286843 280.7213031782641
2288302 279.5304287583286
2289846 276.6113488023826
2291302 277.5460756312497
2292821 274.99376186925235
2294292 277.9430501104719
2295892 270.90406483674417
2297373 278.59313363064047
2298905 276.65024116858245
2300396 278.78449805978994
2301876 281.01720364862007
2301956 -109.52053183223059
2303507 274.7003566347622
2304956 279.64934795868425
2306414 278.3253644253521
2307851 279.4389440524169
2309368 278.4687285742555
2310865 277.2752023915939
2312339 276.02002521452533
2313823 279.2974535706696
2315346 276.1885791964666
2316806 280.7318101504958
2318278 280.3959798819283
2319820 274.59647766001916
2321266 279.3164537352304
2322712 282.58724469507075
2324185 279.209013962962
2325664 277.23660948668544
2327177 275.23463265279656
2328661 279.98835364280853
2330177 275.6562199531622
2331610 279.48695377360525
2333130 277.08339715975137
2334571 278.34680953686194
2336014 279.6679678521304
2337447 280.2280046000058
2338916 279.85506851874004
2340426 275.8009431778722
2342015 271.40332859896307
2343547 276.509622826299
2345006 277.642788811305
2346510 275.68946689383597
2348022 276.26860359636595
2349502 276.1164847406699
2351019 275.9333524458305
2352458 279.8979488426738
2353876 282.34950784842925
2355285 281.9361368533349
2356750 280.15118486827873
2358198 277.6388147617937
2359638 280.43961793485386
2361094 277.58730840043523
2362613 277.459854373968
2364071 280.4595098281546
2365530 277.9817425646176
2367001 275.5693591580146
2368483 276.44661511296334
2369962 275.16509124405826
2371558 272.0640712891063
2372980 280.631667834049
2374425 277.23986661463164
2375935 275.5148544836507
2377512 274.98144708026945
2378908 283.32361673541186
2380381 276.7426632949922
2381909 276.7816454762826
2383385 277.9507726188273
2384871 276.96996492949404
2386392 277.261546501691
2387858 277.22098437510846
2389348 275.6489178721149
2390847 278.753365448792
2392286 281.9027938144746
2393756 279.5053450898915
2395267 277.2771534663281
2396770 275.409452253878
2398245 278.47889773898777
2399782 274.8216944639976
2401278 279.1450625646496
2402735 276.91285103329426
2404236 278.1406047689465
2405712 277.2430134350551
2407238 275.54484101504
2408740 278.29581727388023
2410212 278.2185269336743
2411732 277.33564527077266
2413152 280.0357790258706
2414639 279.1473983339981
2416098 279.9845493189546
2417575 278.2374566829928
2419095 275.70702368993085
2420635 274.54154303192547
2422092 278.9346777190503
2422691 -0.7239923488547078
2424183 278.03267734968085
2425641 277.659269532431
2427120 279.95578886016466
2428581 280.0643834235706
2430083 276.9768761621594
2431579 277.42409875314814
2433036 278.64262606614653
2434256 123.38600181196568
2435667 280.4021607274079
2437189 277.92024793579293
2438673 279.4709195690872
2440134 279.23700490150054
2441629 277.98860657962047
2443054 281.6371279979146
2444501 279.51291763117536
2445992 279.49843413057744
2447429 281.538266109688
2448980 276.60317832826047
2450468 277.3855220168959
2451921 277.4116898252741
2453414 278.19894380912297
2454859 280.6819506233505
2456303 278.9818755492792
2457783 276.07953501982644
2459208 283.0221053569301
2460667 278.70007056616925
2462103 282.28568060010576
2463607 278.58941923530506
2465120 275.86916994805773
2466596 278.6965966578818
2468036 281.2282002821767
2469490 278.4833819570035
2470913 283.07428977794837
2472363 277.0380273164252
2473792 281.6241153598033
2475257 277.29478859750344
2476742 277.68128900058724
2478217 277.802105086351
2479720 278.17105392995126
2481124 283.17069538108166
2482569 279.3493954851496
2483954 286.09918899834753
2485358 282.07039270136164
2486828 280.9271124173367
2488281 282.32396279891896
2489695 284.22131746816433
2491224 276.7733377313806
2492706 279.48546329814263
2494113 282.160519065879
2495629 276.2174196007867
2497138 276.719868152668
2497944 36.586507393700344
2499496 275.0728796468323
2500178 14.772814912984614
2501684 276.7485945051946
2503174 278.36562278809316
2504752 270.3172834839613
2506239 277.8156918247557
2507792 274.56355716447655
2509230 280.4295740838738
2509391 -127.4515741080943
2510781 282.0207069242827
2512235 280.56653588191466
2513744 276.38957388833643
2513857 -118.23756707686093
2515334 277.0506888161504
2515388 -108.84306971477531
2516879 277.97124222013264
2518404 277.3362263010267
2519867 280.651380890733
2521410 273.56850106882945
2522874 278.7479702619824
2524395 275.23525578581797
2525868 280.34709414130367
2527468 259.30699016017905
2528914 278.3560919484926
2530375 280.7641431750323
2531892 276.57749313524727
2533368 275.9647012364754
2534819 280.40717873446135
2536344 276.7510744147035
2537848 279.4539898032283
2539304 279.2997488711832
2540812 277.64166506321715
2542260 280.5312512285373
2543747 274.79403072110966
2545241 277.6642148420532
2546681 282.16918009946977
2548137 280.0265085832152
2549605 279.7010417001676
2551153 274.94795791655014
2552600 279.59664153689977
2554049 279.01667690782926
2555555 278.3312559233734
2557028 277.8110365578387
2558547 278.95112495986353
2560064 275.9719327614949
2561541 282.0411079063495
2563037 280.50316979199226
2564530 280.1663695927196
2566021 279.37322413298017
2567481 278.2064454597734
2568988 277.99023100300604
2570497 277.9089249055906
2571971 278.21096691443853
2573449 279.01532741157985
2574898 278.4665741221251
2574950 -111.20624799919905
2576434 278.0971450314057
2577852 282.44417607802205
2579350 278.9887928221201
2580809 281.2154517747109
2582249 282.5418188430044
2583726 278.29450697785614
2585171 279.59816689314505
2586656 280.252036067757
2588151 279.018984713715
2589674 278.2758187710977
2591185 276.71761874923806
2592729 273.9101612638407
2594148 282.1706775226452
2595593 279.07397812448886
2597038 279.5429724828616
2598551 275.7029082081352
2599959 280.58187430000095
2601490 274.32618082752026
2602910 281.0807359563698
2604412 279.3589523082695
2605931 276.0450603662883
2607389 276.74470190832994
2608832 281.40930981027793
2610360 276.4869679474011
2611887 275.5335397794296
2613340 278.23379078960596
2614835 278.38866598441524
2616363 278.1621645702329
2617880 277.8042179614192
2619434 273.79152014622093
2620867 141.74801005639404
2622254 285.1993044803583
2623748 277.55877889832345
2625152 280.3010910151354
2625497 -82.3411411440987
2626069 -16.848723627732454
2627549 277.721130680625
2629039 279.8351043879701
2630612 271.7101884477992
2632058 281.6200981523857
2633627 273.66070718129583
2635117 279.46454253144816
2636553 281.7955384816505
2638002 280.5132252538447
2639502 278.3815071212776
2640218 16.240745956635323
2641685 278.680595755813
2643099 145.22421144040814
2644632 274.84304311687885
2646182 275.2597980247617
2647677 276.25179002894635
2649122 279.98856442612964
2650590 279.1679025019273
2652057 280.47720575505303
2653518 280.70517520050754
2655016 278.56505552750866
2656467 277.99124171065716
2657977 277.28655909997906
2659477 277.1915390057855
2661077 270.70471086050475
2662522 277.97058943422655
2663954 280.52921436383326
2665404 278.9341157638097
2666887 276.04739037985604
2668301 282.3744351207556
2669761 277.51883805780534
2671197 280.8040749651253
2672696 277.66208573986376
2674220 277.1941216985092
2675728 279.2375227482419
2677203 278.449805839283
2678683 277.7330948633374
2680195 274.84697271256175
2681715 277.746056250579
2681849 -114.8139614122007
2683369 276.499638650585
2684923 274.87884579247816
2686411 279.67793152958956
2687848 282.1803051007919
2689344 279.1203487333162
2690944 270.69361394230816
2692433 277.8432167587724
2693859 281.3815920555847
2695352 277.0301734362211
2696871 277.21414435394075
2698323 280.5192480324939
2699814 278.40433412090766
2701317 277.55541708563146
2702810 278.2074970205364
2704264 280.29972530787734
2705721 282.7686903540555
2707244 278.11063209122386
2708729 280.1929242243547
2710274 275.367054373778
2711818 275.4548143450912
2713283 280.6388575575495
2713372 -115.40931299466206
2714586 19.498328023483367
2716081 278.5964379406288
2717584 279.0578023789071
2719087 279.17478811558334
2720563 276.63887607155027
2722037 279.2330879323758
2723440 282.54878618934407
2724133 15.828755711470961
2725623 277.8384544791642
2727138 279.5062847632254
2728607 280.5977249992961
2730129 278.76394507892775
2731646 276.89449311222376
2733175 278.0987098976632
2734688 277.3440050070475
2736174 277.99437475575434
2737685 278.39512933085456
2739285 249.25892676319265
2740803 278.0400352002935
2742289 281.45328512192407
2743740 279.78578556642003
2745168 282.1192914755247
2746681 276.8771558396848
2748195 277.6127115846575
2749675 276.1060198501403
2750527 -13.384308891666578
2752068 273.32426866021416
2753605 272.42776490115904
2755067 278.8034148466333
2756534 281.1851185265464
2758057 278.4052732836955
2759596 273.9821326717462
2761087 277.8525801899056
2762546 282.7404251909277
2764013 281.32028426697786
2765496 280.0884298985064
2767009 279.7783964328543
2768562 272.9868476129831
2770021 279.7038677800609
2771488 280.2064893611104
2772923 280.8281873936375
2774515 275.9927576307233
2776032 278.0612495403244
2777549 276.4574519664188
2779020 281.4449952301044
2780508 279.5287446215909
2781926 282.7356556311675
2783484 276.18259072282035
2785073 272.74403083658655
2786542 281.08471829859667
2788087 277.20957564746345
2789609 274.47804148685356
2791085 279.3329646241792
2792642 274.50665160976894
2794242 266.05656176171533
2795842 260.0377853578948
2797350 281.49630449623805
2797672 -95.86619508140657
2798924 121.88892212857618
2800418 278.13387775895484
2801893 278.7431688166646
2803362 279.7483544155052
2804813 282.54810540227675
2806283 281.9611615349426
2807778 278.56390260273554
2809271 280.82058615506173
2810859 273.7602116295259
2812421 276.0764159299878
2813888 282.73405360693476
2815355 280.802725220729
2816860 277.25925498297073
2818370 279.3270355957736
2819857 281.8368348634356
2821338 280.7014239865061
2822867 279.3166256163398
2824370 280.7752782632417
2825865 278.22293219462574
2827336 279.36196950202947
2828809 282.198393990456
2830243 284.01220532097034
2831509 122.67728354161156
2832727 117.54070923177437
2834264 278.7359086345349
2835749 279.6927192880644
2837224 284.97302315029117
2838760 279.52545544885976
2840254 282.05453298592374
2841733 281.9345838351239
2843236 280.6755256310366
2844763 279.847760011688
2846308 278.05005357010566
2847827 278.81905057764726
2849338 279.5138538686481
2850835 281.3681140701925
2852285 283.3280346912134
2853772 281.0705603919864
2855280 280.4549545173752
2856779 280.5437838651401
2858321 277.6928121317292
2859803 282.03849524367365
2861265 281.6533860785948
2862791 278.63919385352864
2864391 227.70073087936464
2865845 280.99976729945126
2867344 281.1158433832802
2867620 -98.1617111528044
2869157 279.07079492182237
2870670 278.5893245874368
2872270 174.001080742657
2873833 277.35454796926814
2875361 277.8074319903678
2876883 279.67782467272446
2878389 281.4895566878619
2879820 284.90982794671976
2881274 285.0071377600034
2882734 281.73342829649613
2884161 283.7622770444133
2884782 3.0279801756565092
2886289 280.21145935368054
2887723 283.8206141330366
2889225 280.0056060293625
2889952 18.935956201633147
2891460 279.75516932032303
2892902 284.27773776239155
2894325 284.91028733968835
2895782 282.4846865642755
2897280 281.8740978945213
2898751 279.893953664063
2900219 284.0508187709582
2901687 283.1378810734412
2903244 276.7825489336082
2904759 279.48698950761195
2906203 281.43831338307365
2907691 283.5603271615335
2909202 281.02294880727715
2910681 280.8086198422918
2912208 276.46804695448435
2913682 283.0289529762402
2915210 279.26636346633876
2916689 281.72029475215567
2918154 284.0147795073783
2919586 283.03705202124553
2921101 280.7410857411386
2922572 283.65948942017906
2924030 282.9000660977828
2925519 278.47373785099677
2926959 282.4322739439581
2928407 281.89631015579647
2929926 279.64596646891374
2931378 284.80171038294355
2932857 281.3436003192731
2934283 285.86054748820396
2935709 286.02241916662564
2937170 284.69141876380263
2938709 277.66638808601493
2940117 282.77283664995963
2941574 282.54348777480135
2943132 278.3173697200229
2944602 283.5256012947374
2946050 281.8998908279709
2947519 281.62441801881795
2948997 281.3214382970546
2950458 283.17081406971454
2951952 280.86862796288153
2953552 271.96566181794174
2955078 276.48196560277194
2956579 280.0951093976246
2958067 284.06417658224996
2959590 279.009092501066
2961010 286.54934426555263
2962462 283.56748920928885
2963931 281.4204838707102
2965497 275.36712423311127
2966951 174.09123060185402
2968546 277.00923447215837
2970043 281.05801735266533
2971521 284.20076873757995
2972960 284.2426999025469
2974479 280.1343413026594
2975992 281.4871899229795
2977450 284.26383522665367
2978966 280.39104352117187
2980367 137.0413300846198
2981796 286.3136324942008
2983238 285.39136083915713
2984688 285.39982339442395
2986134 285.3628885367062
2987635 282.7226713006419
2989111 284.61795883235436
2990650 275.49486809111886
2992105 281.27521714697406
2992857 2.683626757034787
2994347 283.30892271592387
2995801 283.13643511754543
2997284 281.1639768712296
2998769 282.09566062640755
3000263 281.38447274941115
3001764 282.76936079698794
3003209 282.44080839312977
