# reward.txt contains number of transitions:cumulative reward
59 -114.90298239724059
135 -109.50612504011889
195 -106.36517700555176
237 -107.06100949514106
328 -103.7445889803286
1928 -111.76691302938629
3076 -201.41461125346527
3164 -102.05860975277083
4764 -106.01646631162177
4879 -102.63424345897636
4949 -99.29242193792388
5080 -124.3279231007139
5166 -115.16705710935095
5221 -114.27434979712342
5314 -100.82582943242292
5377 -102.98761445616373
6977 -101.35040830235772
7112 -127.06791756492356
7226 -101.63026919419815
7298 -116.34975464022345
7373 -103.83011941573582
7416 -108.63292904103176
9016 -128.98667392204638
9073 -101.70074830715048
10673 -104.17513569814447
11394 -156.6758822166862
11446 -110.80954672531101
11507 -112.39080491336435
11568 -103.08809623657416
13168 -110.6943121774929
13229 -105.7911037615221
13299 -106.20008106039651
13344 -113.25039461019698
13381 -108.65626377522821
13475 -104.79536439236269
13686 -113.12921048652443
13766 -117.43520654826611
13841 -110.24553441265908
15441 -112.62030912859824
15496 -112.64156024749825
15549 -104.90349576162671
15619 -105.02379512351938
17219 -110.16711936992891
18819 -112.39617813938222
18879 -108.93806734782923
19031 -121.08691653115116
19103 -108.71618091790874
19191 -107.71865554808235
20791 -114.08932387022928
20839 -108.53438730134691
22439 -111.67374728093291
22547 -106.08584309239143
22612 -106.36085992544214
22661 -107.81067017267831
22719 -112.57366777434137
22797 -117.08649373827316
22881 -101.03231028307168
22952 -103.04683269453763
24552 -108.79348160584601
26152 -111.96395126439396
26249 -108.66066388220278
26318 -103.90081367201545
26392 -109.70630446417908
27992 -124.01313151589154
29592 -116.6389271145799
29680 -118.53008330242025
29726 -108.49782729109066
29764 -106.52779841395157
29880 -122.05242735253337
29943 -101.47336560999354
31543 -113.97702653356613
33143 -96.66509409786171
33210 -118.03525467181765
33278 -101.58345255017653
34878 -106.3528101955879
36478 -110.9565695132934
38078 -107.7950364987427
38179 -99.26112791534761
39779 -100.24750685197628
39862 -102.22964036407632
41462 -106.19890107758339
43062 -114.6387929732407
44662 -108.56376605041388
46262 -101.69567295657181
47862 -98.90086005088384
49462 -102.55385807799385
51062 -103.9486192586497
51169 -119.29916063549929
51301 -104.4617125490165
52901 -96.31468438129446
54501 -102.68679604663006
56101 -99.31440350881101
57701 -100.30488813632252
59301 -94.60600887263072
60901 -93.72247290284562
61001 -110.40635264660978
61071 -101.44789968139926
62671 -92.85971282666293
62773 -104.01382381662603
62853 -108.20341256565477
64453 -102.83769047118653
64510 -109.9903846866383
66110 -90.20235022026726
66225 -103.29105041619763
67825 -86.29757406765849
67906 -120.51082640262321
68010 -112.02926207865961
69610 -84.18077642601482
69701 -107.72301517654397
71301 -83.97981545384523
72901 -87.75969293142062
74501 -84.64906388085963
76101 -77.47832055824321
76214 -105.91235052247718
77814 -73.61786996543421
79414 -74.49759358144613
81014 -78.2071920472917
82614 -68.29104186254688
84214 -75.56972836272918
85814 -67.12869116586376
87414 -70.85340429161351
89014 -57.510608471148394
90614 -77.06593968159432
92214 -74.7674872784799
93814 -63.804968467767075
95414 -58.051369808844655
97014 -64.16669938832985
98614 -64.7547591437486
100214 -55.57486654331785
101814 -59.28091929293792
103414 -46.70475778810567
103524 -120.52394750497862
105124 -63.572016914177205
106724 -49.84059434972647
108324 -61.03679585591643
108484 -103.55692495050964
110084 -54.442739443584024
111099 -143.75608723131128
112699 -49.85240421690054
114299 -55.65462655807099
115899 -53.097968550093896
117499 -63.26263276529504
119099 -50.25330041075493
120699 -49.55395492355277
122299 -44.757543538332584
123899 -46.819919759614784
125499 -43.286162805117556
127099 -45.213946986016516
128699 -42.69507048944758
130299 -44.49707255752628
131899 -44.534045690941916
133499 -42.1917215569261
135099 -45.559185285278325
136699 -37.69580054274698
138299 -33.456915076102426
139899 -24.42030379874257
141499 -41.19935108395476
143099 -29.31128727764201
144699 -30.957764362411567
146299 -28.016783135200203
147899 -48.351853867263145
149499 -13.087505591084554
151099 -27.06681879540903
152699 -13.890144146151686
154299 -25.679337746931864
155899 -14.639386194397998
157499 -18.443805179190505
158686 -120.06624159689373
160286 -39.370387505076216
161886 -8.309462204237171
161964 -108.16201856550761
162530 -118.56256653927764
164130 -9.800828319724632
165730 -11.671902421658848
167330 -3.4649368594245358
168930 -2.377677367706468
170530 -12.42577710514328
172130 -4.597274023111284
173730 0.7480205027836394
175330 10.401859004796155
176930 0.34725271265704816
178530 3.609342838734695
180130 7.59425692851408
181730 18.039543717401752
183330 14.686916619887276
183616 -109.22610385112216
185216 22.208824569630913
185975 -87.35544844313398
187575 -4.045988371657846
188675 -107.00094917313506
190275 24.48073684495624
191875 13.276391747524945
193475 22.072579268976412
195075 16.675262106824007
196675 17.455678661871712
198275 -0.1630176122981666
199875 36.486433466286094
201475 26.352435249814153
203075 32.18933761562285
204675 44.144590026490924
206275 51.41556917712406
207875 49.04245585733337
209475 56.54593564230947
211075 64.45052763957091
212675 58.33872327390122
214275 73.79016268387859
215875 63.386745199089034
217475 76.52013475359995
219075 85.95447133344503
220675 70.78980759398259
222275 87.77525415235043
223875 95.19752053264855
224024 -97.05311638175323
225624 102.86766283454428
227224 97.4380271875114
228824 113.5892425112877
230424 123.03727411175463
231875 -3.5495894088007702
233475 142.81358009500687
235075 116.06200557505655
236675 131.499074101304
238275 152.43591447214158
238354 -110.65698805048441
239954 142.0218977385721
240176 -90.54001366815841
240961 -28.156949629142275
242561 125.096091549327
244089 45.45765281326479
245689 158.92263429885986
246017 -97.85873211821976
247617 142.85467008055062
248184 -69.9759606436963
248735 -65.24010309873887
250335 142.30054357101105
251935 122.28626262863969
253535 129.7583907733758
255135 147.40104723453396
256735 134.20900561461465
258335 154.22861438753222
259324 -4.361557000464444
259656 -74.69073339859398
261256 147.7997334152813
262856 150.52937941351024
264456 150.43323505992552
266056 160.3429645230336
267656 164.0056698170035
269256 162.301027020684
270856 143.7997911935638
272044 23.0840727748958
273644 165.29587499852045
275244 161.93612285331307
276844 166.23033162926143
278444 158.7695859329021
280044 170.02859007963718
281644 154.526830997269
282357 -44.96437442067943
283957 169.8633425427565
284225 -96.12595895674141
284887 -42.79972261060711
286487 139.10875270561607
288087 164.078346297724
288679 -63.991232648214925
289384 -51.519903043570686
290984 184.4222094259485
291297 -74.05643899527689
292897 169.78758188348593
294497 182.78602437250257
296097 174.66703734064293
297697 174.10156616738698
299297 138.01357967230243
300897 185.5399584986066
302497 159.06398322485344
304097 164.44323296084738
305697 170.5076171355283
307297 159.97504308246587
308897 183.11054110924948
310497 145.22529390620855
312097 189.68073804682982
312216 -94.34571762207709
313816 175.47695487082504
314640 -23.495289388958383
316240 179.24064790496658
317840 171.0827735855496
319440 149.1545146804779
321040 130.0739602890251
322640 156.43122517723688
324240 165.84426146552792
325840 133.4125669427823
327440 182.65283632289544
328856 40.63591716080171
328959 -116.26045488665439
330559 181.98458160827923
330841 -77.33391585873379
332441 184.94992264880773
333513 1.084224481477193
335113 181.36424230242918
336713 158.38148570977407
338313 162.11401276462098
339436 -16.086570932770684
341036 176.6449836478453
342636 163.58949272161837
344236 172.22870267285657
345836 166.38293952608538
346382 -55.10513983768966
347982 150.73457342346163
349582 176.69512069532615
351182 147.34800144542396
352782 158.4606681871714
354382 171.92490610767643
355982 185.15264262631715
357582 193.12429251520817
359182 173.69344479263222
359587 -64.30369421016113
360121 -41.53763459266411
361721 191.79569967952895
363321 191.4120369207487
364921 150.50894385955195
366521 180.4570189517294
368121 128.85321864640147
369721 150.5729011389343
371321 166.5103911810358
372921 146.72417797278217
374521 165.7251995370019
376121 176.86212955163745
377357 26.762139512281863
378957 158.74974739142087
379748 -21.153747329927896
381348 187.78271697981475
382948 167.6354430506609
384000 9.913425505238976
385600 183.697287164289
386399 -44.22605368416482
387999 181.71278171508243
389599 168.62932364115164
389681 -115.77474299510692
391281 179.1415173895509
392881 205.8852435560345
394481 188.5532174938602
396081 191.29140474147673
397681 188.6215589901781
397749 -121.98071596271296
399349 189.94278783886506
400949 165.47119613589152
402549 183.57432262188405
404149 153.47132870116954
405749 170.36975632361867
405816 -116.64722853460783
406187 -61.50142555133439
406318 -92.65050242641692
407918 173.8725840642891
409518 171.57287668862878
411118 169.91702082795078
412718 173.96487134669098
414318 194.86792419890634
415918 186.12698215995837
417518 186.80251915205585
418840 18.1021664557951
420440 187.53749367145073
422017 86.86873317221392
423186 24.638229680496167
424786 137.42573647349073
426386 179.813693842981
427986 185.56279360604887
429586 174.19239838043333
431186 171.08125080811746
432418 23.370878386871823
434018 189.59326557774497
435618 191.58615626270526
437218 192.17331122290497
438818 206.2544074136078
439740 -16.32938149977427
441340 193.1102414115591
442940 194.80347759072717
444540 186.70885908939434
446140 183.97976557529074
447740 182.3367021810605
449340 178.24168160907752
450940 199.21236132979132
452005 27.27890690376617
452318 -75.63892271809402
453918 187.52539984592832
455518 184.52024705076212
457118 196.1988874047488
458718 188.88337318743385
460318 171.658974841971
461918 182.10394171346266
463518 197.61808539492935
465118 190.45658775059974
466718 155.3162189822002
468318 207.93117290851907
469918 199.64179559191626
471518 169.30087012594288
473118 192.26571903497293
474718 196.98395163821206
476318 216.5940444880033
477918 191.4222791733268
479518 180.48290851518223
481118 191.60371447273673
482718 212.90918031343531
482882 -89.92628493582053
484482 181.82427184448719
486082 208.43009140340465
487682 207.17411596631317
488878 14.041997524645168
489844 23.685557729583223
491444 201.43159391519245
493044 212.31995078023402
494644 202.8288826236294
496244 205.80974521166237
497844 187.7440026966775
499444 181.30178163857468
501044 194.51654130442807
502644 199.367849428643
504244 186.07795270553638
505844 211.98691166262194
507444 196.293853418929
509044 216.63063253156773
510644 203.59750736713684
512244 223.44253907460106
513844 203.71521662580363
515444 200.74105805945047
517044 213.63547401837138
518644 212.93165628388817
520244 199.18565485893808
521844 199.62347351133806
523444 212.53043533031106
525044 201.5891304324677
526644 214.41637664198026
528244 211.85639200146016
528406 -87.62825839032172
530006 204.6769414087431
531606 213.39628026778612
533206 196.48052912654924
533836 -18.966929510397804
535436 197.27535592707255
536672 39.921612411977804
538272 208.610854817768
539872 208.15024857653097
541472 194.50233657494428
542035 -33.16537388626544
543635 216.48749516602018
545235 191.2253718080734
546835 201.29993319032948
548435 214.02572431509284
550035 213.52057558179035
550877 -2.7242799968054356
552477 221.0304823424204
554077 208.41797749331772
555677 211.62252527031455
557277 210.2062253319704
558275 19.55748809349349
559365 41.68130860074922
560965 212.2300779515138
561650 -22.748467746173986
563250 206.6477527055535
564850 225.42163280294386
566388 97.45341292228915
567988 207.96162253315597
569588 217.59862628409573
571188 202.85105865407988
572765 22.651493401142602
574365 208.5098652623295
575965 195.2129664811108
577565 206.70494145564874
579165 212.0351543300287
580765 201.13909018812575
581783 28.36615809982655
582727 9.30506464199702
584327 216.266264161365
585927 207.3284900710498
587527 204.62360240002874
589127 171.62269222983988
590727 195.6255334713669
592327 196.02908530576943
593927 210.360998615356
595527 200.5290200293287
597127 179.72881150419693
598727 210.6479236542684
600327 213.82958980621027
600554 -102.04634003542488
601105 -27.287797600061026
601647 -42.3912200556155
603247 185.61326244223235
604847 205.8953285435351
606447 208.15397713982085
608047 212.98333232825416
609647 212.99306763270715
611247 196.198645818661
612847 199.59925707070656
614447 202.72135953900346
616047 223.91993257934007
617647 196.363562371085
619247 203.00733041411388
620847 215.83359176489353
622447 210.13012056665107
624047 216.20512561171032
625647 220.20665068970214
627247 210.4403102472518
628847 220.61866883699037
630447 217.80755323528078
632047 211.47113420253822
633647 218.24154465704106
635247 222.50948891105648
636847 201.18453796680498
638447 189.91666768608812
640047 204.63714018004353
641647 211.25582107841817
643247 216.1335640199095
644847 187.00557436646596
646447 207.4990600282307
648047 222.46091994828424
649647 205.7726046951357
650233 -24.54491925284698
650718 -49.56653031998938
652318 210.3167372735372
652764 -43.770489011780654
654364 219.02178584363998
655964 214.71367339793278
657564 212.6036383081812
659164 232.53586048287394
660764 208.15370931060303
662364 191.78458642314257
663964 232.81980286015983
665564 210.4776968391395
667164 205.1842390396766
668764 234.49300218035856
670364 225.3003059823659
671945 103.40418093944203
673099 50.70447301016935
674699 223.81645203021944
676299 224.54339175085195
677899 222.51438057215944
679499 214.88991603407078
681099 235.94986359502903
682699 204.47252414067205
683038 -65.57096154853144
684638 218.34055966045315
686238 210.1774503745376
687838 213.05354973407245
689438 216.9308000283515
691038 228.08313550321967
692638 211.09151289124506
694238 236.76748257249136
695838 246.66871391806805
697408 122.53887113554319
699008 210.82805294272606
700608 223.85469546585531
700773 -95.55307582752717
702281 122.41110447680632
702732 -60.673861048794144
704332 219.1062213167004
705932 212.57324294124956
706498 -31.73875980870001
707734 59.99946868352387
709334 244.13328648200266
710934 220.21357452028266
712178 75.35919365006757
713778 230.00397271816726
715378 224.78348837387506
716978 224.11055838073534
718578 224.57193765131214
720178 230.50561659650137
721778 216.4255525067074
722641 -39.896746195069795
724241 218.96735868487033
725841 241.76065879264323
727441 224.05912489446757
729041 239.16603866539901
730641 225.49172995433435
732241 241.52226589090142
733290 51.52930348348835
734890 216.76874855554732
736490 216.4542022775327
737842 91.40368049558955
739442 201.40855078244084
741042 236.24316024709384
742642 228.1474032959838
744242 221.62474344115319
745842 229.75790471216212
747442 222.5082698990123
749042 237.0354634431516
750003 5.271322298636221
751603 238.84200764786286
752727 53.72944884048334
754327 236.48028506395315
755927 236.60045864977474
757527 225.43292117658495
759127 224.06015286828267
760727 228.33249933946465
762327 232.29036771711355
763927 218.006428557476
765527 235.90841322872654
767127 222.80343719616462
768727 222.88908650114888
770327 236.89976751116382
771927 243.01884997211573
773527 222.62250943419062
775127 235.4646917826089
776727 236.12900654633617
776967 -80.28533942033475
778483 -21.840707197423583
780083 211.83224402561584
781683 217.2416584435131
783283 223.77240846370842
784883 236.03291996444165
785775 20.235026310840126
787375 243.1101859714024
788975 244.53654674078368
790575 247.60129794098555
792175 230.76198954093954
793155 45.915803731552415
794755 235.25164862010294
796355 232.6267531820329
797955 250.74863087774796
799303 96.24279480671018
800903 233.76964920322186
802503 233.22226692738425
804103 238.30815813932756
805703 240.60551718926052
807303 226.70972216103718
808903 240.20767065934666
810004 54.66912124813959
811604 237.6581780638657
813204 255.79307203576735
814804 232.09370851536661
816404 250.37973207798933
818004 247.03530247506163
819604 246.78391278132077
821204 233.79841352062994
822765 115.26410630955968
824365 256.2573222402
825965 236.1724121760833
827565 259.35847903291216
829165 238.11509393745905
830765 234.11340821406228
832365 226.0179152960001
833965 245.36815409123136
835565 236.29042522372177
837165 246.73569514348225
838765 237.14262156730092
840274 118.73785577008292
840697 -42.485318293596336
842297 240.27818021519417
843897 252.5088312212592
845497 255.2163567653912
847097 244.52425277416515
848561 88.17113803082927
850161 249.3553894157199
850968 12.881790741585093
851611 -44.78665038120124
853211 242.42928931915264
854811 209.5428204100935
856411 250.04850126074706
858011 233.6960470114996
859611 239.8378120112553
861211 251.8287382088032
862811 257.5417535221087
864411 239.527238071376
864683 -78.39266006773524
866283 241.71451818317115
867883 237.96524954241127
868981 22.05436123982075
870581 248.78244183217373
870729 -100.59966895743956
872329 257.535968667495
873929 259.2669309566249
875529 261.4956656458377
877129 263.23910139141543
878729 258.088394381877
880329 240.0348919156467
881929 249.06316587679547
883529 244.89545714635616
885129 242.43969107571496
886729 256.5949582899637
887251 -28.855901622258756
888846 265.25411587984206
890446 252.10216200405372
892046 204.22124020082444
893400 114.36860693842715
895000 238.04904328854568
895470 -82.0662837483796
897070 263.01327530558893
898058 34.93441776682192
898888 13.155756844407392
900446 135.04679377056107
902046 258.05047693417157
903010 14.133815633427332
903829 24.230298349298053
905429 259.1858898677827
907029 247.23153451789017
908629 231.89193068031858
910203 266.7346143813452
911803 261.23661588923005
913351 268.3777840388295
914323 28.741239026979343
915923 258.29197322621803
917523 250.3484589505088
918074 -22.66161174766161
919674 251.94902863563217
921274 251.01437106881713
922874 257.29564677573546
924468 266.31145138041245
926068 242.70379515452828
927668 250.29440633313135
929268 261.94228770165256
930868 259.2794784265089
932431 264.6854719424137
934031 253.04210168626847
935594 264.7118919225425
936364 0.09620880540641963
937964 229.17579614279214
938644 0.4981673541056324
939039 -63.38624230239223
940639 247.66834614226676
942239 263.01116409523763
943839 250.41574235234805
945439 261.43878456287786
947018 265.29534380259696
948618 245.5624180148875
950218 236.32091659282
950776 -46.152480291529976
952376 239.5919997205642
953976 243.7004475345441
955316 93.9220835845862
956916 264.75996625291697
958516 247.5907731100247
960059 90.08719491388729
961659 259.13546567394974
963259 265.62610355404684
963393 -92.06126738234424
964988 265.2175425330474
966588 246.96097590306633
968188 245.0006606759781
969788 260.71291267280395
971388 254.38895859352476
972988 180.90483919122767
973142 -101.8389069567242
974742 253.5593522776978
976342 248.49445872439534
977917 267.4552606607232
979517 254.81316582546347
981117 204.93362514006932
982717 255.5733845230037
984317 238.76061139236714
985694 77.34078265799235
987294 242.41155012258463
988894 261.589326723102
990494 260.60701370169016
991040 -27.08423912520699
992640 246.24966786038976
994240 252.84723261020795
995840 250.29672892605456
997440 259.0669030765582
999040 253.00306618534202
1000640 255.51882212510475
1001754 60.72664994232315
1003354 253.4053087021441
1004954 263.2637902275171
1006546 266.3369782151009
1007130 -35.092431583390876
1008730 251.82028059654763
1010330 257.5443878760206
1011930 248.73743153682568
1013530 242.23536222117178
1015130 263.30546340862276
1016730 259.0105894888077
1017151 -46.440681905470164
1018751 263.8998647280501
1019503 16.44273508590139
1021103 233.61505407096746
1022703 245.24690501950622
1024303 255.73691191251584
1025903 255.4002294555157
1027503 256.46233437272844
1029103 247.2508201894071
1029357 -84.5526361241471
1030957 254.04968683012856
1032121 17.931683753047807
1033721 253.60470068027774
1035301 266.16097718511867
1036897 265.6334579302749
1038403 270.20430877136556
1040003 254.80980812150347
1041603 242.47955300880895
1043203 250.8865484691674
1043997 -0.8966555725931329
1045597 247.4208803796443
1047197 252.20457717369516
1048797 244.90783739441636
1050397 248.5196568742448
1051997 244.19509795405605
1053597 261.25918281617095
1055197 246.79330941014075
1056797 251.44899980486574
1058397 262.42123326664705
1059997 249.17965185505358
1061597 252.06330781632582
1063197 251.69743942258697
1064797 252.92416694279657
1066397 247.2869971835008
1067974 266.81125901517487
1069574 261.0302718781055
1071174 258.0318718538159
1072774 239.7654629142269
1074374 256.8406930962246
1075974 264.45534162605713
1077553 266.11836023906847
1079115 266.3601185187214
1080715 261.12505254256456
1081318 -36.80305469570742
1082918 193.75048450467654
1084513 266.0435067606187
1086113 251.65450600662936
1087713 259.2375405266655
1089313 244.41632457170303
1090913 230.3268322713748
1092513 253.32111354243193
1094113 264.5124309540101
1095713 246.60288046631183
1097313 251.38765437967933
1098890 263.16690414133285
1100490 241.91026983389122
1102090 263.0213780564141
1103690 263.98991776378244
1105278 265.86213694142214
1106878 220.92945079919036
1108478 253.8476635840594
1110078 255.16872626011707
1111678 253.1693175873159
1113278 265.6279902859825
1114878 253.71652192132274
1116478 259.30044974066493
1118078 248.63024077658366
1119678 261.67856084579444
1121227 267.89591388541965
1122827 221.1341784258972
1124427 236.32071027570046
1126018 264.6340441256147
1127604 265.8707877785924
1129204 260.26227252249566
1130804 250.06256048681354
1132380 266.8793393051771
1133959 265.1223201890181
1135559 257.77748703892604
1137108 268.07031416752153
1138708 253.1928914389913
1140294 265.18199850721766
1141803 271.4911396977185
1143388 266.6201220563609
1144967 264.6288677476669
1146567 262.8437676418891
1148167 263.6234794177736
1148974 27.8800846388241
1150492 270.09575385602034
1152024 267.85576722007823
1152189 -106.2547002848778
1153789 252.13112661413047
1155348 267.76764988429875
1156888 269.7562550586905
1158488 258.24786590834685
1160068 266.2851633538435
1160881 4.366218317145012
1162481 263.0161553142075
1163974 273.1455988998552
1165512 269.2489058496111
1167112 263.74163673778867
1168631 269.6323503478832
1170231 250.47686463807344
1171746 269.9382544081469
1171931 -85.61248592222357
1172790 16.70050215662536
1174336 268.57192162607
1175886 267.05931678150625
1176302 -47.09276351040168
1177861 266.8296397230082
1179402 269.5251967510209
1180926 271.25391132043774
1182526 262.8972169722441
1184083 267.37970682857383
1185598 267.610536084588
1187172 267.2644668210013
1187886 5.569414499252602
1189468 266.0735383897347
1191053 266.143224793161
1192649 266.48795396272885
1194176 270.83321637586454
1195698 270.69855855931917
1197298 260.9006873932194
1198305 59.41053156485833
1199839 269.98717975236224
1201439 257.7282149644791
1203039 251.14019885932782
1204580 148.24259271624985
1205187 -3.883997289996003
1206787 258.21765181478196
1208278 270.9306649686592
1209878 263.8146274919809
1211408 270.42407445972367
1212829 131.9777219557001
1214407 268.03528461307667
1215275 34.89338832004316
1216807 270.3199615220209
1218307 272.6618566299409
1219807 273.4010974873423
1220554 -24.13716275784371
1222077 271.97091916239486
1223320 95.32188251798183
1223907 -21.96642337202769
1225429 269.1166413490286
1226896 273.22847541994213
1228451 268.6278565144243
1229991 270.704041114398
1231526 268.45298163421154
1231761 -77.78949584749279
1233329 268.1722590713812
1234832 266.0770216837085
1236285 275.62006664162783
1237813 270.5408502625914
1239376 268.2149831181421
1240936 268.8552054698291
1242536 257.65947478796915
1244097 268.22351267096263
1245664 267.0038435186423
1247222 267.4832239861008
1248714 272.8317156087945
1250273 268.9300054888791
1250622 -59.75375435382313
1252156 269.01823909110595
1253618 274.64521071660465
1255160 268.8016624322273
1256686 269.6922208267219
1258168 272.1661118202888
1259768 265.92323858016005
1261322 268.36085749622396
1262864 271.32609327398467
1264411 269.9653655697801
1265940 272.5273280055763
1267386 273.10311739713046
1268931 270.2211963281436
1270468 268.89015398792867
1272012 266.48431624703136
1272154 -94.96168798223759
1273644 273.1290238113592
1275166 270.94868013743087
1275829 -2.4453339765275217
1276696 35.091943056372855
1278159 275.6773395908391
1279692 270.43736244051524
1279928 -71.18409653553613
1281241 110.39613603993669
1282744 273.0080810196049
1284210 275.408815888202
1285810 265.62886327090234
1287401 264.9617386163542
1289001 260.0524152379893
1290557 266.7326558918266
1291476 40.48809459878868
1292976 270.2166547320919
1294480 271.72583432012794
1296002 271.8427329309496
1296723 22.210125198026716
1298295 266.854267287272
1299828 269.34130595390957
1300366 -34.03532316131208
1300677 -65.95338762014981
1302277 262.54029012811384
1303877 265.0663435697129
1305385 270.78412365859293
1305513 -106.30755292068484
1307041 267.22793900458436
1308564 269.65270952377557
1310128 268.51220652738294
1311728 262.70683736159316
1313275 269.7500919061549
1314842 269.2694258771893
1316442 258.19317763030864
1317579 91.8250205835264
1319087 271.5189160117603
1320566 273.90414149647484
1322094 268.7325686100889
1323620 271.05192376197476
1325089 273.8109151668739
1325464 -51.93762330593728
1327062 263.75651596880925
1328556 270.42941891005705
1330102 268.0001011752361
1331664 268.6821806063487
1333261 267.32578904085915
1334776 270.94014852903484
1336283 270.0027781829991
1336391 -101.36636856983478
1337964 268.6619720128805
1339550 265.596610344552
1341140 266.4384077602119
1342592 274.9721342746954
1342751 -99.71489040160924
1342921 -100.25825738487765
1344146 88.60495392112287
1345746 261.2010353910865
1346518 12.172028524180206
1347963 150.44694589047808
1348282 -61.07044643982002
1349859 269.3541175464127
1351404 267.42420269294524
1352891 273.7047583317632
1353921 14.498202800916516
1355521 258.646332616813
1357121 227.3944440547385
1358390 99.19569903036168
1359941 268.2556168200117
1361474 271.2405171849998
1363032 268.3392709202295
1364488 274.23301576775066
1366057 268.42156668353164
1366784 7.289860108110091
1368305 270.4045985336537
1368451 -96.5429481534933
1369960 272.5215931684049
1371517 269.8224067112861
1372285 -13.067187358733165
1373868 265.4229534694106
1375468 233.1617240954079
1377044 269.3749773222472
1378567 269.90144060878083
1380090 270.5002420367735
1381690 258.4173644913502
1383266 266.29754155861997
1383506 -77.49588544189805
1385034 271.2232349325521
1386562 270.6756299230995
1387207 -7.124118126259447
1388777 266.7014680325946
1390374 265.8823287311285
1391940 268.5956630245327
1393458 272.0837620846663
1395024 268.1420703596457
1396561 267.5630038095254
1398056 272.83493058749934
1399635 266.07271371678553
1401208 265.9780368797044
1402783 268.018133645439
1404383 264.2969891570631
1405892 269.7893037486041
1407386 271.947038839254
1408986 263.3575937142115
1410460 273.7889890025174
1411541 60.89996017063237
1413070 270.6663412782397
1414581 268.90921472181066
1416116 270.3794609292516
1417716 259.02625166517714
1419316 255.41373267931826
1420822 270.63339334749156
1422305 273.904602280462
1423895 265.9677759539303
1424876 -0.4601725616610395
1426476 264.06932167511087
1428037 267.5699545400618
1428792 -27.43208179229515
1430392 262.0531237935077
1431902 271.9934494104573
1433465 267.3643853751552
1434938 274.64139967621355
1436520 266.8718711916904
1438065 269.03003621432634
1439665 253.6654800392712
1441196 270.2717499334512
1442713 270.9859471179712
1444285 267.90375448901716
1445829 268.14498211407823
1446525 -5.885846746385738
1447068 -18.896421049215533
1448602 267.6942066947367
1450116 271.7115212891883
1451716 260.4992027695241
1453239 270.71258194161635
1454779 270.6294112113479
1456313 270.7155256799843
1457835 270.33146297793735
1459373 268.78344322521576
1460871 272.46077538950794
1462351 273.6320498167129
1463951 240.1106213802553
1465480 270.98642047579597
1466966 272.88310550015365
1468513 267.723335821506
1470011 272.47930074696154
1471349 139.81859117749488
1472845 272.50070272133155
1474431 266.35451546659823
1475960 270.0469513611471
1477474 271.6030252932324
1479030 268.0462265780336
1480537 270.83649080287876
1482075 270.06533971463034
1483609 271.0223900920862
1485098 273.4540978670676
1486603 272.0067776517568
1486724 -103.81861513352828
1488282 267.01364450564284
1489809 268.1536143902534
1491321 271.17912213521726
1492863 271.33127538958115
1494394 269.56857290549095
1495941 268.96873297771486
1497431 273.5965816761499
1498554 83.29847487476002
1500098 270.0231237504594
1501619 271.6594533917296
1502303 5.67439071809379
1503876 267.9727963809943
1505476 241.43864912843705
1506982 271.7999232690047
1508534 268.1205625295825
1508835 -73.86894307240036
1510435 261.78416914140763
1512017 267.092094348196
1513614 266.9585915123658
1515081 274.493624431835
1516607 268.7423634513094
1518188 265.8574661789817
1519695 271.8634963828907
1521218 271.57299020600306
1522756 270.80885408240135
1523340 -14.27130652602888
1524882 269.53687455556286
1525022 -104.083181701174
1526538 272.1030703383891
1528093 268.94927689053264
1529533 276.32265172860866
1531097 267.87258483167886
1532645 269.888895826098
1534148 271.24040408446274
1535735 268.61828534118064
1537253 161.18808649055114
1537424 -101.1700497814181
1538904 272.9893535660233
1540481 266.76477037343057
1542081 266.1575387431438
1543622 270.8239860187869
1545142 271.44833394432993
1546681 272.3323216346128
1548156 275.3097553493827
1549629 272.62854193621695
1551158 270.83898853115
1552652 272.39086335002753
1554197 271.1437399068917
1555656 274.36966008899606
1557191 270.4562654751113
1558723 269.2728791876924
1560240 270.975441808919
1561789 269.34285283624416
1563323 269.3925589526778
1564857 271.8945491159726
1566386 271.4708405902003
1567948 268.36184707566287
1569438 273.23865057008305
1570933 274.35070307017656
1572408 273.897632744503
1573878 274.74745812162723
1575303 138.79480227624293
1576784 271.8996304597311
1578322 268.50132535688823
1579844 271.896512292645
1581397 269.29620152822287
1582955 270.5669004202022
1584498 269.5565838883797
1585985 273.22734598543184
1587585 257.35469568643674
1589149 269.9214733525165
1590649 271.2892966120667
1590794 -104.29473530791452
1592276 275.0358012201483
1593411 91.16658334274445
1594920 272.4165226699438
1596393 273.9854142160989
1597907 272.20178325448757
1599162 111.18778528506925
1600754 267.3580889336508
1602216 274.31528045797063
1603816 262.99547577628357
1605269 275.4353207790988
1606000 16.41472243055098
1607436 275.6218149035817
1609036 241.16041450320535
1610566 271.093840626246
1612091 270.91991700992446
1612224 -100.87857794648595
1613653 276.7486515364755
1614251 -3.0452823582929796
1615671 277.74098037526784
1617134 274.85245431162565
1618630 274.023572256872
1620135 269.88290690143134
1621560 276.05578264835543
1623082 270.4499638205917
1624561 272.95893984838216
1626050 272.098527969089
1627513 273.6147126433783
1629074 269.1206236626912
1630643 268.3181836154695
1632187 268.4499372911331
1633688 271.5430595999686
1633934 -71.71669000526859
1635382 274.7879595772311
1636792 278.03542918755454
1638275 274.32222708816045
1639863 265.89530657186094
1641330 274.19442673049485
1641443 -98.81433285285533
1642934 270.7970563079385
1644388 273.7367865961026
1645887 271.2248724429295
1647400 271.0501210127317
1648884 272.347755566046
1650370 273.2100541652229
1651814 274.93116938395093
1653332 269.1690952686562
1654892 269.0160747985155
1656356 274.2381367996475
1657894 270.429053280064
1658618 16.48779151089792
1660114 272.7974073995903
1661589 274.23623058217163
1663083 272.78791572926025
1664679 266.6349677866129
1666279 258.5845764467511
1667738 276.11285956298025
1669274 269.0383443800414
1670744 273.8714417237715
1672204 275.1202008041005
1673770 269.42426018238154
1673958 -99.6814545168883
1675455 273.01914486656256
1676640 91.38293570096886
1678194 269.15235728650435
1679669 273.63544412934937
1681269 260.375008676663
1682822 270.798872695776
1684422 241.16628025063062
1685988 267.2824306032042
1686958 48.6799775883282
1688473 272.8011284706134
1690051 266.641500811948
1691580 269.297298883707
1693080 273.34507382877956
1694602 272.1645573160044
1696130 271.4626841595484
1697589 276.3713617339285
1699176 269.23228027425904
1699303 -99.33988961978382
1699697 -65.27414564747426
1701263 268.3567589924573
1702769 272.56128568447946
1704242 273.9232209877632
1705713 276.14980405002325
1707248 271.5747952359929
1708741 274.047621542955
1710228 275.231592416607
1711801 268.0974810176619
1713322 272.6336116568298
1714840 271.33465126703356
1716309 274.1421461268028
1717768 275.11780646445493
1719368 266.12255991296036
1719896 -10.428541915314938
1720200 -73.26097119339369
1721707 273.91019113809796
1722643 57.34980750399325
1724200 269.8761252895933
1725696 274.81076586973137
1727241 270.3121849182519
1728841 257.89978425868503
1730270 278.63136203759206
1731769 272.4974666878145
1733344 268.56075566779236
1733486 -130.33818456109552
1735038 270.416917084018
1735099 -120.29058156635054
1735904 39.42926142379363
1737407 272.45026638007283
1738857 274.9006164454076
1740385 271.600949118325
1741974 266.97264155627494
1743458 274.1417091970945
1744976 273.6355883633501
1746475 273.1048077589967
1747981 272.8238983727028
1749579 265.6793760133883
1751068 273.41486277328016
1752558 273.672867346828
1754076 272.8974368647191
1754696 -12.155331805422335
1755207 -34.999168000664355
1755715 -37.73796400230751
1757227 272.0212068146825
1758791 268.4746732094052
1760279 275.21867013807963
1761768 273.10734573342796
1763316 270.05001274326287
1764849 271.855435188187
1766394 270.9324642414037
1767855 276.5825399334064
1768222 -46.094703679293985
1769697 274.0362788611874
1771182 271.6996374489615
1772618 278.13242788787323
1774095 274.43100891856346
1775561 275.3104733716515
1777109 271.1730019477783
1778017 53.04370727696704
1779468 278.10439125193335
1780941 276.1175458108246
1782354 279.83233887116717
1783837 273.9487826427398
1784177 -51.71330128265854
1785777 256.2406179049728
1787276 273.92233972208965
1788728 274.30059151657537
1790273 270.38303283692926
1791870 266.9101897280202
1792997 87.91534776668382
1794520 272.7754051347702
1796019 274.3512710486208
1797470 276.50388710948494
1798970 273.74207898520973
1800467 274.81301836792437
1802010 273.0386856094478
1803523 273.70975933388286
1805010 274.54441800241494
1806505 274.7656063200421
1808069 271.21305815532423
1809546 274.8154815199601
1811058 272.4447592354232
1812619 271.1154176813957
1814075 276.83245652953883
1814903 36.964783879743095
1816441 273.126096380334
1817895 277.1836244120719
1819329 278.88989653293714
1820922 267.17007608909495
1822399 274.8529724384433
1823863 276.68147514495774
1825432 270.0125393555409
1826462 72.76529753766192
1827956 273.36940825645763
1829432 276.8512958220648
1830927 276.7993388017486
1832414 274.7934654243684
1833905 275.4425353792208
1835351 277.8891841692265
1836825 274.7786165672121
1838322 274.4978702580757
1839828 274.7608166970921
1841324 275.1414091590971
1842852 271.2187048567052
1844383 272.9785769802905
1845864 275.82076085495436
1845930 -120.14630995839275
1847482 271.19929736613597
1847560 -122.19761873279947
1849097 271.9467181717396
1850590 275.06482399255094
1852134 272.0553908224452
1852658 -25.36539060257057
1853849 102.61144161883314
1855319 275.62952533206567
1856817 274.69657218345236
1858306 276.3577168711519
1858433 -102.2992891852657
1859992 270.81427463138533
1860201 -79.52679069837119
1861749 270.81081154520297
1863273 274.032326317081
1864755 274.5845675595618
1866253 275.5887000779799
1867777 273.304931558785
1869254 276.1711207919685
1870689 277.6718821457079
1872155 277.2024713690136
1873366 115.65755017312432
1874843 274.71956264533094
1876314 275.8807486089728
1877641 123.95390340819023
1879197 271.4289793092886
1880371 104.18247749698605
1881833 277.79900524943986
1883377 272.36586086873683
1884928 271.87432582124165
1886235 127.81221943236915
1887642 278.5679466817254
1889139 276.0675269390732
1890566 276.9160746757498
1891282 -16.29766958089597
1892787 275.58735405041034
1894278 274.4935369833059
1895779 275.0250889238904
1897306 273.96477861345954
1898827 274.3865076602713
1900267 278.86152440710623
1901814 272.4049936299701
1903296 276.2871761146884
1904812 274.97569250647626
1906358 273.30668790298546
1907765 280.5970351023406
1909267 275.3863228989929
1910105 47.00299168054576
1911628 272.09976113905617
1913171 272.0420193976719
1914619 279.55056664772025
1916140 274.53083903591636
1916602 -33.59446042408236
1918147 273.2899523435539
1919640 276.2394208816285
1921146 275.80948935839257
1922658 274.4939125440033
1924130 275.81145202132404
1925590 278.66819672445257
1927100 273.5122540995958
1928595 275.0997840740454
1929840 128.22578400375767
1931316 277.6544547563279
1932713 280.81529785963374
1934162 279.0319030285728
1935634 276.1531631681592
1937130 277.0979765721423
1938582 277.4319287561504
1939038 -24.57284470693577
1940638 268.12492115245334
1942104 278.9059209238505
1943588 278.20527300706385
1945044 277.07711598812045
1946207 85.84035650995847
1947602 282.40242670888773
1949125 275.8276902166964
1950551 279.26824696003445
1951987 280.3619719737706
1953473 275.12214970989993
1954968 276.7644130966923
1956443 274.36884558690434
1957849 281.27202168426265
1959305 277.8808787661561
1960734 280.0224510214994
1961332 -0.9408960227230239
1962830 276.9458521975976
1964315 277.22439657496693
1965826 275.8857945604029
1967035 106.13452422286639
1968339 133.58950730781527
1969846 270.4498463602886
1970388 -9.125366800140498
1971939 272.82355653263755
1972709 19.879473619275274
1974185 276.0629775247888
1974303 -100.4836662113145
1975788 276.28888379145474
1977230 279.3600463615475
1978742 272.9696124543688
1980342 255.09006548534938
1981570 122.91335132502559
1983042 275.99327879613907
1984486 278.47271679437233
1986086 258.51770420164735
1987564 275.3815797934358
1988959 280.7077267812067
1990499 272.38193473082407
1992034 274.4532133831163
1993553 272.8259466433386
1995136 270.80653183591204
1996647 275.0433166416878
1996814 -84.62924719107461
1998228 281.11466374602765
1999734 275.26306655710584
1999853 -99.13312601939154
2001415 269.22699632114967
2002891 276.648178682399
2004302 278.8676256798416
2005782 275.01851490688523
2007361 270.73995656299485
2008848 275.72753292890553
2010363 274.7567879048847
2011853 275.4173854441106
2013323 276.5559994186824
2014844 275.07565379226037
2016327 123.1193774276422
2017768 276.28320332538084
2019224 278.59909146071766
2020240 84.79073184422833
2021773 273.6403264895899
2021893 -99.31054544578741
2023427 271.85528604406375
2024936 273.6382804157102
2026502 270.8609583200925
2028062 271.67598411365907
2029520 278.9325713371745
2029918 -45.77186277193513
2031347 280.32468652003587
2031643 -62.27316210509525
2031909 -102.0923411161732
2033358 277.82976985981077
2034046 14.029404426061944
2035507 276.6875716683289
2037002 275.3528506494209
2037127 -100.4956739510782
2038673 270.83091842548333
2040132 275.37986528313826
2041692 270.95905452390946
2043121 277.6108663614967
2043264 -103.10730582457005
2044799 270.89562367525554
2046235 279.83599255262084
2047333 95.43225985799242
2048812 275.5149651338198
2050334 273.1675076379121
2051799 276.2721698612971
2051955 -92.06298928432538
2053355 282.8926969389277
2054817 276.8120423559589
2056237 279.1568906578306
2056677 -30.65054555601941
2058099 280.36304367227325
2058986 61.44834802143066
2060375 281.4030342397924
2061870 275.6839220058331
2063275 282.3170033893912
2064685 278.90251814930997
2066083 280.751406298409
2067551 277.4874958010001
2069020 277.84736065714264
2070467 277.15286193938203
2071301 56.9714669244633
2072733 279.6971561983129
2074164 278.56988578130546
2075715 271.3302684370559
2075822 -98.62631511822902
2077274 276.45857898641987
2078684 277.8270841033232
2080149 276.9265062961611
2081613 275.52290144666557
2083043 279.38110559848775
2084595 269.830390795039
2085984 280.14483852131906
2087468 275.74093428965557
2087921 -34.02800657599667
2089314 279.54475608466026
2090796 275.35317040924787
2091420 -10.444479593039176
2093018 267.8018909212777
2094506 275.951795840714
2095937 278.6642428896937
2097416 276.542626242824
2098857 279.0370822137081
2100241 280.4063752064439
2101014 -4.299951436971966
2102470 277.30932028747236
2103947 275.2524626838518
2105366 279.92050141542893
2106757 279.7672777191655
2107949 88.30006092146522
2109420 276.05078459488556
2110831 156.28908824961002
2112253 279.2945124735972
2113712 277.5842728444172
2115170 277.1815821723616
2116670 275.0378896064978
2118136 276.96400879234875
2119596 277.30604221721336
2120976 153.2169639205926
2122470 273.5844088583979
2123471 76.83665547738465
2125049 270.07155571763303
2126476 146.28197981439854
2127988 271.9848690320571
2129470 274.51337878441007
2130935 276.84769632986354
2132400 276.0381982414003
2133849 277.4374355857285
2135299 275.4928240394315
2136834 269.98184551749847
2138330 274.9812214341793
2138751 -47.94657259774393
2140215 277.25534087819364
2141693 276.67414766464594
2142774 86.9366707660412
2144232 277.20733046725104
2145723 275.5452061884498
2147114 280.8143008826701
2148577 277.0562093854077
2150032 278.0329873758798
2151596 270.92459435386314
2153098 274.60772278042805
2154514 280.5622384048674
2155968 276.0323903146085
2157470 274.0206080312212
2158995 271.950946557542
2160458 278.2609341982846
2161988 272.2283928124046
2163472 274.5304006944545
2164832 152.46673090613686
2166338 274.1709966069223
2167781 278.4050530213589
2169169 279.8109459110272
2170688 274.173680548551
2172089 281.082750090321
2173563 275.5755849959792
2173761 -83.34655616609317
2174580 54.63984489313373
2174617 -108.95479528706831
2176217 258.5040809664516
2176257 -109.96074843693214
2177721 276.15698140365265
2179257 272.10838840487526
2180720 145.486163167335
2182198 275.8641778647422
2182342 -101.44110584203216
2183802 278.16358665711005
2183896 -117.61993986043645
2185374 275.2966189120249
2186847 276.8759283206003
2187191 -52.907107395253426
2188633 279.04903535777015
2190040 280.90588186235186
2191484 276.82174430836596
2192643 118.6774714502439
2194167 273.9317812293589
2194296 -97.79446168921702
2195100 36.32285544415606
2196567 272.71306188169956
2198014 278.25792933624535
2199403 281.53963076513685
2200840 279.4780663779478
2202225 281.40073546112046
2203803 268.61484294990913
2204087 -63.35604938530363
2205540 276.6764609056797
2207033 276.0747635950342
2208550 272.9858942777221
2209997 277.87687862565565
2211467 276.60870605013844
2212971 274.3124571059715
2213188 -75.70312975166179
2214707 273.9090293575599
2216107 280.6434855843459
2217502 281.4444581272327
2218989 275.121073172205
2219658 24.943449884978975
2221077 278.3818833815285
2222538 277.5477793147053
2223962 280.20424638395446
2224343 -46.16469115002392
2225776 279.39618091642404
2227201 279.4461762126663
2228682 275.83413864907357
2230158 276.6567606919759
2231588 278.48013655569036
2233039 276.24908541465567
2234539 273.13236618437423
2236030 274.4356718399418
2237537 274.5687599339152
2238975 277.1719398142272
2240443 276.2943793892641
2241894 276.74298042569563
2243372 275.5110170976248
2244837 276.1309074223639
2246362 271.6942439677116
2247820 276.2473828434293
2249257 278.08603679407196
2250687 277.75511969150904
2252121 279.43850656910837
2253600 273.6218128805416
2255148 271.21670346996416
2256574 277.27039323910293
2258174 231.060110006702
2259658 275.09278166736533
2261071 280.51138331210745
2262486 149.4599701101905
2263948 274.0843040124754
2264999 71.5726777936344
2266363 283.2985155982115
2267782 280.78468414731
2269207 280.33840147852374
2270662 278.24752051705076
2272068 280.71077798510964
2273556 275.8137644177718
2274977 278.82845471940664
2276416 279.3869198151674
2277855 277.89129346793624
2279303 279.1388788116231
2280740 278.18883846864475
2282223 273.8230948303773
2283672 277.47158442785286
2285070 282.61395800429193
2286481 281.7092796648419
2287994 273.5159793941473
2289475 276.69204962941694
2290901 278.1597763756822
2292365 278.1647912913092
2292905 -10.361103992812986
2294317 280.86041443293345
2295812 274.41827973585686
2297245 277.56858930220335
2298648 279.91054832951215
2300138 275.4814920135901
2301652 275.43144574101836
2302211 -9.68346654123799
2303668 276.8087580697938
2305141 275.99023826931693
2306622 276.91598902791856
2307477 36.97736808483975
2308949 276.4811360960012
2309511 -10.731376445034527
2310877 283.80540926467125
2312383 274.9606361707474
2313762 282.9565127848517
2314862 97.02206519833229
2316326 278.1403614141747
2317765 278.36923977209074
2319254 275.4573372288258
2319709 -20.221722078999164
2321210 274.19900274494813
2322710 274.92121323281935
2324209 274.7761896612971
2325721 274.7762314487867
2327233 273.1251600392813
2328743 271.96396659718124
2330223 276.2488113007105
2331659 278.37531558736947
2333110 276.3126858261246
2334583 277.43034484468507
2335238 -11.59076999159376
2336693 278.21114372843624
2338162 275.4685182917672
2339504 40.828313684247746
2340950 278.27102927512027
2342392 277.8828532195699
2343822 279.7687810670827
2345310 275.46833114732283
2346797 276.48122590600286
2348397 268.92621009111497
2349861 276.2447085678776
2351381 273.7738187622531
2352865 274.0931974431615
2354337 277.4952836386031
2355762 279.82914159401383
2356452 7.005584990303362
2357941 277.3019071443977
2359382 278.55957909493304
2360842 276.99871490154385
2362275 278.2232033989703
2363778 274.917807140471
2365259 275.31455425241387
2366818 272.9717705497335
2368253 278.4746971112635
2369740 272.8586073631534
2370040 -58.22743875181985
2371640 267.4061119394078
2373090 278.5250945684585
2374575 277.4112090698967
2376016 279.2965771481451
2377314 133.33092383248544
2378733 281.46058871608864
2380210 277.9558971182267
2381627 281.9443767313731
2383083 277.79066617814385
2384498 280.3301297495235
2385949 277.96701253911334
2387425 276.9046773685532
2388825 282.8496303502745
2390262 279.1761416440837
2391710 279.3245819440107
2393249 271.8369300001884
2394721 275.40375574325253
2396291 272.7083147204294
2397783 275.3183447866486
2399284 275.14511171339416
2400709 279.73183655499525
2402130 280.6667270254102
2403615 276.8056782242859
2405108 275.4599572742063
2406056 58.14221711436156
2407463 157.2364217449429
2409028 273.17062654426735
2409403 -41.61966916414092
2410853 279.10869443013405
2412325 277.8133616906135
2413789 278.47842157776313
2415312 275.39574078256624
2416797 275.67395010793336
2418309 274.5861367768617
2419849 274.31745570991814
2421270 281.65062474590326
2422720 279.008411769498
2424177 278.54051640725874
2425653 276.6742100319665
2427130 276.51464597651005
2428500 284.29385896640576
2429989 274.79487708941315
2430369 -45.4430373334633
2431771 281.8934652378462
2433242 277.4693258475124
2434736 274.91648620481254
2436279 273.731277815006
2437792 273.82672255609435
2439223 279.8505600467183
2440692 278.7037566128947
2442232 271.9121213866403
2443777 273.96673144284335
2445201 280.0559547632445
2446644 279.64808284367086
2448112 278.5349106691141
2449594 276.4384289053046
2451016 279.28710782901743
2452511 274.1151537200954
2453914 281.4792513638485
2454693 22.315144683101437
2456135 277.76497471933726
2457695 272.70163420741005
2458871 120.03025781191522
2460394 272.5037584914549
2461913 272.16523211347175
2463362 277.5426788741005
2464872 275.02460936902827
2466300 278.6627915346607
2467736 279.2299845594054
2469225 276.8302196855769
2470682 275.769639867765
2472154 277.39497291996787
2473587 279.9594949971306
2475092 275.608130797894
2476554 278.5372949851444
2478016 277.09745343356514
2479448 279.0139556702701
2480851 279.5059025340031
2482362 274.7198972445795
2483820 276.2668527246456
2485262 279.92347019934795
2486699 279.2861967477461
2488206 274.97416089801743
2489760 270.38506627106005
2490789 73.35532661151944
2492199 282.3295699211657
2493629 278.6332040926595
2495107 276.6896538940078
2496096 73.71408521881455
2496470 -46.31846690944207
2497842 283.3952235556692
2499285 278.7387889236353
2500720 279.3786908654483
2501170 -24.740631511684484
2502671 275.0068755170762
2504125 278.43760593208094
2505591 277.63791434692
2507053 278.298411124649
2508482 279.3278566341903
2509948 276.1590374264618
2511408 276.39885317903645
2512840 279.6756594938473
2514319 275.68550941924155
2515754 279.0215205700963
2517210 277.5050856496077
2518648 278.44817333770163
2520086 277.15599778854926
2521158 74.12042082557372
2522555 282.4169208711711
2524038 276.7523655158394
2525482 279.413049309925
2526523 75.97232909875618
2527952 277.6637704574911
2529368 278.7323106713759
2530816 276.5284314604398
2531237 -40.331073451897744
2532745 273.2136645821856
2534152 279.3833842582887
2535611 278.3175605299947
2537080 278.0129467497847
2538550 277.3561731110061
2538835 -57.98063236119849
2540341 274.14643656813223
2541803 275.9743406575354
2543280 276.3198740796045
2544804 273.3445285234048
2546294 276.29895074189903
2547744 276.8161570221413
2549146 281.9009730268826
2550655 273.7650947543936
2552086 279.07995224869507
2553577 276.4099218507553
2555044 277.58284461447323
2556433 280.73530268616395
2557882 277.1401503251285
2558443 -41.41224773293883
2559809 283.990710933596
2561213 281.85630239674333
2561777 -15.326224709833056
2563218 277.98479983570104
2564123 66.36287435844702
2565547 280.9836795510527
2567008 276.9384763770705
2568486 277.2577628031256
2569911 280.2969625430929
2571335 280.5890621953841
2572811 276.4133772101308
2574258 278.84131189549663
2575694 277.14574175295667
2577101 280.31874601704584
2578609 271.314004974477
2580083 277.3940430742379
2581472 283.1056532216287
2582870 281.7583356407604
2584327 277.88988777935685
2585772 279.53143966516853
2587321 272.4590872603168
2588772 277.7267813418679
2590171 281.5186471892269
2591638 276.5286142703823
2593061 278.30750926114405
2594539 275.7527083216919
2595963 280.11372674770524
2597457 276.9279882807095
2599057 255.0050794763837
2600519 277.32535792693164
2601949 279.24588351374507
2603400 276.17869022069453
2604830 280.20929494318995
2606249 280.2853935842492
2607742 273.719236520912
2609132 282.27749415532026
2610564 279.37401826317966
2611963 280.8877208874133
2613368 281.301862995665
2614713 127.9020373095073
2616094 281.6401348711144
2617577 275.83677830594604
2619032 276.72465579413625
2620424 281.23440957598785
2621845 280.39783193927997
2623270 279.9009933137276
2624851 270.53295444491346
2626334 274.4775619946253
2627766 279.7697623255505
2628895 104.81346962533476
2630359 274.1573292611121
2631846 276.75488924341784
2633266 279.6689425605611
2634682 281.09897098434755
2636160 276.83169977752436
2637680 273.4216862606629
2639197 274.21503354508866
2640674 274.2869682136971
2642136 275.53150535195954
2643562 278.80742266581154
2643838 -65.32847607725981
2645272 278.1992336373591
2646752 275.40364733025075
2648187 278.98448628408124
2649612 280.68025749845947
2651212 226.48377957408755
2652724 273.2748940927358
2654139 280.8285551345076
2655614 276.2452082470752
2657035 279.7854256732464
2657831 38.34239148927
2659253 277.83099624575954
2660723 275.85527153506706
2662210 275.05469337419396
2663617 280.8801213319036
2664999 282.4282581522577
2666481 276.67358552460416
2666941 -30.13518420220602
2668411 276.92076847886153
2669854 279.01031330675323
2671257 280.19415963712026
2672748 275.7427439578184
2674176 279.77819052025797
2675599 279.84991910447616
2677035 279.7889461714207
2678401 283.5825700602408
2679867 276.5707513549985
2681313 278.05081627556166
2682730 281.12926537240986
2684160 277.9604503923249
2685572 280.7903271988307
2687026 278.2318501399422
2688470 278.58207360587915
2689925 276.5223687912758
2691392 275.85548674766346
2692869 276.2875190285858
2694296 281.4172234170662
2695767 277.1245771025558
2697314 272.315653108884
2698737 279.1743118442985
2700237 271.9140566302104
2701677 158.5111136624726
2703115 279.673706501786
2704547 165.93016460937235
2706085 271.5223492138553
2707471 282.67558729196094
2708876 281.06772427572747
2710310 279.91775305861
2711000 6.06910238968895
2712460 275.95822500397287
2713880 279.47882197529333
2714973 95.38628536654491
2716329 283.6206475341843
2717824 275.7458818290749
2719209 282.0126978198682
2720643 280.1836290083096
2720904 -70.1560446650299
2722372 276.6779895763279
2723877 273.4767350086069
2725346 277.87379916800944
2726745 282.57776257532083
2728229 274.58213008956966
2729639 278.5453589078493
2731020 283.6721875392884
2732464 278.0802111135679
2733862 281.4339069959661
2735330 277.32423144823855
2736760 279.7648823608569
2738165 281.31081948479806
2739623 278.5649311334159
2741009 281.69344922209905
2742447 280.37992075478166
2743860 280.89609138044074
2745228 281.717515793584
2746630 281.0865489838124
2748026 281.8027600692442
2749472 279.01456829786923
2750365 67.02001707224034
2751810 277.2819774721177
2753222 279.6524804206012
2754713 273.05386897708416
2754886 -90.43313312555229
2756337 278.9247389438695
2757799 275.47201199009083
2759241 278.91293187800534
2760690 278.43107317515694
2762164 276.37170837530283
2763562 281.73877252071657
2765017 277.4021438587174
2766504 275.99745071754734
2767950 278.8582340154593
2769376 281.0550404675833
2770809 279.21566577974
2772288 277.1778864848543
2773647 283.6650745179087
2775079 279.22508834282417
2776504 279.38599391528186
2777953 279.75808203214496
2778096 -88.05239567906472
2779533 278.9477478062025
2780996 277.8697500041356
2782443 278.7016081402223
2783896 277.0651486087358
2785311 278.9312884851952
2786800 276.290999552221
2788307 273.73088748780816
2789774 276.8629983270233
2791293 273.96274332329335
2792732 279.9072584226834
2794192 277.8455132279054
2795617 280.31345418771605
2797076 278.1454444716746
2798464 282.9203955301541
2799904 279.3136901490062
2801344 279.6219295605932
2802778 278.09516215666645
2803650 50.79838470718954
2805061 277.5448488468886
2806497 278.1704818154001
2807941 278.3886698396282
2809426 275.1509282371386
2810818 279.7398346286998
2812242 278.7338826258256
2813664 278.836957464601
2815093 277.44461323113
2816531 278.11044783254454
2817955 278.771120358886
2819388 279.02410372174296
2820844 277.9480793535805
2822364 275.1751450790083
2823890 274.230323835269
2825353 276.9700476067112
2826789 278.2668892146532
2828222 279.27863204540665
2829560 148.74058086561428
2830926 284.48937240557507
2832465 272.92561909580274
2833925 278.3744630459778
2834109 -91.17976330822583
2835478 284.3708835189254
2836665 121.31502322596339
2838082 279.32776435342777
2839551 277.2442960750754
2840981 280.7347533293235
2842397 281.006310103662
2843799 280.157639486708
2845305 275.6790161418196
2846716 280.6527303453463
2848105 282.56835936156165
2849534 279.00893312802384
2850986 277.50339192035943
2852436 276.8693798261743
2853894 276.23460228662503
2855304 281.60201039152633
2856720 280.54218499625483
2858165 279.54766672699395
2858936 44.376814102070426
2860339 280.0933314053297
2861750 278.69887423466463
2863156 281.02272887994496
2864593 278.84759516573405
2866040 278.2625402875716
2867434 281.3807823993542
2868821 281.22457797297255
2870259 278.20930927108986
2871706 277.17649432596755
2873244 273.4441863979347
2874695 278.78684411153904
2876193 274.8144638470246
2877592 281.0835712771982
2879002 280.5541626581084
2880541 272.9896580675457
2881934 281.47981814032664
2883298 282.9865794410659
2884719 279.3346047289487
2886149 281.04806647635115
2887527 282.4021918960287
2888963 278.3983591356183
2890407 277.3277479411944
2891891 276.3911145792831
2893304 280.19400457221514
2894775 277.8060416448781
2896318 273.71696213692127
2897780 276.3562684256427
2899255 275.798982196578
2900676 278.66347700727727
2901833 101.6224618256206
2903320 277.4837645793369
2904754 279.82252637208006
2906164 281.0229640872421
2907595 278.4767818379909
2909164 271.564667411921
2910584 280.93992484716483
2912099 273.4620767435282
2913492 282.65702091395235
2914973 276.90619769829743
2916371 281.7727103851821
2917792 280.58596111608284
2919257 276.42787905500654
2920732 276.4858686499451
2921903 121.41638762956467
2923289 281.6601848583796
2924757 277.4855458325435
2926224 277.7498362695932
2926413 -87.8029341117988
2927914 273.979985856555
2929353 279.4563889957019
2930861 275.18028052313576
2932305 278.7438286213313
2932995 -0.34706699598143587
2934515 273.1810278385004
2935897 283.95540979017875
2937403 275.60406947488576
2938878 276.79932361809523
2940292 280.7995031968761
2941709 279.4782336527727
2943112 280.79473535400234
2944544 279.27080593156586
2945980 279.5286183378932
2947456 277.2742660229492
2948835 283.1216444776072
2948912 -121.44556751332804
2950343 277.67880595060257
2951751 281.3796756162096
2953244 274.88971709003414
2954619 282.4588380862063
2956018 281.06091365567323
2957469 277.4170231028761
2958834 284.1037850231063
2960361 271.9141728370434
2961775 280.77571752341987
2963142 283.8172346140357
2964595 278.4394026602551
2966098 275.39410577274344
2967466 282.86377760572543
2968904 279.5846434945705
2970299 281.471985277803
2971776 277.2580252839723
2973207 279.3170742501597
2974657 277.9759332508407
2976077 280.8771395504526
2977665 269.20466481687174
2979235 273.17787163713206
2980650 280.9877500130679
2982064 281.00479864824405
2983456 281.58054140511956
2984924 276.0989207404886
2986272 284.6428510859153
2987642 282.8221949404915
2989012 283.4425562753546
2990365 284.3589806412653
2991735 284.3875923212638
2993238 274.7147358325024
2994633 282.9233044505067
2996086 278.53747090265995
2997676 271.0286904513408
2999099 281.0080706015337
3000562 278.45956109309793
3001978 280.7072918700227
3003393 279.37737979001287
