# reward.txt contains number of transitions:cumulative reward
74 -103.855592611666
1674 -107.15038751780651
1736 -106.3181680183954
1796 -107.29268009486483
1909 -116.91458710072283
1956 -113.22191173848944
3556 -114.9250194965746
3618 -112.88651044391655
3682 -112.10154479690765
3739 -108.74189234815414
5339 -111.76851901032721
5383 -110.01572997511427
5445 -105.64939078488962
5546 -98.99098096159132
7146 -109.86201847362837
7231 -102.41704397644476
7293 -101.6284579486288
7358 -119.15578123330884
7400 -109.81462894046865
9000 -108.39250143094674
9067 -108.11989365941099
10667 -106.8673296876281
12267 -90.87645733516831
12314 -113.32841261007388
13914 -96.24709656592468
14024 -100.69758147940163
14067 -112.11118890438104
14150 -114.48881772323077
14240 -101.53988828628665
15840 -99.82534138842774
15904 -119.2780149734461
15975 -118.45902657323828
16059 -101.84095450537217
16137 -98.04266746162996
17737 -98.61168489164696
17821 -115.6438526751933
17914 -110.49516683872602
19514 -119.13790878870168
19615 -106.31288296558024
19701 -108.62023078866366
19769 -102.59847292293772
21369 -118.86535046851266
21509 -130.5917042119466
23109 -117.55181954681149
23177 -102.81984200888364
23251 -103.18284955820526
24851 -121.75424232428234
24910 -103.95439038543714
24962 -100.39990517579143
26562 -112.29428120251983
26631 -115.92489634914821
26731 -104.09755362461476
26826 -119.35714924040995
28426 -100.74519076313508
30026 -99.34883258503612
30154 -120.0597579392381
30187 -106.92664024290566
30272 -100.01022173273128
31872 -103.44368684550666
33472 -99.41787279579074
33538 -101.6550342948654
33587 -114.49756315712382
33682 -105.0893022535434
35282 -105.73433275261085
35363 -104.33409660105004
36963 -84.6492891756915
37011 -115.68942635969259
37062 -114.80945453350495
37111 -109.3256998202439
37174 -115.18133093068997
38774 -111.01112322984132
38889 -103.52883708773709
39070 -119.44319525450592
40670 -103.88548397147984
40731 -101.77874718039234
40787 -115.03404796213222
42387 -88.29436571520597
43987 -95.94124317991846
44076 -107.55748543586893
45676 -100.6298391227263
47276 -89.0740613274809
47881 -156.49594684114226
47955 -110.7932488853621
49555 -98.1106867565833
51155 -93.12848257257552
51228 -103.21629369965754
52828 -89.7401286069142
52887 -123.54849608148076
54487 -104.40978564321566
54563 -97.22719163545686
56163 -91.86752695132317
57763 -97.37151675700639
59363 -100.32306378897279
60963 -92.20576676519724
61039 -99.78941238631991
62639 -89.84506224880109
64239 -90.19581924197186
65839 -92.44311260394939
65916 -102.43170310500017
67516 -91.82954408950542
69116 -84.18258603162562
70716 -92.36363860822027
72316 -98.74935254810256
73916 -84.78342530847706
75516 -88.13363899843026
77116 -74.74317884640519
77249 -108.46095996515328
78849 -77.23224421878228
80449 -74.71708306217147
82049 -83.54597509058515
83649 -73.57845940388106
85249 -80.0158117882466
86849 -70.85720445617729
87008 -117.88673533044259
88608 -76.77124452646332
90208 -71.57252000658717
91808 -82.85962718186839
93408 -71.15867421142697
95008 -83.49244215427842
96608 -74.82488141497561
96680 -109.83346250545296
98280 -66.80595906503622
99880 -73.54186060511886
101480 -73.45816355384514
103080 -68.5793922055495
104680 -68.38905842651927
106280 -62.13455995168966
106390 -106.01988325551463
107990 -73.14127167601261
109590 -66.82322909706832
111190 -63.42761314443501
112790 -70.16697031785294
114390 -56.057702668723245
115990 -64.39481471151292
117590 -68.70398430052651
119190 -60.40574855860474
120790 -61.934448182212904
122390 -68.21228909664464
123990 -66.27786961474209
125590 -70.82027402020292
127190 -57.29249364968141
128790 -58.89183493415074
130390 -55.43549080757783
131990 -57.41071461141173
133590 -56.16649949966273
135190 -42.98337808950591
136790 -51.31357103961833
136836 -106.71133247220081
137638 -138.57670716615397
139238 -55.49255386615055
140838 -42.37638373380594
140984 -105.26503636597035
142584 -68.40996308450832
142680 -98.33682557738075
144280 -48.11691912004783
145880 -60.86461257518895
147480 -61.905915545008035
149080 -52.74847046134302
150680 -55.730639202281836
152280 -50.63933257469763
153880 -51.07355499938844
155480 -51.59614240551279
157080 -43.31861758635498
158680 -39.001461432369986
158772 -105.54046453506189
160372 -36.386668531731324
160427 -106.71028818146947
162027 -38.51392369460069
162092 -101.23628525871287
163692 -41.342146956075595
165292 -46.74567992067586
165335 -110.86976148487565
166935 -42.333488698860954
168535 -39.25559144896582
170135 -58.968964967177605
171735 -39.36159908404443
173335 -42.60967699041586
174935 -46.667447846802524
176535 -37.44169176693632
178135 -38.20826475264883
179735 -34.04078363289067
181335 -32.68447342743168
182935 -32.945233157049856
184535 -23.199646529521196
186135 -33.26236171175663
187735 -24.672638696200526
189335 -30.8423230433595
190935 -30.044331605831115
192535 -42.13722173030673
193004 -112.13804014295216
193331 -108.10651761616765
194931 -18.387151979860537
196531 -12.36508990760738
198131 -25.11180433921267
199731 -20.82440708539512
201331 -11.822323556013409
202931 -9.636712285432967
204531 -14.904891447871353
206131 -11.18150371862082
207731 -13.830493961830326
209331 -5.959916712595154
210931 -3.741476188872607
212531 -0.6098156084660471
214131 -3.951422793796292
215731 -3.2399853701666017
217331 9.761301949639346
218931 4.620664892774686
220531 -2.083411314511661
222131 -2.44196898983233
223731 18.493470672131807
225331 4.445179473229386
226931 12.874996792100369
228531 13.839952314467476
230131 17.229077240904154
231731 2.989095794317775
233331 13.466842611090575
234931 7.763056134873386
235062 -104.10094274399057
236662 27.744224465974305
238262 10.727443066236884
239862 -6.120708664310484
241462 11.371458138088995
243062 13.50935928222535
244662 12.625745012612374
246262 10.776383797186108
247862 0.8910798198220502
249462 13.884990890019411
251062 7.58110086163939
252662 9.201777236091278
252735 -98.16059068186395
254335 29.2916456055082
255935 18.671055269710664
257535 36.102728329173566
259135 36.55029232454359
260735 31.760552978588287
262335 37.80830409901722
263935 28.660324200303588
265274 -78.42009364930415
266874 35.6373250545922
268474 5.930982231494029
270074 27.780362199967744
271674 24.15019325781985
273274 33.339516518505235
274295 -81.42969490720392
275895 36.510452364060434
277495 17.633714355710254
278126 -104.67979864925083
279726 41.53325867069509
281326 33.79746116447761
282447 -69.24853559421685
284047 13.633035047516833
285647 38.30203589566235
287247 23.143368902200834
288847 34.098663165997706
290447 24.852229624343128
292047 36.64494972328472
293647 38.96300632071123
295247 35.15812198313196
296847 29.64321059495706
297714 -80.52193248483042
299314 33.45080182736241
299781 -96.30302494066954
301381 34.60800762132054
302981 21.682234059854796
303059 -116.27581674025704
304659 29.81999765647825
306259 38.694438925546905
307859 29.501839798289065
309459 25.139440044373895
311059 33.310842153504524
312659 39.65879048294942
314259 25.446894126669168
314324 -112.35449850885819
314407 -105.83175670952971
316007 31.917487606550885
317607 39.27980576088097
319207 57.9666537589872
319274 -112.84304186824833
320874 41.841576478201866
322474 48.56169619502865
324074 36.745693198439355
324141 -99.75352859118146
325741 25.686087549415753
327341 55.59825618902911
328941 60.1293720770485
330541 46.387283052190504
332141 51.14879138923566
333741 43.36037944867097
335341 57.09467985553855
336941 60.90623695898552
338541 63.924180380576026
340141 58.05256099478712
340213 -99.63265569778098
341813 57.11901504825327
343413 44.37761945863008
343499 -107.40762714828054
345099 41.3851057801607
346699 66.42868298412175
348299 71.09862947171435
349899 53.31602555482962
351499 61.18360632569337
351624 -104.78692674299826
353224 48.85226402714359
354824 62.53961568558393
356424 70.8013898046507
358024 58.4573385746113
359624 44.61742566041191
361224 62.9103870727221
362824 59.0595168350651
364424 61.472619447351086
366024 67.54709495707797
367624 49.96464365086334
369224 70.04392554710182
369342 -123.93139218105252
370942 66.97436724173161
372542 59.4904501237981
372679 -106.91330050066921
374279 71.70755606220267
375879 83.68536460615199
377479 81.09616270054896
377719 -114.36473742294994
378970 -39.89716947126064
379048 -118.54695531293129
380648 69.87304742533553
382248 90.79548656709105
383848 69.7780173106802
385448 88.66010627796886
387048 72.71070020253458
388514 -32.003189721275035
390114 68.7650943500853
391714 73.09886862370674
392471 -94.62457377334312
394071 83.94619255226414
395671 64.63141006186545
397271 97.10943692534913
398871 71.37912900727986
400471 82.79863550394869
402071 91.76196291550242
403671 66.72349128048121
403767 -112.77396559377202
405367 84.40187784512413
406967 89.41564431152194
408567 80.4551913340408
410167 81.5160096537688
411767 102.02662493182223
413367 93.61280881941263
413431 -111.37400987533293
415031 109.07263920737667
416631 105.81406768031425
418231 95.02143968321877
419831 101.51561898162446
419940 -101.40138156222304
421540 91.01173994096442
423140 99.28637577821195
424740 120.58083340763422
424853 -114.93471068668427
426453 118.75667232052052
428053 118.0950877785871
429653 115.48034404804703
430103 -73.52349696167092
431703 114.53476641618946
432865 -52.05624591949798
434465 122.28497697923098
434594 -97.26232511116875
436194 91.33318007598947
437794 116.03182692253218
439394 130.31986977629003
440994 119.79678188412763
442594 123.83684617162868
444194 126.3565642044221
445794 125.7368108502771
447394 108.89463019304915
448994 121.72336389076268
450594 112.31718032326725
452194 107.12806714150605
453272 -41.98979422710239
454872 129.74326070235765
456472 126.34242304527584
458072 125.90241179652547
459672 127.61431344725476
461272 146.0092973510722
462872 120.36643829279032
464472 143.32174981953813
466072 136.90024351171888
467672 131.5419966147477
469272 143.82568942529858
470872 153.43000236622612
471554 -36.84562943293959
473154 147.43404293335868
473215 -106.01216691596558
474815 122.5939047629036
476415 154.2838654602963
478015 158.46179041971988
479615 139.27256856985016
481215 139.97706580214594
482815 152.03807997880313
482931 -96.27752938739955
484531 169.68075434569275
486131 172.48050303129023
487731 154.5987719196615
489331 163.23534591672583
490931 149.22661353620984
492531 143.07511440376712
494131 145.04020777081064
495731 139.0022590914804
497331 156.99959693412342
498931 142.00886208510443
500531 160.16572251618982
502131 161.24208418131386
503731 144.88404956147596
505331 169.2994056253955
506931 151.47482914798874
508531 162.50358315614963
510131 185.181439363779
511720 57.16612133460137
513176 53.07016758664682
513268 -100.18374854438193
514671 38.80155043640781
516271 167.3915935261298
517871 165.08833903749348
519471 190.2923565080607
519542 -108.98164469317595
521142 193.57844452552698
522742 181.8994624547243
522789 -108.04485188764707
524389 172.83937573405782
524945 -53.84608170216837
526545 152.62913817205978
528145 177.39822506114976
529745 179.61040688165843
531345 169.8417626544405
532945 174.24544721029903
534545 171.18568209923419
536145 180.01924862784105
536195 -107.47295591760613
537795 184.7093611566559
539395 182.40680020341745
540995 191.4812370864973
542243 31.862618250811664
543843 169.87206464085887
544057 -84.98521062965257
545657 187.05750845822942
547122 39.45033300022823
547875 -30.496328472347315
549475 170.86629715541918
551075 198.05936035146968
552675 204.73245984749582
554275 196.8948981145393
554336 -106.80165413396308
555787 46.25611877956749
557387 188.3459213600524
557525 -98.18420039860159
559125 190.0911992736052
560725 177.17975667438708
562325 189.10095044172337
563925 196.9250191540978
565525 199.40894447503146
567125 188.34864375373914
567188 -104.93244112262937
568788 179.64770377324567
570388 191.24993246718876
571988 207.28718745337477
573588 209.74914381970754
573736 -125.4637050901316
573783 -105.94571797414062
573839 -106.4979970232211
574413 -50.154033758225516
575515 -6.041472158375726
576992 74.65265231820871
578281 59.59811415774121
579881 207.20377637349407
581481 210.32837547579385
583081 206.6137338170248
584681 199.34800069920473
586281 185.91540954940677
587881 195.3019029849168
587934 -107.16650225423463
589534 204.33603476843396
589680 -96.9643600269941
591280 208.87308055740897
592590 65.61111834120953
594190 194.97097150260265
595790 193.81616010707285
596529 -41.995222117215995
598129 195.52032833756047
598175 -106.0908082651738
599775 190.83844524437393
601375 159.58330854505533
602975 209.0601973197195
604575 202.01271677864327
606175 202.6214648524868
606745 -90.3549121800568
607085 -78.70772817662669
608685 182.82223479991492
608837 -107.5310062956605
609616 -5.799059841482446
610348 -18.728414496527904
610980 -49.408585989725474
611790 -10.928063542393389
613390 202.95210980295118
613701 -83.05503094694515
613767 -105.56009814212533
613814 -106.94636709517985
615414 186.67679506995952
615459 -106.22542005365652
615606 -99.29828213602926
615655 -107.20474372854208
616086 -55.24843535045537
617686 197.79760607496522
617737 -107.6781714945864
619337 178.45641721342997
620937 179.1701001603921
622537 185.86867870991173
624137 176.1814525788032
625737 187.93775663872376
627337 173.6243803088225
628937 191.88721028988869
629101 -111.47482291366842
630701 182.76165415801557
631138 -92.41105350498731
632738 170.21290140085225
634338 176.94585172845743
635938 190.90184288798835
637538 191.67622811200692
639138 172.20545030606473
639189 -105.85416185884115
639263 -106.05475218515532
640863 194.9005959538013
642463 215.16987683226824
644063 164.43800800013474
645272 29.254509857169552
645394 -111.11258115753097
646155 -67.45253368397175
647683 80.7670607006691
648972 51.09666326154033
649113 -104.2248931025602
650713 175.56428858816113
652313 189.01117563019523
653913 178.42209071965007
655513 169.7244930285351
657113 169.88306044915126
658713 189.09371930439318
660313 205.88377404356652
660490 -109.25952808287306
662090 175.7549236977675
662385 -81.56407923194891
662572 -94.38620217316597
664172 181.48370614500723
665772 188.33451790773663
667235 65.31858619423198
667956 -31.943518576224733
669556 199.1441479733817
671156 159.1274206372679
672756 178.27232147606182
674356 186.01340768326193
675956 189.8737057788254
676062 -119.5203387091967
677662 193.41973757595315
679262 187.83745460837233
680862 177.04639791530343
682462 182.50599138713582
684062 180.24524249072127
685662 193.91481936172374
687262 175.8521327368562
688862 152.3090072339746
690462 187.8280377604549
692062 189.18477772105075
693662 187.93097440759303
694489 -6.161736210437738
696089 201.5621261435164
697689 187.3622183597735
699289 203.8630329524074
699905 -22.581519431984006
700739 -18.668074019204198
702339 180.21847860561329
703939 177.5774205785924
705539 199.87917202161705
706441 -26.85012642944301
708041 207.81601549358024
709641 197.5389984149202
711241 208.53151482503324
712841 202.38617082453123
714441 217.5384022618503
715518 22.119014497079675
715590 -111.03244747434495
717190 213.3827052617249
718790 186.01426308219538
720390 197.01508609142
721990 209.74043553328633
723333 47.014474000067196
724933 177.5862169625886
726533 174.49858609373524
728133 212.06080645589012
729256 29.005602658388966
730856 171.64939406651578
732456 196.34059976659466
734056 204.93099133423271
735656 218.03189709399064
737256 203.65249954101847
738856 198.76129094780353
740456 157.48186411362448
742056 199.29157565284333
743656 213.88862916005522
745256 196.02460744446313
746856 200.6643337385621
748456 180.77703876104871
750056 207.308860629213
751656 206.60132718386538
753256 176.57769806078346
754856 204.90323924283302
756456 186.4812401660327
758056 228.73428438437432
759656 205.453245896431
761256 211.59846099200166
762411 0.5921294929758005
764011 207.69968428969125
765611 185.92480174063203
767211 205.03626699324934
768811 156.562215280524
770411 202.7937570967738
772011 191.70992376405235
773611 189.7628743652962
775211 225.3033790845976
776148 1.0849163217496454
777748 181.08933752700588
778221 -64.83094099923095
779821 188.8298723684995
780400 -38.90639089885231
782000 191.23044447040945
783600 199.5651315297392
785200 220.356126310353
786800 219.04404734957612
788400 208.1421469731634
789235 -4.5244019616961
790835 200.54530535670727
792340 122.8750190748788
793940 227.44918480719517
795540 226.99932529324366
797140 198.53883242387897
798740 182.8206416516975
800340 200.53746071839507
801940 174.94990772575972
803540 203.96239162031398
805140 170.1777472065488
806740 231.37596410911345
808340 160.37866714157104
809815 32.16733062905749
811415 159.97055731630232
813015 200.27198432800182
814615 231.01660990985442
816206 93.82620376946528
817375 27.045981982889487
817564 -90.80465826160027
819164 205.93062045066753
820764 225.21329830560924
822364 191.41343096571913
823964 194.2405847719822
825564 198.359256860273
827164 176.0534018151161
827209 -106.21792172153916
828809 207.54635798521147
828914 -114.11127525230249
830514 205.43333618729764
832114 201.36288482875383
833714 153.99574248911833
835314 215.0708736083152
836914 210.73851609163637
838514 226.8415596886812
840114 180.90673622203317
840383 -103.86653094281068
841983 200.78506817638262
843583 209.76456942828256
845183 216.6365933288234
846783 224.2549023091611
848383 233.93402839497787
849983 233.72275924330188
851583 192.5857115556765
851631 -105.06240290653271
853231 197.67721854173018
853844 -18.779904559486127
855444 256.9242399480134
857044 206.6332027113031
858644 168.03750752722885
860244 212.7391560419596
861844 189.71937630608892
863444 198.09081188687037
865044 217.97902855726744
866644 149.95086816498264
867993 83.56071030582828
869593 211.67181910114303
871193 207.34556695630448
872175 -43.84889381597502
873775 236.76030130848233
875375 227.3290594726828
876975 225.05689217669055
878575 216.30437437824358
880175 196.1347508950459
881775 199.37729208907402
881951 -89.83484258593805
883551 223.3223022944725
885151 204.8515357129589
886346 3.2642095052381848
886779 -61.963941593226686
888379 211.4821979629667
889979 206.51862065095239
890046 -108.48110995763479
891646 229.70463118323696
893246 233.47398588851857
893337 -119.6876116598888
894937 216.80522362184192
896126 37.221614513720766
897726 236.99366337760523
899326 230.5512528092844
899367 -104.25292810636759
899409 -104.2480922817861
899465 -104.16378912930625
901065 243.1787805466018
901185 -97.72574982596375
902785 207.42841683218154
902844 -111.33748701384104
904444 234.07309580100858
906044 224.3062776455487
906484 -40.84595261811713
907509 7.118875276223932
909109 216.34643731769611
910709 188.19171000020663
912309 225.36256732670083
913909 205.14587462367817
915509 193.32734376687387
917109 179.4899104416814
918709 226.93756005429844
920309 202.803960172048
921909 208.7031322397161
923509 231.23067917883716
925109 206.17642714550405
926709 230.35688945005893
928309 242.35079381027035
929909 243.69071844294714
931509 253.00479687023432
933109 235.4317566814408
934709 197.4127579709401
936309 246.4978953456331
937909 235.23815851372615
938058 -101.0725718128768
939658 212.0835672526753
941258 258.6129941062129
942858 184.37196220984853
944458 246.10132575251401
946058 229.361106954803
946586 -27.328854345714603
947257 -25.094476286046344
947823 -23.998631157198204
949423 235.11263948603747
951023 143.42279506068414
952623 248.33058204898884
954223 120.31143213310658
955823 262.2695388083099
957423 257.0071561655555
958561 48.94000881237537
960161 253.95329736139192
961761 230.49891004807415
962680 30.13874219362205
964280 223.73446556331848
965880 202.2156623138908
967480 230.5582451731073
969080 258.77692082006126
970680 246.00831700431894
972280 244.15799489805224
972319 -106.5767560732315
973613 79.20907414543558
975213 244.69444022715646
976813 236.43404162598
978413 223.1616104339293
979265 -35.94739095919584
980865 236.60207427628004
982465 210.48497583525278
983353 0.6280510240500234
984953 227.72603399900206
986553 220.706818979498
988153 256.099770754141
989537 92.56653040914878
990552 32.78456221496677
992152 239.45061832902337
993752 232.5867248002056
995352 247.29547399263748
995438 -104.70273491483057
995550 -100.43188558398
997150 240.1407454426682
998750 240.19956551598463
1000350 253.0801787419336
1001950 243.3598455711018
1003550 230.7064428224324
1005150 178.86330426076145
1006750 235.49356618914928
1008350 211.84821889176274
1009950 235.46372621112158
1011550 239.42776132396824
1012654 40.46356137961183
1014254 247.41178185954294
1015854 194.85743697694838
1017454 241.1994377567146
1019054 229.7433324510331
1019163 -98.37332908520413
1020763 233.72896384674698
1022363 169.284710959419
1023963 241.59483248836676
1025563 199.1284764895247
1027163 242.18888566942033
1028763 246.6840184836445
1030363 230.43686255425672
1031963 235.79573772049903
1033557 117.03041944740514
1035157 256.38900008605447
1036757 238.9836811012087
1038357 232.39633080693162
1039957 240.62068084984037
1040100 -110.34082917829292
1041700 244.20230023039844
1043012 73.39460136455062
1044612 219.45790151989783
1046212 223.5375041864473
1047812 194.70295294174932
1048609 -4.289875646345891
1050209 215.7838980853346
1051809 212.37253823294694
1053409 221.36715166887396
1055009 216.9672790105887
1056609 247.61580461246538
1058209 216.26844413100315
1059809 235.63733806921664
1061409 255.1186003226455
1063009 246.10886732418123
1063347 -78.39638766010975
1064947 211.51924785044054
1066547 238.10178926422643
1068147 207.30364828381732
1069747 213.81540847493002
1071347 255.53280791695647
1072947 253.82445692695583
1074547 220.48598871883834
1076147 217.7378656473295
1077747 190.58371055679385
1079347 204.5829841825629
1080947 249.0169696082902
1081997 40.09533196474226
1083597 226.44098406020453
1085197 192.8486281466214
1085910 -11.273366005038241
1087510 247.03070793130757
1089110 244.38134107496046
1090710 243.81601519946759
1092310 231.18151800672396
1093910 243.78624295442938
1094693 -4.50969731561095
1096293 247.2830496697294
1097893 229.57899068129962
1099493 247.52461893548224
1101093 255.4073049526208
1102693 223.6042035031261
1104293 238.31379413630876
1105893 256.2801823808219
1106047 -107.94263269156465
1107647 223.63747242368837
1108381 3.1482074155708233
1109975 265.527241912541
1111575 226.44985566727655
1113175 219.12633913885145
1114144 21.017540736199578
1115475 79.50323679411267
1117075 239.13025911423136
1118675 236.43310128256783
1120275 260.7476153751337
1121875 241.3124524977795
1123475 238.7565528207156
1125075 219.71952789166343
1126624 105.08391205165609
1128224 229.45029857258902
1129824 214.39299086940184
1130432 -34.53270121213414
1132032 237.43048135927054
1132514 -50.9282291700657
1134114 256.68147969016036
1135714 256.8300139138851
1137314 216.82585644408974
1138914 242.5314931350507
1140514 261.1261157889301
1142114 186.98035396561977
1142276 -102.6484593289805
1143876 228.8151293827047
1145156 72.99108744273352
1146737 265.6416934211521
1148337 240.0965374880572
1149906 267.4664121358562
1151493 264.34679817866106
1153093 234.53043300619672
1154693 244.232903973517
1156293 251.92142063325542
1156658 -75.87481172981609
1158258 231.97514254865962
1158587 -74.0928785128817
1160159 264.70554008333056
1161759 200.52030811171892
1162573 8.537671193056482
1164173 244.4484186894527
1164297 -101.60331060928542
1165897 225.38054961784778
1167497 226.77790617242013
1169097 253.24772020672424
1170697 200.58220027144557
1172297 224.267879511617
1173897 228.4564342852863
1175497 231.63805138814814
1176002 -41.572598105990046
1177602 216.79164982913736
1179202 228.8268291861027
1180802 248.20916294801683
1182397 265.4566653785588
1183997 242.33752265311625
1185597 231.54281945063968
1187197 228.54812665646043
1188797 233.3756439304611
1190397 167.8381713617642
1191997 232.4496115577411
1193597 241.7012881368897
1195197 241.5620950003303
1196797 235.01909849781725
1198397 229.91293022604674
1199997 226.56501204457706
1201597 238.7362675498285
1203197 234.70134216867947
1204797 194.01465827223782
1206397 218.4343509868471
1207997 233.8834314510146
1209597 245.49617947292955
1211197 231.60953210817948
1212797 258.4812875232534
1212908 -92.02004817706471
1214508 221.9260885597893
1216108 259.2853705725562
1217708 211.3939054775176
1219308 232.90694369845374
1220908 228.2694486027812
1222508 229.54953017546347
1224102 260.70753720190675
1225702 232.44207572340474
1227273 126.1962620718283
1228873 182.47995465745888
1230473 251.96664042563543
1230670 -84.91925621296093
1232156 273.074380059114
1233756 246.06460908145706
1235356 228.91044433480445
1236956 222.25452874795525
1238556 250.59934765831687
1240156 191.74692130378773
1241756 213.45488501228297
1243356 255.53721781839934
1244956 236.05456443697273
1246556 250.96879367552066
1248156 221.5501639572918
1249756 237.6630512260752
1251266 270.69575242864835
1252866 243.8188892065172
1254466 256.59544615129323
1256066 236.44725981515933
1257666 258.30941933119146
1259266 251.00350379054885
1260866 245.4898165506784
1262466 219.34280677423257
1264039 267.7889229098758
1264986 25.62000431834744
1266586 244.26943776101956
1268186 251.9054229775126
1268315 -103.43353639511267
1269915 252.63400869316794
1271515 232.46519795507797
1273115 168.7545511917216
1274715 243.22909649242504
1276315 222.7034651421931
1277915 263.29500258143423
1279515 226.18444743702193
1281072 269.83425642825046
1282672 223.5977974289131
1284213 270.8908465825202
1285075 15.953470595586452
1286603 272.2724117706557
1288203 246.56467081618442
1289803 231.54539574886053
1290489 -31.091697980947984
1291886 82.97774751741477
1293486 266.10641376528673
1295086 233.57234876354596
1296676 265.70837716578956
1298276 199.14304845470582
1299876 252.21296559898317
1301476 218.64964575258892
1303065 266.3452401102829
1304642 269.05589205605463
1306242 230.06043618604207
1307739 272.33559316998225
1309339 189.78682897872537
1310939 225.12781372414864
1312539 261.88835669330007
1314139 246.54429054235547
1315714 267.71646036479024
1316370 -28.925091582499377
1317970 261.6749625173582
1319570 236.782216231688
1321170 258.68116213756053
1322717 269.5688674259934
1324274 269.4479767053345
1325731 275.4286661047441
1327294 267.3723428521588
1328894 249.65448601526253
1329026 -97.16827671389343
1329247 -98.86388788349863
1330847 235.60016712966078
1332447 236.21980575202082
1334047 225.59208146410106
1335137 27.63626829906866
1336639 273.42251350063543
1337869 68.00893290478359
1338689 11.52810532778679
1340265 267.78618297334424
1341800 271.2586587681922
1341952 -96.55259530321447
1343440 273.89655777191257
1345040 249.2576945017832
1346570 270.6346274247835
1348077 272.0644310035296
1349658 266.96030646006847
1349786 -110.16034178351424
1351302 271.1673702391201
1351351 -106.42942810130181
1351424 -106.96013436340417
1352972 269.1273698950275
1354572 228.69792531732494
1356134 268.0098044622213
1357734 258.2952589241053
1359334 252.56382676970767
1360934 253.49046020571208
1360989 -104.33241034820863
1361374 -35.69888070164991
1361425 -108.51230332047989
1362939 271.4444736243983
1364488 269.0484500615475
1366078 265.7003059268836
1366979 39.33116180557974
1367972 24.609556127006172
1369371 279.6974464328037
1369649 -88.45310748310698
1371249 253.78922570642175
1372849 246.97646775868395
1374449 187.1670419991293
1376049 238.57094202205903
1377649 262.67775310249186
1378081 -56.75931555805909
1379681 256.24323544878877
1381281 226.70942174362526
1382730 277.4851847952985
1384330 250.72553899885983
1385930 245.63789182953533
1387530 257.75179153709854
1389130 261.3458987363191
1390730 242.29857600526665
1392024 143.86103302815425
1393624 246.78709249273894
1395224 232.1497999661722
1396761 270.2225147650548
1397432 -13.843123297975339
1398918 272.6307358832733
1400422 271.8235276775563
1401928 270.46671874279957
1403457 268.4491822318372
1404904 275.8622099508052
1406476 268.1890074376213
1406541 -110.99600619679752
1408141 257.8308331041736
1408783 -5.802130552313571
1409279 -27.38322817595609
1410382 56.85843366871788
1411965 269.4037730279023
1412125 -94.45440499612752
1413725 247.82819361036093
1413847 -108.94752492729761
1413901 -107.92924839402549
1415501 232.8156176417629
1417101 235.3170925245869
1418394 69.41360203409991
1419961 268.60579957350683
1420025 -104.23885002279654
1420405 -55.00815141404112
1422005 267.7656830409474
1422172 -114.34889028229193
1423673 271.9273416486933
1425201 272.6536424632535
1426690 273.5819217143603
1427383 -12.414390467577846
1427671 -95.59051749820385
1429271 229.34034036352296
1430826 270.63685413307417
1430914 -105.93861056081889
1431113 -85.43754134517289
1432713 262.4385721170927
1434313 227.2770517378398
1435913 245.38886934656568
1437392 272.72083295275934
1438992 261.59375270427887
1440592 215.55345376077622
1442104 102.3806720190938
1443704 248.2102328406616
1445304 262.68340603273884
1446806 272.8239172424291
1446859 -105.92160523076294
1448452 266.90889203139045
1449858 277.6275744395277
1451417 270.83732103336195
1452956 271.3574859998089
1454519 266.62644661019556
1455552 61.91167405463767
1455665 -100.45803284280437
1457180 275.4310930374992
1458769 268.7878223774777
1459192 -52.79918553068923
1460791 266.3301539820271
1462291 275.34938274101745
1463758 277.28828867969634
1465317 272.1138891268272
1466917 250.65429945073606
1468436 272.5659252223886
1469996 269.23877479329064
1471502 274.3228358274594
1473096 265.8092657254331
1474681 269.1462864382197
1476190 272.0168111005689
1477790 256.7115030912079
1479390 250.9056525627609
1479745 -63.385036873061836
1481263 274.49105964025057
1482790 272.1998010205787
1484315 273.426824671867
1485858 271.6302607122097
1487458 205.0274700835567
1488515 39.56109358887315
1490090 271.11272173464425
1491690 263.5429198868667
1493218 271.066411215297
1493322 -100.41363585334706
1494771 277.1895123521052
1494884 -94.8452356171105
1494977 -96.08445254507785
1495125 -110.98987110632471
1495425 -74.5371276523452
1495481 -105.99934963646966
1495588 -112.1419161231046
1497143 271.71442079596557
1497190 -108.78942088707723
1498683 273.95443627200666
1499370 -0.8987202533692056
1500950 267.67301289998414
1502550 266.7348600926797
1504070 272.8155840705808
1505618 270.173066194229
1507218 262.68933268762527
1508706 273.285292123329
1510306 260.1995772287467
1511517 122.00036036315959
1512979 277.67754660982905
1514579 229.79225745896645
1516064 275.5392830841515
1516311 -105.34749527706205
1516462 -117.66437070084675
1516611 -98.77168880565588
1517937 116.82418777020138
1519537 261.2819006528695
1521137 243.97293774437642
1522601 275.11630457408006
1524085 274.4109664953448
1525685 259.8026702170023
1527285 235.98132273792257
1528698 277.64853140050997
1530191 144.23042052318718
1531638 275.9496088896518
1533238 245.66010452850327
1534817 267.9622338025224
1534908 -114.97873900290145
1536434 271.89817742200296
1537954 272.4110003555573
1539506 270.8602896122317
1539996 -40.64414781324623
1540060 -107.14750195758045
1541548 273.4688898822545
1543148 249.34882269149495
1544711 269.2035714673501
1544874 -96.6858466787481
1546432 268.83583735363806
1548032 246.25241980611406
1549632 267.0794150948928
1551232 258.19488329111573
1552802 267.780362701932
1554402 231.44264523002587
1555903 273.1735559904456
1557503 240.3724226040163
1559103 264.40333985284514
1560632 272.5491272678946
1562232 243.9994911746923
1563824 267.2152363067782
1564630 -30.96444938713327
1566230 267.1660054403975
1567156 51.87847007774437
1568624 275.3487789881298
1570149 272.81003904901456
1571045 47.54639738918215
1571328 -67.0534368153792
1572928 265.7743136666004
1574456 272.3982764985349
1575241 24.54438296635888
1575602 -56.231745880729214
1577162 271.7262325075504
1578762 250.6415366956594
1578884 -99.35957870931706
1580484 246.5483763543309
1582084 251.4631029352329
1583568 276.8450281267899
1585168 266.0211448660995
1586768 227.1931013781004
1588274 274.72006378557853
1589860 267.3305575787261
1591011 84.07399159357689
1592611 260.25257984366806
1594211 228.3225351270763
1595811 263.36267669382346
1597250 137.46870490889987
1597438 -82.71172316558909
1599038 264.8259842636697
1600555 271.813812421318
1602105 269.7835154763656
1603647 155.09487032775837
1605247 247.22285528694658
1606768 273.7368861560688
1608311 271.936490171168
1609827 271.6383980782998
1610615 22.19373157518237
1612131 274.3876936400314
1613581 278.3383760597034
1615136 267.8085783775984
1616520 282.52762490018995
1618105 268.3322021661268
1619625 273.5398636050492
1621118 273.1179843872701
1622662 270.51554872793923
1624126 275.4890831953932
1625620 274.1028817533095
1627100 276.2487220850595
1628530 277.9315536616242
1628654 -97.9641063195976
1630173 271.3949952268907
1631703 269.66946963514937
1633083 281.1048942850718
1634577 274.92713393341563
1636177 260.7411201662242
1637707 269.16155355085476
1639307 252.21734650964677
1640777 274.8267350985349
1642377 254.11478166648115
1643663 139.16993717177095
1645050 278.93959559730916
1646650 264.7259874458472
1648133 273.22381425186813
1649733 234.90681910329303
1651263 269.74539254905477
1652732 274.8012253981753
1654332 241.97312489867744
1655887 271.4310996886478
1657118 38.33746236846676
1658718 244.6350993965129
1660256 272.24834934110436
1661851 266.2419475300438
1663389 270.4709753384896
1664989 237.9772619098523
1666578 268.79329302058864
1668004 278.4887598510631
1669604 263.38139922122616
1671066 278.8681338732373
1672579 272.31620849985046
1673950 283.8163454935232
1674063 -99.80818725078119
1675619 269.5758934391882
1677138 272.8549706956475
1678709 267.8851694310532
1680309 258.68146580138983
1681899 267.87248390856024
1682761 19.100345832942892
1684307 269.81553373665724
1685749 277.0898378986862
1687349 248.3338933132212
1688949 265.45670253153594
1690477 272.57477957939886
1691939 276.87225909026915
1693394 276.6762545308847
1694835 276.1263241488974
1696338 273.31809893266734
1697938 259.56257669350555
1699416 273.3446105400631
1700967 271.3325295717127
1701090 -99.48579269955928
1702424 285.7162990877806
1703218 7.580220393879969
1704755 272.4644752542596
1706187 276.0628637279419
1707732 270.95550540238565
1709241 152.07901680873587
1710835 266.2889597985352
1712278 277.1651049831487
1713772 275.41672718844296
1715218 276.23534874016474
1716702 273.5222728265218
1718210 272.8732251934879
1719678 276.41376903420604
1719790 -100.19112782809076
1721269 274.9256877275103
1722869 254.15957027985837
1724402 272.1138117794461
1726002 255.3307552673393
1727598 266.53066031366035
1729100 272.21356007282156
1730669 268.05705387849684
1732204 269.30085338427136
1733651 275.49890469364215
1735251 254.09775165866657
1736807 267.08874757037404
1738220 278.85827057511113
1739747 270.07106088477207
1741079 280.9091031847317
1742480 277.782790971658
1743983 269.34069525277056
1745490 272.02779066803663
1746956 274.18468123227314
1748556 258.3594250648873
1749960 277.8482136803379
1751560 243.96161697371974
1753057 270.97059529822707
1754657 232.31116223194456
1756120 275.5133567443175
1757503 278.6862401159123
1759086 266.56655379138596
1760686 260.13101927786744
1762224 268.57571340399244
1763730 270.82121905200074
1765135 277.00000542152384
1766514 279.4445428183683
1767665 110.14398889214112
1769093 275.3955835352912
1770693 256.54035008006684
1771845 99.24379218174371
1773445 264.8518340412904
1774984 268.1462640968479
1776584 260.97006386684416
1777365 42.55965635379064
1777926 -18.640725810473228
1779432 272.2094259220299
1779680 -77.5310501441434
1781280 260.2015311995686
1782738 275.9557465948177
1784338 261.8904692923505
1785836 272.9942628810158
1787281 275.6855052055678
1788780 273.2499420430902
1788881 -99.90286811715674
1790303 278.5415450575206
1791776 274.23771680891394
1793288 272.5843204310758
1794636 281.6735991920969
1796086 276.8939265812864
1797582 272.3894605497002
1799138 268.39921588068137
1800659 270.6321620517283
1802144 271.85388124461525
1803404 43.65276562241547
1804801 277.04136945171723
1806271 273.3108674118484
1807714 276.31585798094426
1809289 267.559848242409
1810723 276.6363123937057
1812183 273.5703071895641
1813703 271.1998380215128
1815198 272.862761016788
1816692 272.1998662713735
1818193 269.9792634341543
1819793 265.64000497354505
1821332 269.68280217051483
1822875 268.91349617997025
1824239 280.29769347561694
1825837 265.3411564970245
1826539 -9.961780072738819
1828017 273.528245172228
1829541 269.9462951997407
1831141 260.35084676957797
1831810 0.4038410876638494
1833140 283.13864842091124
1834195 66.86304321480549
1835778 264.5503726205915
1837273 271.9685500318785
1838298 76.94411852709968
1839708 278.29840323836044
1841250 268.35292081118246
1841876 21.21228750763035
1842297 -39.342792707947424
1843743 275.5876950168073
1845178 276.49278515550725
1846750 266.969419165035
1847943 77.1090036300748
1849452 269.46347039561954
1850353 35.502935154558514
1851536 102.19640737739985
1851784 -68.26263718895305
1852957 97.85730931943098
1854557 260.87767285152626
1856051 272.9906642683516
1857398 153.9747443824324
1858736 282.070131750628
1860336 258.3175549037642
1861714 146.64900595560465
1863314 238.244867592152
1864150 51.450845530586975
1865750 257.83927916340997
1867270 270.4311194459011
1868832 266.676566870442
1870240 276.5443037827917
1870769 -33.79135563698695
1871281 -26.01065989607754
1872733 275.3753498856395
1874220 270.8012245016383
1875696 273.74020609744787
1877143 273.13605735245324
1878743 242.6794266049197
1880303 268.348470403373
1880625 -50.940230278897424
1882071 276.38972994540853
1883534 275.3239118811795
1885134 230.6545096589127
1886598 275.2761112268173
1887965 280.52736551263814
1889276 283.9204172031281
1890876 267.77235576656386
1892398 272.535868059881
1893753 282.99212317183054
1895296 268.8578666323531
1896579 98.7429683819482
1898179 233.7054945312757
1899779 248.21527885719505
1900655 14.685417878913995
1902060 279.4116912299008
1903507 276.39706953465173
1905059 270.93628590359094
1906648 269.3512292402159
1908173 272.6185785880385
1909769 269.41921992748627
1911252 277.88901648038325
1912852 256.9243180982926
1914275 280.57892114707477
1915827 270.1286105688607
1917268 276.6214271448418
1918723 278.3953054657897
1920178 278.4541770095256
1921694 274.8604915929709
1923274 269.2751016743684
1924874 204.64373731570012
1925575 19.370043721868356
1927114 272.9770390611448
1928646 273.8591791748145
1930158 122.72657770399127
1931628 276.12576681448803
1933215 270.6394075853365
1934313 114.94555133420855
1935752 278.64496102933265
1937303 270.35089338393635
1938782 275.0676617011076
1940254 275.3868857971329
1941650 279.8554177587546
1943200 272.8382582839605
1944800 266.0188141326389
1945130 -66.47155964099335
1946628 274.13225265864696
1948176 270.1972334061603
1949630 276.55372588474387
1951103 274.57202192269716
1952571 275.1106363574784
1954037 276.06389069916986
1955613 161.34286946648922
1957001 282.52506992236516
1958486 273.7334531980344
1959699 103.95114627435638
1961135 277.26757669878504
1962636 273.9652421667721
1964087 276.62722770412273
1964598 -48.84575877935436
1964772 -94.45190761213439
1965938 67.90933591977264
1967344 277.5418780863888
1967713 -66.50720180660608
1968149 -33.10927137495571
1969708 270.11649558715874
1971154 274.40180777586716
1972655 275.8481394725059
1973440 34.35593940706613
1974987 271.5061067456506
1976467 276.9289014615923
1977978 276.1858080244913
1979517 272.8614127340056
1981021 275.1926234305724
1982621 251.6579474884593
1984106 275.3557710712384
1985555 277.15539222740455
1987024 275.8977119888397
1988535 275.01396208430003
1990092 269.9309302043042
1991524 279.27743555734963
1992993 275.8038310782805
1994187 78.40857132979681
1994391 -96.31470928966284
1995871 276.91132970715506
1997355 275.4838253773231
1998954 269.8192339974786
1999545 9.877633693872
2000928 144.76907347710323
2002352 149.79048936072593
2003768 278.07846488768894
2005233 277.29455233687474
2006736 275.25669038396956
2008138 282.9217293299021
2009564 280.62924684565024
2011036 276.15411446600046
2012516 274.35380092105004
2013848 286.27765493814206
2015172 284.9418188221921
2015573 -53.722781817659715
2017173 211.074356179004
2018298 90.19705910286339
2018435 -103.85259316555162
2020021 271.01943997233434
2021553 272.48371579249783
2023048 273.779205544875
2024648 265.4544118257693
2026179 274.58204643965223
2027652 275.24549483948243
2028985 145.02006856330812
2030564 270.76633595507974
2032164 241.57835713463544
2033193 63.488036958679544
2034528 286.5378358105715
2036128 234.97532939386028
2037542 280.8402883097092
2039094 271.4544962457094
2040555 275.7621643598294
2042061 274.14166075197335
2043459 279.08232537765855
2045020 271.7619902577799
2046514 276.7373554752533
2048114 249.97875903778888
2049531 281.08796878061094
2050954 278.7996804607531
2052548 143.56914191628078
2053978 280.50557780066396
2055475 276.8645446691718
2055590 -98.81112364639652
2057190 260.9232815614009
2058705 274.586920684448
2060229 272.8006067523263
2060369 -102.84872744611123
2061782 277.6902938525428
2063360 269.0328202032008
2064916 271.6550512355071
2066420 274.34966133053945
2067984 269.28333868340354
2069584 268.761569733535
2070714 109.73161960206778
2072158 277.8551720873655
2073644 274.29609501185206
2075105 276.48536242821496
2076629 272.3948054709763
2078090 278.1327888855687
2079603 272.0371092882509
2081203 262.68438899844614
2082670 278.6697220354792
2083272 3.1044777870977924
2084774 273.8115084279637
2086146 282.5173110414717
2087672 271.39942080521615
2089185 272.4947640974757
2090572 281.8717269214317
2092131 270.2057823239557
2093719 270.76239996915785
2095160 278.0127808430583
2096760 262.7398650656938
2097651 43.81003260466994
2099025 284.0702538224315
2099178 -98.89578731989427
2100632 275.2506484803526
2102142 274.50442013749563
2103578 276.35228315037637
2105058 274.6986427365403
2106529 276.1020474885531
2108067 271.9731163810849
2109506 277.66409694525737
2110952 277.3753353583705
2112404 275.39743002487876
2112556 -96.9331248446945
2114055 274.9526098572004
2115439 281.28725680993324
2116008 2.400912829564845
2117466 278.0305735205415
2118925 277.654473153998
2120414 274.56870574931986
2121936 272.5277668190408
2123324 281.1098699013218
2124738 279.91047995314625
2126208 277.01271897235563
2127763 269.2934598563271
2127894 -97.48242945670088
2129451 272.0982837498008
2130866 279.0925907099116
2132300 280.821125146234
2133770 276.3323849116508
2135291 272.4644492006534
2136459 111.91142528334285
2137959 275.69045922532246
2138083 -99.3989359085982
2139627 273.1444256185116
2141053 281.36041779557
2142438 282.48881045348924
2143881 278.64642752390836
2145270 280.09124844406654
2145899 -3.2039367411776567
2147334 278.0131300982871
2148882 271.3485884318245
2150341 279.58941228624593
2151915 272.1222867331619
2153339 278.5256392437728
2154804 276.5622524737825
2156381 271.0462931823398
2157889 276.2326463060506
2159368 275.2506034668773
2160784 278.80938062876857
2162330 273.51704794675567
2163681 283.37650702648307
2165105 97.99039705074028
2166589 276.0575816622858
2168012 279.59711911443827
2169475 277.4885012524061
2170957 276.78285857821834
2172557 225.7868425360027
2173941 281.6422110837145
2174488 -24.48051832435651
2175880 281.06978602697797
2177419 273.5494773799585
2178849 278.5092369616229
2180270 280.92694867757984
2181761 276.81713639557194
2183212 278.2504960355814
2184801 270.32559623956104
2186318 273.58761419680434
2186435 -98.34087318867817
2187774 283.3236605098389
2189246 277.03731365322847
2190660 281.03038033779967
2192180 275.65273089207153
2193579 281.92807929140776
2195102 274.4448020054035
2196659 272.4518926379151
2197929 286.8950444520466
2199339 280.9836417697658
2200888 273.48770866686766
2202276 280.27703287429205
2203666 282.4351326890519
2205133 276.491208311998
2206443 285.27852988206735
2207680 139.08998651575396
2209142 274.5761907427445
2210627 276.43727462515574
2212084 277.4287182814577
2213456 283.7714894129096
2214982 272.2046473089506
2216416 276.895567597701
2217913 275.47813676727145
2219303 279.14299501157114
2219881 -3.93538251952954
2221320 276.7894134189939
2222710 280.75306793535054
2223077 -55.59658474910881
2224626 269.4938303239858
2226168 272.464411344531
2227675 273.25828616442567
2229214 270.6587982702349
2230684 277.63564391415895
2232048 281.4251114304195
2233462 279.64460374143226
2235021 271.4891530055503
2236484 268.8174522474684
2237895 279.1545307161112
2239356 274.88724571313395
2240892 270.87413372173467
2242295 278.4572156418382
2243895 246.85881923861893
2245436 270.8823669543452
2246844 279.02106295266475
2248303 275.9851862677958
2249739 277.7564514786137
2251186 276.19337316379597
2252586 281.4727883559692
2254113 271.694379811718
2255636 272.8600139463787
2256431 53.21053698139548
2257799 281.15235755536446
2259284 274.84995999214993
2260799 270.31144172259803
2262198 278.4888005765436
2263551 282.06994400337527
2263674 -98.76893048118676
2265118 277.5246602424721
2266523 279.3630662138057
2268103 268.31261428086367
2269555 276.35613112491296
2271028 274.4545840683821
2272509 274.557168919676
2273908 279.85862695990704
2275508 251.06263412498782
2276917 280.2439380037576
2278398 276.04556367018785
2279849 276.2188250099168
2281278 278.72158623110175
2282782 271.4908104982988
2284214 275.4058445662173
2285623 278.83009817086673
2286008 -50.61472293847452
2287550 269.65348310263784
2289019 274.97641700916955
2290449 278.48788685175043
2292022 268.6803330089554
2293080 78.69751819470443
2294501 277.43800584202324
2295864 279.8795399329868
2297222 281.299222024443
2298152 46.92412493102526
2299168 62.44618049042771
2300573 278.0275940463646
2302013 276.0508466666816
2302502 -20.907205866017804
2303113 -3.6189742300578445
2304574 274.2771014195407
2304864 -65.24978997617585
2306330 275.44519927032724
2307930 241.4995811418885
2309410 273.4305586304615
2310782 279.7437658572347
2311642 60.573629300458606
2313003 281.6834580570982
2314350 282.1652864242715
2315795 276.60116825842584
2317364 267.28831620959807
2318841 274.9334852942705
2319722 48.17263503709353
2320133 -71.2675968332024
2321603 274.59267608341554
2323017 276.9794872079581
2324459 274.5237543735919
2325974 268.949498187263
2327447 274.199240909427
2328883 278.11793824063375
2330386 271.48247402627914
2331780 280.73492454782286
2333237 275.14132333034155
2334827 267.55718183533304
2336296 275.2985486951816
2337733 277.0441913578324
2339333 250.6628412446226
2340744 278.35633843870653
2342104 282.4097120492869
2343624 271.62342391271767
2343759 -93.78549467346942
2345095 283.74988193270275
2346548 276.9094637390607
2348036 275.3857125728228
2349444 279.464423838672
2351044 261.20493985250846
2352588 271.1427802624012
2354057 274.4636447768949
2355657 239.1687174655136
2357257 233.93529005754547
2358726 274.9408024165548
2359638 62.25478722355001
2361043 278.1220926681216
2362527 272.543682290489
2363964 276.57564371069816
2365555 266.4960270215351
2367052 273.8778301548701
2368437 278.0121902678086
2369814 280.65868892808663
2371327 272.4873618643998
2372767 275.529593489075
2374160 279.5724246634539
2374580 -56.248298897025514
2375987 277.13711361849033
2376632 -62.53190717349445
2376755 -101.34644444637372
2378269 269.8530931451505
2379744 274.82113366388813
2380725 66.21818252675189
2382129 278.1331979935228
2383530 279.52282955353473
2384890 281.7205680397199
2386438 271.10465612369364
2387864 278.2450322992812
2389302 277.2635550613843
2390729 277.19476999240237
2392187 276.49131859304987
2393604 277.274910705345
2394017 -45.22221241354945
2395511 273.8757505680864
2396938 277.34516638142804
2397444 -49.82919296703427
2399044 220.90863914165175
2400434 279.6040932981149
2401905 275.5373799009649
2402991 71.4165746191604
2404410 277.6304528564659
2405773 282.86573004678274
2407101 284.94391231157556
2407269 -103.09355502464808
2408695 277.6871641472973
2410086 281.0656154579999
2411529 277.7651984283095
2413050 273.26093612028046
2413199 -100.87970752484414
2414587 279.7129471729408
2416025 278.0899201950835
2417508 275.06471523574595
2418825 283.8404049727987
2420391 269.13839043968295
2421932 270.32025340969005
2422071 -101.41796346974807
2423529 275.15806700345337
2424897 282.2227175835001
2425014 -99.35460678939273
2426450 277.86118104755894
2427956 273.4835182183477
2429369 278.6058951951433
2430788 278.9666820615622
2432271 272.98735677172834
2433669 278.4372836542382
2435154 275.12968094996273
2436637 273.8275987939108
2436771 -95.02945977787115
2438249 273.91363453141474
2438415 -87.8696476958481
2439748 282.7579112674426
2441124 279.64915721517036
2442515 280.7772890049769
2443940 277.6384416364728
2445369 276.9908328911063
2446755 280.1043492155354
2448131 280.1156725203594
2449731 256.0239601140801
2451235 272.7746961873866
2452701 274.70434156945305
2454135 275.5138219635899
2455566 277.39955399829324
2456934 281.64366648804514
2458413 274.25685848309837
2459832 277.65088698923364
2461242 277.27973602838637
2462643 278.8423788891779
2464117 273.3602517360092
2465625 272.7341844663337
2465777 -97.90773771017666
2467085 285.46524607939
2468488 277.4953768695485
2469878 278.2856155214289
2471271 276.4149114692756
2472750 273.7670085384602
2474270 268.50564882768595
2475612 283.65402151226
2476961 282.2384419646423
2478446 272.1047493913963
2479931 274.8285518223449
2481019 73.87655884193876
2482454 275.41164312468055
2483879 275.58939922663524
2485239 280.5713517953005
2486683 275.0636033888892
2488130 274.3791461830791
2489467 283.3099465778874
2490831 281.3011204077035
2492242 277.3194510348692
2493663 274.96523499280516
2495078 277.32985691060395
2496516 276.33967126213975
2497663 119.14576719164316
2498985 282.9090480439017
2500495 271.9041706983644
2501886 277.6210820316171
2502436 -41.901552290145354
2503799 279.8569904676683
2505060 153.82421447423692
2506562 273.0074652157066
2507948 278.10303646978014
2509323 279.646004760689
2510707 281.4902544124966
2512159 274.539750868427
2513540 279.10167406822313
2515098 267.7712438991224
2516490 279.9503731795341
2517965 274.9890082605304
2519391 277.91923518566546
2520806 278.0082247630399
2522126 284.75416730109146
2523682 269.2503191561237
2525200 270.1030682025173
2526467 288.0092736510007
2527918 274.4953857383047
2529381 273.9490912582468
2530802 276.17605711741817
2532220 276.7894521439135
2533695 272.3048852324622
2535160 272.62276102436664
2536565 276.6487846020989
2538165 251.21807801324263
2539444 284.24320935436947
2540951 271.45349215649196
2542389 275.5831526625658
2543876 271.7374114819156
2545312 275.94235968731704
2546665 280.7062925418972
2548174 271.3299353300809
2549567 276.20226712670984
2550893 283.0409781792011
2552279 280.6189312521447
2553581 284.9001649066628
2555067 271.5618353615799
2556440 278.2440501360607
2557738 283.12105254855095
2559122 277.4280901192627
2560478 282.1158953004532
2561883 277.2215677881442
2563410 269.49742819141517
2564864 275.971320498496
2566266 278.84188252041105
2567545 284.18191141223366
2567821 -63.19996098319501
2569304 272.29556120582953
2570621 283.44631535504965
2572004 278.19303211280936
2573399 278.9788528271426
2574766 279.8020435858525
2574884 -100.06095540880412
2576253 279.3625245334515
2577665 277.75845287721853
2578961 285.71467108822776
2580344 277.8882820826665
2581822 272.4705156082518
2582075 -71.3360254405917
2583550 271.5762166809752
2584953 278.2817777014342
2586290 283.8854932935377
2587687 278.18542400192405
2588995 282.95830860507834
2590391 278.64058722292634
2591838 275.5372993461193
2593356 271.5976445698844
2594956 263.1018739442427
2596307 281.86927132457254
2597323 69.98225161431114
2598646 284.41952909006375
2600102 272.9453400112629
2601699 265.1652292363627
2603058 279.88525116113766
2604450 279.30026553274445
2605834 279.8195740031879
2607239 278.75500518601166
2608573 282.49404701314626
2610028 275.2634784072289
2611451 277.34471199047374
2612857 278.1924157356819
2614212 281.5625553060435
2615612 278.7490984406013
2617071 275.326142640962
2618439 281.9345519584977
2619909 274.07741922839926
2621212 284.3857963061094
2622619 277.0195778412257
2623955 280.9055113983971
2625429 273.62728538250377
2626826 279.25797229883045
2628167 139.23712544425848
2629497 282.8220426452386
2630530 103.4898985429306
2631915 280.33479295232684
2633248 282.8778124086352
2634654 279.07582439603016
2636117 275.0236607736333
2637544 277.5734327416161
2638039 -53.092520124698126
2639445 279.20247205182187
2640770 283.75801166920445
2642169 278.9920865349103
2643695 271.63910826309467
2645145 275.3366231979526
2646586 275.45064096792106
2647905 284.53362536207055
2649349 275.02690135985665
2650598 289.55444847339214
2652198 221.73286709567998
2653539 282.9253490985341
2654925 279.1470948488639
2656340 277.1884212177167
2656461 -99.95920803918068
2657825 155.66538766451202
2659179 280.9946670487017
2660507 282.4359680442778
2661846 282.5053901226205
2663214 281.0531860734584
2664587 279.8861976164004
2665985 277.5535583356935
2667417 275.5070184660582
2668801 280.46531315691664
2670401 262.66529025043866
2671105 8.084186914419249
2672600 271.2174220863716
2674009 277.9835504832834
2675451 275.0683300211542
2676707 286.3608301118753
2678042 282.89970913411133
2679334 285.12097391241497
2680804 273.4407245707803
2682157 281.3955058827134
2683554 279.17292432145933
2684984 275.61465272546843
2686443 273.63728883599543
2688042 266.005089898869
2689448 278.7212234606253
2690770 282.03122333366935
2692154 279.9650249974143
2692792 5.313403381382216
2694274 272.3385696065921
2695679 277.53162711761655
2697073 279.5607070816458
2697692 9.747874201631674
2698985 284.9961396062681
2700378 278.45390702080584
2701743 280.9984714008152
2703109 279.57425349418793
2704520 277.3221654677958
2705961 276.70895702974764
2707299 281.7763674692137
2708750 274.6999548783626
2710229 273.55357165338864
2711616 280.1979315969495
2713031 278.12444347080714
2714361 283.3421657398144
2715733 280.3444522318323
2717144 276.36795120578046
2718516 278.4984298678312
2719889 278.84355231559675
2721252 58.78600839075821
2722658 279.3219964803825
2724065 277.13418145783334
2725120 99.0381692867135
2725246 -100.18383482488959
2726586 280.4546813779894
2728150 265.9392002005946
2729518 278.78607085590215
2731009 271.86875693160584
2732391 278.1851609098387
2733685 283.76070286364285
2735139 271.19775444698416
2736484 280.22465872466654
2737882 277.8076831249844
2739257 278.3623101365533
2740589 280.4110341481475
2742064 270.71598498869093
2743386 281.41377893157795
2744727 280.57899701008466
2746224 272.37208237421976
2747610 278.2125969568735
2748935 283.56651628500987
2750407 271.80743382047166
2751766 279.66110453860534
2753120 280.7919890284733
2754439 281.8075110884238
2755776 282.67407788812676
2757226 273.6691269629319
2758606 280.9128914702533
2760013 278.02030885259194
2761395 277.74544139844073
2762795 274.3527111668911
2764184 280.1948787964786
2765641 275.4539936516234
2767013 279.800941861227
2768391 277.4941360903719
2769732 279.7695904999885
2771172 275.95929740853006
2772471 284.9914061637099
2773900 276.6631912735535
2775304 277.24947633702
2776657 280.20834540739094
2778092 275.72122787447586
2779432 281.00021472390495
2780803 278.84117719966207
2782216 276.20056289361213
2783597 277.2039490719187
2784862 285.2949132219502
2786196 280.43331079078575
2787526 160.49685538399643
2788808 286.0361260387789
2790185 279.74727117465943
2790318 -111.73900488827998
2791716 277.9466252100624
2793130 277.22564923088396
2794540 277.5950105676715
2795823 139.03842064471758
2797174 280.34593215597425
2797221 -107.96052519920717
2798548 283.2175182567545
2798738 -123.79283665007291
2800171 276.77658726449755
2801520 280.6280391149703
2802962 276.6532725882881
2804307 281.394507626529
2805693 277.3158827952373
2807088 277.70594133099354
2808381 284.16046126265957
2809808 275.1099354809053
2809853 -107.93980534300705
2811221 280.59094957796754
2812108 51.45972559075432
2813426 282.9283157069206
2814693 285.9865292351726
2816155 274.96456428332164
2817663 272.1718104250426
2819014 281.49977805840774
2819153 -101.99789785196819
2820546 278.77414956467516
2821872 283.4302208476674
2823279 278.8810066246348
2824764 273.698622485918
2825893 97.13155058202537
2827229 279.8100403469218
2828633 279.132985255885
2830030 277.551958845843
2831545 272.22915253273436
2832970 275.5717432068683
2834400 274.9643800648871
2834474 -117.78451423710399
2835838 279.86969537166607
2837253 277.22249950529016
2837322 -115.88257698613282
2838695 280.28144759377545
2840057 279.55016277967485
2841445 278.1792141774887
2842828 277.7623788109876
2844144 282.3924745646043
2845480 281.07353807457974
2846910 277.2966210763016
2848371 272.9891967187479
2849811 274.5253933452464
2851129 281.83075788137063
2852558 276.7645764289102
2853847 286.50075059399785
2853938 -117.29070298660608
2854064 -99.19286312400736
2855474 276.9140110834337
2856842 279.9982329566919
2857791 76.51880709171448
2859211 277.4513587536344
2860778 267.1872021447236
2862071 285.3110108058876
2863516 275.34001053119385
2864941 276.6602000960165
2866219 149.53942454838025
2867622 279.4578026704883
2869062 275.936627238222
2870458 278.66896226571856
2870917 -28.110579024713203
2872497 265.684805321606
2874052 269.9943419163237
2875427 279.42125637027584
2876930 271.2492055196962
2878416 273.8743678293094
2879909 272.1104117832096
2881416 270.89689271872095
2882873 274.8866655928736
2884362 273.3584058998996
2885772 278.227079048521
2886778 57.603739113123424
2888242 274.61245188242043
2889228 79.96120045599366
2890556 283.0700464321341
2891977 275.6685141669879
2893348 280.7104143868983
2894945 268.8178287846865
2896532 265.781921510543
2898051 271.84784497257647
2899467 277.5650010038924
2901067 248.91260533253507
2902362 284.9340673933392
2903833 275.5410147699144
2904231 -94.13180367101108
2905635 279.45949218568774
2907190 269.04816468129485
2908639 276.2775318311396
2910211 268.51882639212437
2911811 262.42979709188006
2913272 274.3813280966806
2914662 280.0393460149901
2915929 286.45342243345334
2917319 279.50651231659424
2917566 -103.79412745357243
2918935 280.1560843540428
2920419 272.65512965149526
2921842 277.9804670493262
2923239 278.3839869919373
2924753 271.9040023220402
2926042 284.802257635568
2927405 281.0546480594896
2928737 281.11742395232477
2930156 276.0900425582273
2931578 276.539011843476
2933012 275.2768988335648
2934379 281.0353748677507
2935788 277.9726451314099
2937195 277.16970608204065
2938587 277.30593550107136
2939989 278.2694155275746
2941368 279.696466149763
2942728 278.4384164405614
2944170 273.84527783689987
2945522 280.3165379531678
2946777 286.8117172797643
2948146 279.6078327024391
2949585 276.0278616027751
2951074 271.3595349632742
2952545 270.076188412031
2953848 283.41005946011984
2955370 270.8278212511479
2956875 269.4098204107169
2958209 281.24205891208686
2959552 282.6362971773275
2960921 279.609357028366
2962396 271.2813655595789
2963845 275.1154101206888
2965192 281.2620976913685
2966539 280.52525299450735
2967966 274.48985849258474
2969247 286.0256465041447
2970642 276.4922823203763
2971995 280.68092251858565
2972980 102.70310252158777
2974416 275.39598808260416
2975784 277.8825733367682
2977136 278.89825081997833
2978574 275.31852162662875
2979899 161.65068647059553
2981235 283.20656221927453
2982560 281.7125652694183
2984023 274.04835364803324
2985429 277.53147450462063
2986800 279.8333575317206
2988186 277.1524568691222
2989524 280.3161462128053
2990849 282.9236350725524
2992209 279.1072199983799
2993532 280.55244560058594
2994966 274.2845205082902
2996449 271.2744955618317
2997863 276.8928168018763
2999285 275.4770605195731
3000660 278.7422177879027
3001924 119.9683645742096
