# reward.txt contains number of transitions:cumulative reward
76 -125.42321746703517
241 -102.10881471713382
417 -122.38516181303561
462 -111.08851179580638
2062 -111.50396774422862
2136 -115.09110750551957
2201 -99.28101652221754
3801 -113.54376421694643
3864 -107.90525170962272
3923 -107.83810736099196
3973 -110.67429372483491
4058 -115.47506910239595
5658 -112.97430674152737
5752 -120.40011998662601
7352 -107.45209656482317
8952 -119.02446863874226
9045 -117.25731444803749
10645 -98.11563875983181
10709 -114.50040353381199
12309 -108.93184617220001
13909 -107.31915960084282
13974 -106.68073443070116
14022 -102.7429486922957
14087 -101.81200794660114
14170 -100.41315553310824
14233 -106.68550175244857
14287 -115.42004765238737
15887 -95.24311939059719
15966 -117.97094659577496
16036 -106.15791368560866
17636 -105.82496300339353
17698 -103.84533856869302
17743 -105.53497199899564
17841 -118.936338147318
17967 -103.99292013706702
19567 -110.37794162784972
21167 -100.11874545317264
22767 -99.41360641744551
22870 -104.4129079898186
22926 -110.01503419774367
23011 -101.96425628629451
23099 -109.11514422825537
23194 -117.79224585617055
23266 -117.7356686463828
24866 -111.23020337367622
24927 -103.04819914898462
26527 -113.15662857215911
28127 -105.35599910777317
29727 -105.73941514360344
29833 -120.31982146875995
31433 -111.39579953517583
31498 -102.86574544628213
31549 -112.13294697174803
33149 -101.5464054165275
33237 -104.88432892950547
33307 -105.04524135905659
33365 -105.9737936130433
33419 -107.17697187236138
33481 -101.87828891423841
35081 -109.34298279882343
35148 -108.77491746774378
36748 -114.23924807383798
38348 -119.42554657856134
39948 -109.63123674983163
40008 -104.78636848313113
41608 -119.5590544749689
41670 -110.27229855228836
43270 -115.19108405421422
44870 -107.10892250634596
44952 -122.10969405355615
45014 -101.80943225563131
45067 -101.74585481436054
46667 -116.70032544350805
48267 -116.18118106330557
49867 -118.53618838636972
51467 -116.74155106732053
53067 -116.93878151325583
54667 -115.20218837223085
56267 -109.930994629896
57867 -108.97237688899175
57930 -99.20011803673083
59530 -105.75211974179176
59581 -103.54664685573367
61181 -105.78857112099107
62781 -105.6251134449155
62871 -109.12899139332336
62931 -104.10341226169963
64531 -107.4853955905483
64632 -110.42417821694663
66232 -100.78011650022465
67832 -99.54927081791477
67888 -107.90706548498757
69488 -108.32768621343385
69625 -125.39882631905935
71225 -105.02082111701613
71280 -103.92910204772154
72880 -100.98652125275203
74480 -109.57283552979361
74590 -109.12278782624503
76190 -105.99940884065735
76258 -99.2827145920992
77858 -96.72419886416131
77927 -112.7957068435407
79527 -110.53930223913419
81127 -101.41573239003685
82727 -99.46428620447519
84327 -103.8549351118642
85927 -104.52077428442793
86013 -107.12127491360405
87613 -94.3706270911613
89213 -111.29022896118332
90813 -98.91793794537212
90883 -107.60700279819314
92483 -101.33874089570718
92563 -106.08243359654212
92621 -105.851989271136
94221 -91.86408572540991
95821 -92.00295423988376
95917 -106.6562038882083
95991 -106.45053064205311
97591 -94.52965494283151
97732 -125.50082958283896
97775 -109.93306965207371
99375 -84.12693533349848
99446 -113.19340253030944
101046 -85.71385790072266
102646 -83.6788792496379
104246 -81.98209536780104
104288 -111.00835265772417
105888 -79.01295397674352
107488 -78.02265126708215
109088 -70.18967058864541
110688 -76.28712029647323
112288 -107.46116500066981
113888 -73.97436793956143
115488 -108.13779387973133
115557 -110.00557645881052
115634 -104.7084753681415
115706 -119.11105481553636
117306 -66.64849595277136
117399 -105.0065818428006
118999 -68.63650845607506
119053 -107.38740966787438
120653 -78.04221449431442
122253 -75.57611759773201
122297 -109.81483315357069
122359 -113.85782887816244
123297 -141.05530116231736
124897 -77.56176820492324
124999 -107.32083757720329
125060 -116.63509451267558
125113 -113.80469566969947
125172 -107.27667744891097
125268 -122.52088192397046
125406 -101.88373006132865
125499 -126.82056266836076
127099 -105.474164662387
128699 -71.79142790045155
128872 -128.0580843995828
130472 -69.6121812775445
132072 -69.39142067786375
133672 -72.98246797308191
133739 -117.5452608472916
133798 -108.04620100362226
135398 -71.64862140999487
136998 -70.22151036136907
137050 -111.15055656308742
138650 -78.06786221331699
140250 -80.38820300968065
140297 -107.62061692661109
140369 -101.12733425057803
140414 -116.10541755075442
142014 -70.94701144486238
143614 -71.94987542521392
145214 -76.8484346372132
145353 -111.49378292493957
145436 -120.36745301697837
147036 -75.58986423694269
147093 -113.04814338597468
148693 -109.02397749446567
150293 -75.83676863129743
151893 -79.97574070978972
153493 -75.48463480609728
155093 -68.38796253585316
156693 -73.0074093983949
158293 -69.82719755971733
159893 -74.92353342288918
159959 -117.6146270248387
161559 -83.31626802842383
163159 -62.29139522218424
163213 -107.28430990140389
163297 -125.95619437152085
164897 -78.45816063516953
166497 -71.04542580207881
168097 -69.2930442789806
169697 -62.73877900831836
171297 -60.22175708194046
172897 -75.16448902301184
174497 -73.13413443315847
175463 -147.28139709519908
177063 -77.45222354268165
178663 -62.010157996871875
178738 -101.04370203266294
178907 -117.40791829639426
178950 -105.43097594312889
180550 -69.0142972416772
180606 -106.7190543682153
182206 -66.72511815257734
183806 -68.86050535426979
185406 -64.1895357207799
185456 -109.94645733959103
185583 -104.94123466659089
185643 -110.63008474321104
187243 -63.86589672715558
188843 -64.97443149027292
190443 -55.13717810783725
192043 -98.63401678630481
192144 -118.43711134151742
192784 -122.47026098270095
194384 -72.3095681331948
195984 -71.02108121263329
197584 -64.08650930142927
199184 -71.06182126970693
200784 -58.87749419883499
200867 -121.59781274931444
202467 -65.840648119758
202532 -116.72323075268574
204132 -58.44401199968067
205732 -57.18527523010898
205778 -103.46029826965245
207378 -62.03994799992626
207463 -108.83620554047698
209063 -56.044856113184274
209137 -108.91739277726785
210456 -156.7237483727199
210542 -124.61050906963337
210631 -121.65699065209616
212231 -68.6715159239447
213831 -69.41871823591863
215431 -70.39716438903952
217031 -62.124610504478284
218631 -67.40740189124418
220231 -67.11814541629701
221831 -69.56108302760444
223431 -64.05215498431892
225031 -69.11692787815323
225104 -123.64662677745335
226704 -68.09440642851284
228304 -91.41827733693543
229904 -68.33677202404657
231504 -71.1178173556328
231571 -108.7266139695514
231625 -114.54095595876376
233225 -64.65366246783357
234825 -70.71481275269396
234897 -116.03052950250792
236497 -68.04223270887583
238097 -63.30131130928923
238174 -121.70347169421117
239774 -67.76603407927308
241374 -68.6261097200049
242974 -60.27203298566547
244574 -62.429493292142894
246174 -62.66588414435215
247774 -61.850530267614744
249374 -72.59279914927532
250974 -63.75125431494849
252574 -67.8762071000239
254174 -61.77805603773645
255774 -56.866725178267295
257374 -65.4250988281474
258974 -64.32071595483076
260574 -58.208120168414695
262174 -51.16676787281601
263774 -42.314156023740736
265374 -51.800288908300885
266974 -47.722457237108706
268574 -49.03465702333425
268669 -123.60694133090104
270269 -52.1703495102513
271869 -51.93257095217702
273469 -44.99667754479881
275069 -49.134844199412186
276669 -50.28407487763284
278269 -38.76644070595252
279869 -48.35623148640308
281469 -41.10921197864352
281564 -106.18587091952935
283164 -36.80973954140144
283796 -117.03033505383881
285396 -37.29280525806116
286996 -35.54443701898924
288596 -44.07581559752672
290196 -35.395244523361974
291796 -33.772035811141635
293396 -29.599924222996393
294996 -23.755138883179054
296596 -24.981760017125573
298196 -41.84726136696589
299796 -19.375931693320506
301396 -25.701753045686857
302996 -26.07351861356817
304344 -118.07623766058126
305944 -14.417444688475996
307544 -19.92989956773379
309144 -4.581909678590804
310744 -24.629386394884467
312344 -26.687842082603563
313944 -24.151984568279826
315544 -6.813001090342793
317144 -18.069290809815787
318744 -10.111452641513823
320344 -15.473063363116859
321944 -6.178690711829199
323544 -8.073909855615344
324690 -104.50436691752822
325390 -100.59007944070858
326042 -114.83120078908715
327642 -0.4197851156828255
329242 -20.229134056583028
329376 -125.16722093384092
330976 -16.336507612794016
332576 -13.795375630751556
334176 1.7503145884300153
335776 -10.116068258142095
337376 -3.7596990773485306
338976 -4.299074244212977
340576 2.9353644321048464
342176 2.750390347768212
343776 6.7244933449157145
345376 3.7299162163852446
346976 -7.941111573263374
