# reward.txt contains number of transitions:cumulative reward
60 -108.41305802654288
151 -102.05660003175105
224 -101.5488703445367
1824 -109.8533472728825
1898 -101.71127298412875
1977 -104.2435727247688
2060 -103.75572802643602
2152 -119.811398726567
3752 -119.33744489955997
3828 -127.82285224006681
3929 -101.74553045818955
5529 -102.59263035393376
5601 -116.19666973658744
5650 -113.5709369541655
6234 -156.70232378103364
7834 -132.7597887564001
9434 -120.24147184412017
9504 -101.59824906087667
11060 -226.57010060377561
11105 -110.2452023533353
12705 -106.55738498752919
12799 -113.75340669224411
12852 -105.777787009156
14452 -110.95462770973778
14521 -105.16104344869964
16121 -117.18098062344222
16205 -107.51596901832303
17805 -111.83555936694619
17861 -108.7291408559413
19461 -113.25232255426478
19506 -109.80021029082934
21106 -105.15987923072898
21174 -112.57787201463834
21237 -108.32313889777039
21297 -120.76939663261486
22897 -104.32537554905302
22968 -105.56513369693482
24568 -110.61160789458307
24630 -114.34276975513747
24687 -115.61143801453585
24762 -102.09188357398473
24845 -106.49987552906013
26445 -103.0903025855871
26548 -122.77696443073637
26593 -108.2313649042286
28193 -102.52184827451069
28258 -117.60522237732262
28427 -121.46735666315693
28487 -108.02012193221103
28565 -108.35632985461255
28626 -120.20088252929008
28781 -116.01707652316988
28897 -120.45259015354017
30497 -104.83331993627212
30584 -122.18550626774194
30629 -110.64853510258223
30693 -109.89327944429134
30749 -105.62095488380764
32349 -109.39899398753552
32411 -113.18205206333535
34011 -102.6073592400223
34076 -112.70581452285747
34183 -120.17851335795751
35783 -114.73747372399205
37383 -107.61336289869199
38983 -112.17560200522965
40583 -106.3510481625101
40630 -110.88959408713691
42230 -110.80723336169363
42310 -104.76300883870137
43910 -100.45618117250133
45510 -108.33249751846968
45569 -111.77297322986462
45675 -108.60596882763319
45761 -108.24271664790747
45832 -107.91397555297397
45878 -111.37999211625134
45945 -103.90150715310126
47545 -96.59423237982774
49145 -99.43528945081127
50745 -93.84001326179633
52345 -97.57113046120232
53945 -96.20601005760355
54025 -104.06503336121017
55625 -99.76114380513744
55695 -98.72843500870962
55755 -105.73261246577712
57355 -103.24753349273024
58955 -92.14014087555358
60555 -96.79801763053811
62155 -106.63065183973187
62212 -104.09367970677093
63812 -84.27612123553037
65412 -94.32231873101327
65487 -116.62298930798099
65574 -105.73599359424661
65627 -101.24753203685644
65716 -103.96759377577217
65841 -119.00966642844551
65902 -100.69737349719057
65980 -99.05760447887332
66076 -124.43840659168923
67676 -85.02696568378077
67741 -105.46254972352212
67814 -122.9374677629682
69414 -83.7086027653805
69496 -120.15662196356058
69598 -102.29723908802897
69649 -105.71483731421021
71249 -89.51754268825617
72849 -95.8105637880662
74449 -85.69181384703252
76049 -94.25819600928453
77649 -94.64164657098162
77769 -104.58075146577569
77819 -113.25927160459136
79419 -88.93392722981928
79469 -105.41743870305643
81069 -91.80068733908745
82669 -89.14190154442821
84269 -84.27971801758193
84333 -106.98274754483873
85933 -90.15455831495747
87533 -93.60220794298012
87616 -116.18474842932882
87733 -116.77353807008762
87832 -106.39414231302713
89432 -88.60473719280147
89524 -101.3083810590785
91124 -95.29435558105435
92724 -89.98188823595562
94324 -91.67567995065086
95924 -93.29775678503754
97524 -82.01307343220448
97658 -108.49798542620924
99258 -91.25179133689842
100858 -80.40506438885053
102458 -86.96039731736666
104058 -89.74729462663109
105658 -92.85496654227131
107258 -85.89041322933417
108858 -82.6982363458596
110458 -84.70685708017879
112058 -87.6177984591301
113658 -80.43365678882331
113716 -103.62086749759565
113762 -105.96732935497538
113850 -100.88591130300176
113908 -106.07983295013942
113980 -110.35947439965979
114048 -105.24733225337323
115648 -86.0059081527468
117248 -80.74566448968454
117313 -118.86215164413366
118913 -78.48960803105179
120513 -80.61155976111814
120569 -109.94323894417224
122169 -79.41452441466119
122250 -100.14889961978669
123850 -70.91982162449443
123926 -116.62841709815214
125526 -70.65128111408843
127126 -75.57493849487112
127191 -106.32643710879609
128791 -80.19845725485229
130391 -74.36523917983727
131991 -71.65139027387772
133591 -70.25819319365233
135191 -67.0615729252623
136791 -73.65890365395693
138391 -77.14971065285295
138521 -100.21749208012906
140121 -56.33701758008939
140173 -110.52214400355703
141773 -65.50058236715883
141849 -123.39705860535182
143449 -60.37934625751218
145049 -60.31977516734113
146649 -63.08896261963885
148249 -68.42252834398732
149849 -60.526225301504184
151449 -58.03468590180394
153049 -69.90446314215666
154649 -59.724070803087876
156249 -53.34399248434423
157849 -64.41560134947858
159449 -54.51176406989682
161049 -55.413314471152226
162649 -47.91927868345439
164249 -59.86730627552859
164303 -111.10103855156525
165903 -40.2793480312905
167503 -49.81769505701457
169103 -58.577016873272015
170703 -40.43143136146445
172303 -47.99019773238802
172359 -111.61496976776235
173959 -37.71569521747776
175559 -48.84813281421736
177159 -43.00034213236801
178759 -42.581833122905884
180359 -36.136725818683075
181959 -38.057306350497136
183559 -40.40837148203945
185159 -18.749129406879334
186759 -36.72041382524312
188359 -18.73048668762046
189959 -19.004742561602328
191542 -117.10649234567273
193142 -13.753683250790498
194742 -11.242180743215602
196342 -14.449950268164926
197942 -8.729521306330021
197992 -113.60182572460734
199592 -13.329261236478002
199650 -111.53385082978816
199731 -115.63713879175421
201294 -107.58784429164541
202894 -7.197414746537189
202996 -107.07995624998615
203913 -102.39635432356783
204634 -119.7151135544344
206234 3.9274617753805092
207071 -98.68669487075135
208671 -1.2797957735663907
209209 -103.06276443623007
209431 -106.690494396129
211031 8.002035356948767
212163 -118.08324882927661
213763 -7.950540432235853
215363 -0.798496778400004
216963 -7.519472049970792
218563 1.8576309055872107
220163 -1.4732411751501058
221763 -0.2810922252666281
223363 16.633470179677957
224963 9.755316062331174
226563 13.035533721658702
228163 15.639570237435388
229042 -92.0775983685491
230642 34.90895354022893
232242 32.636224492153175
233842 40.05430040791635
235442 27.524753785677426
237042 20.45912987823722
238642 28.416692729811817
240242 31.770389902916445
241842 43.34793241764947
243442 39.86448222819807
245042 53.482729796431315
246642 38.712125988920526
248242 66.09311918764493
249842 49.312641356320476
251442 51.3081450895742
253042 57.40704581453842
253170 -96.90210560496399
253323 -93.23034325408625
254923 63.82082994292583
256523 53.17829111664894
257350 -61.5874089720504
258950 67.20031057015183
260550 41.988058139054715
262150 83.83303561053225
263750 67.02623320685636
265350 63.22960585197631
266074 -77.51578059940876
267674 69.25889904082138
269274 77.66548763177649
270874 68.3230590032584
272474 91.27976432715052
274074 75.26829057033416
275674 70.63512406555868
277274 90.79979103465237
278874 92.96105870142902
280474 70.47612481827348
280527 -106.12359418871253
282127 103.27968637814679
283727 73.46489595952931
285327 81.75310087098555
285384 -109.7458819907823
286984 98.03118030355753
288584 101.14318977221686
290184 100.92306832672048
291609 -29.600202075398855
293209 83.9304925414573
294809 96.02387773582588
296409 100.50661485505395
298009 109.1755425410768
299609 95.24680437366048
299675 -107.82317019516043
301275 123.86488362716268
302875 115.25440932318998
302967 -115.78986247027478
303025 -112.99741324806462
303070 -104.91715435611147
303159 -113.71463201839849
304759 109.79300216398704
306359 132.99982303780263
306417 -110.668062147744
308017 93.18472305972368
309617 111.36994776046278
310950 -3.1004495476253737
311012 -106.52906981925294
312612 119.975206006946
314212 98.94982504293424
314274 -109.49775278511954
315874 118.63233731365818
317474 112.6295814433444
319074 135.0233537999988
320674 121.18021001312712
322274 130.32580052839484
323874 110.17565563494588
324003 -106.31997922335069
325603 102.36722434813524
326160 -75.45127423797928
326276 -123.33559322634898
327876 133.82576187650042
329476 122.6545325582245
331076 126.5330875745619
332676 116.31661224527988
334221 -0.07641784020458431
334353 -110.92509408870774
334440 -109.34095645816127
336040 105.60697083285547
336113 -106.68459685207004
337713 119.20124580113074
337808 -103.28775295907941
339408 105.05053499766991
341008 134.85322008256477
342608 133.67436664097886
344208 118.29071146946146
345808 143.58927557128422
347408 130.49710646929518
349008 127.4850771688479
349152 -110.5612796307082
350752 130.31344894827956
352352 108.96140647744404
353501 -35.01864709145572
355101 135.9924414177735
356701 150.2626972684307
356776 -116.96021015571245
356868 -118.98454541173143
356950 -122.68551410477795
357465 -66.46152339002802
359065 163.81296860603373
360665 165.77624725896993
362265 156.99020285699774
363865 125.87759999258503
363909 -107.12942337149258
365509 157.44885901375915
367109 171.66312825539853
368709 131.58485755948357
370309 131.70292554019818
371909 144.35933883217842
373509 152.64038751238638
375109 147.38020324372718
376709 165.9195328068667
378309 148.196677882583
379909 143.62301203172524
380087 -112.84746257358542
381687 127.67435720219393
381972 -90.49913304651342
383034 -5.396074775623646
384634 173.01376102451897
386234 165.95415665421157
386329 -111.56465913469779
387929 162.77567692757782
389529 151.29292037632408
391129 145.1692780339822
392729 141.22898835003915
394329 176.76926184800146
394865 -88.65343689743864
395725 -20.743606615151535
397325 169.90069071071207
398925 132.121367818127
399894 -3.0091862756205217
401494 147.7272076459858
403094 157.88220009214848
404694 168.63972418595418
404902 -101.91708883513945
406502 193.53318254875583
408102 182.53278062841764
409149 -11.287298055371792
410749 142.22986840636784
412349 170.2887741729762
413949 174.76693617244155
415096 2.668034867370366
415374 -76.480056907344
416974 177.21959501421208
418574 168.46266192441564
418762 -86.5658436161472
420362 171.1014122549536
421962 156.31862134324118
423562 170.04749901742665
424814 4.292518778822938
425485 -73.16725113639059
427085 144.02502661992696
428685 173.99275316782513
428735 -108.44935375558958
430335 167.58077037754913
431935 170.6879479475203
433535 181.0049906764622
434301 -32.89690470359534
435901 200.7692866857835
437501 179.1087675947052
439101 173.7759763554122
439553 -62.37054713364259
440093 -84.35795130424637
440232 -103.90778873923546
441832 180.10140542821654
443432 154.4690351255106
444775 49.688509324489786
446375 187.83971551127723
447827 48.20158784014069
449427 189.96230344700572
450543 37.14504485476033
452143 175.56391323420345
452861 -42.348030261032875
452913 -117.64048392722134
454513 187.51877929818536
454731 -79.35518911282345
455842 18.754413204673142
457442 187.90133624980447
459042 187.09549611452962
460642 192.87707766023732
462242 134.93244571497237
462440 -88.3906726476842
464040 156.4635611074549
465640 182.75011358498801
467240 185.67405630820713
467298 -117.96913038024803
468214 -15.355035850101174
469814 159.5689798320809
471414 173.66759800791039
472595 -37.743227599869805
474195 164.35228574824643
475795 134.8978283689984
477395 174.69191540280173
478995 153.9370348189684
480595 165.18305778789198
482195 186.63222314769695
483795 190.75754889087332
484212 -65.48736071858244
484857 -48.43440289020542
486457 172.0740144211298
486510 -114.6876468862649
488110 192.62619695624213
488867 -23.58414483178106
490467 188.66755277414237
490515 -112.33756828879565
490979 -64.3751284782471
492579 184.43337110782247
494179 188.3160907508319
495779 189.46924593802453
497315 31.68471426026332
498915 195.77577155217799
499058 -107.08601659058407
500658 189.6899487397301
502258 197.9803643942944
503858 182.89926877942085
503946 -109.01139891040201
505546 207.07811547517338
505877 -80.84262525898282
507477 189.94562594592563
509077 191.81195333743673
510677 190.00114559023245
512250 60.03403543937026
513754 71.06811537109829
515354 182.47403337800412
516954 189.18786078183516
518554 167.6784525853016
520154 207.15257817526444
521754 194.46974273408173
521846 -106.57595079316944
522213 -85.6765232515155
522320 -125.59435430398956
523286 16.413845278091046
524750 67.40008517913273
524827 -112.23085563840655
526427 170.63066100660478
526570 -100.10390691521702
526628 -112.62341936464173
526685 -105.38099820400464
526740 -112.26460983196584
528340 199.24229047530716
528444 -106.71015608417926
530044 202.6908393163003
530921 -9.33206552354062
532521 198.57912642176353
534121 182.86800188864007
535721 196.48753785423594
537321 210.78599657894614
538921 184.7376920075423
540238 49.90014800760474
541838 203.12693411405724
543438 188.11376233166044
545038 202.89823488985758
546638 181.66240550327785
548238 203.09760557621965
549838 226.19889282148807
550534 -23.28268853879233
552134 211.53175870387085
553734 167.50221460027004
555334 223.04801727645423
555457 -94.73351890722104
557057 230.88239093100123
558657 218.16411479361204
559282 -26.008043981688672
560882 222.57245281965734
562482 224.12118710069356
563538 -11.5685292623739
563616 -121.84885175690086
563761 -97.24215999588681
565361 202.15423815412672
566961 218.52081350812603
567073 -101.4930301951679
568673 214.49324532206845
570273 219.88113373258454
571873 218.76189174171262
572563 -20.024837244028944
574163 214.23278838345524
575763 228.84900208988316
577363 223.83705622853563
578963 183.58156703634322
579150 -120.39380476376041
579265 -107.40666780937401
579349 -111.82478608820587
579554 -112.01323930572283
581154 214.37551666835748
582754 196.62565369988258
584354 207.16825924565273
585954 208.22246640227377
587554 215.00873775469302
589154 171.97247288577128
590754 194.28298445243382
591407 -29.679895107477932
593007 199.77372432541395
594607 201.5263034768784
596207 220.53063036951266
596420 -105.62510498645871
597686 64.52823390159813
597789 -122.5167136731452
599389 214.2505885219182
600439 -7.570707405269715
602039 208.73638591788168
603010 16.56954561632125
604610 167.86412466497953
606210 186.7136959792876
607810 204.87168482878354
609410 201.61514488817983
611010 203.3181906178412
611130 -118.42529935631963
612730 176.0718581727355
614330 209.85028122238742
615930 193.33138125884827
617530 203.4787470758364
619130 203.27621136427257
620730 173.72308119986647
622330 198.36601533143187
623930 216.02519959485318
625530 226.6088152633737
627130 195.20530022559433
628675 50.903486144498686
630275 217.65439628443872
631875 205.60493482095956
633475 209.77813579176723
635075 136.77877372966086
635651 -50.13387253623024
637251 184.89034497188786
638851 191.37396455761692
640451 223.07531659053546
642051 183.63565115109637
642183 -104.83680518554462
643783 203.2194543818279
645383 222.7273679683003
646983 213.67032114892348
647631 -41.165035575325625
649231 209.40831936646833
649434 -95.19738822660472
649584 -98.89589037394835
651184 206.44981998649604
652784 222.46485122622892
653214 -72.75749005773167
654814 210.8277342781071
656414 188.53663780599732
658014 208.86801502124933
659614 220.4839814644827
661214 189.58719256027157
662814 224.69812833207357
664414 219.663452619975
666014 189.68161586752564
667614 219.96220555639863
669214 237.25269184752176
670814 209.32769055406655
672414 203.73903675376803
674014 218.3705429484274
675614 229.2903002294874
677214 237.1306248577182
678814 219.19190384831867
678962 -97.13976668287131
679542 -44.455229708240005
681142 217.11869528856883
682742 219.12447972518638
684342 198.7235876950403
685942 224.49402413268135
687542 202.31166608266608
689142 227.14432830597258
690185 -20.349468205292453
691785 215.86965323137144
693385 217.12766061660648
694985 231.87084766661653
696585 230.90573472085887
696648 -115.53449234210079
698248 223.38733097279433
699848 238.41397664095416
701448 233.54437214980075
703048 197.58728518428717
704648 191.65161727076946
704692 -111.32580577917086
705676 32.10866815748557
705891 -101.92087424089077
707491 247.58445465506185
709091 234.03853898869886
710691 237.3731993686916
712291 186.20882889661885
713891 223.4844155018377
714722 -0.309193602804811
716322 233.77446121027742
716636 -70.67188845371084
717722 25.264305156722642
717764 -111.9633722021288
719364 231.60985236681486
720964 222.59918665288254
721104 -95.65646671321181
721160 -116.66348635084802
722760 229.47957101597586
724360 210.40711434655736
724465 -118.89908262206987
726065 198.87253936128067
726107 -111.42904622510262
727707 246.1281569196664
729307 172.11993574072164
730907 213.9687850777096
732507 222.30187195271273
734107 207.5440595996305
735707 243.93638600492915
736223 -43.97475624529952
736758 -33.07461288398376
736884 -113.22850240199702
738484 229.2051555684817
739677 -14.101859453140293
740073 -81.54567542516506
741673 223.30251006782532
743273 206.3004368185291
744873 239.79280829041167
746473 230.93380466021205
748073 220.12231313468382
749152 35.39880381846979
750752 235.96910406404288
750844 -117.21839356325691
752444 239.90666148384236
752571 -99.01017508430407
754171 211.60858918253027
755771 241.57842698567293
757371 220.54987551161233
758971 233.7336539444903
759093 -126.02674790152349
760693 217.52216485631695
762293 216.07114718823448
763893 226.0370104824663
765493 218.7172541216455
767093 233.29101655195666
768693 241.47906178686816
770293 242.8001975500944
771893 250.54340437659133
771946 -116.92894998548925
772703 -1.6343490831554135
774303 184.3546329227008
775903 224.61479892260323
777503 214.99358949256492
779103 207.36418650026204
780703 204.0938100099341
781444 -16.687816629537707
781948 -61.14627039615313
782315 -70.8054271881282
783915 227.6475426378839
785515 246.6378428764766
785588 -110.07374775570072
787188 224.8635193855551
788788 181.33462758160815
790388 238.9665698634366
791988 210.85349824762787
793588 228.86219684503848
795188 219.87040715652242
796788 234.01932746898802
798388 240.1181430272754
799988 235.84862370150302
800068 -107.87782929093515
801668 227.42830115999703
803268 242.24316513403676
803406 -96.8135546381902
803466 -115.90135774763176
805066 251.19238729668533
806666 238.69063375687492
808266 244.5311559330019
809866 229.2267903409161
811466 225.11853428611235
813066 247.27267543890986
814666 210.54780181859832
816266 231.40278314615418
817866 228.80100403024582
819466 232.3714738265071
821066 234.76930535664994
822666 240.48888257770216
822708 -111.73635945542591
824308 243.15415448134544
825908 247.7951014042455
827508 230.9976733077401
829108 244.5055370150635
830708 236.0081917082242
832308 238.33565883750364
833908 234.43773357144383
835508 244.06913864027973
837108 201.38783736416096
838708 234.10024492609912
840308 246.56992190193148
841908 233.1614870049788
841959 -115.31370101571083
843559 229.47349260289374
845159 259.989004262183
846759 163.58321696547114
848359 251.48510421781913
849959 258.8736841319804
851559 233.70953793811802
853159 232.66328722297595
854405 73.53587934826373
855659 75.83682740420565
857259 261.0442918258695
858859 241.44388016006306
860459 237.87924345685792
862059 232.36247134317298
862113 -116.5869223794695
863713 230.54372339989476
865313 242.536548009363
866913 207.1615820025827
866965 -119.05951213937564
868565 220.95799993234695
870165 238.32948176431412
871765 241.44828735829205
873365 241.92222022563524
874965 255.3293193363348
876565 240.91300680405425
878165 224.63870401100482
878285 -98.6306175990086
879885 251.42581531696328
880865 39.650727152242126
881518 -28.08100495774424
883118 192.38874319063189
884718 240.99578534058782
886318 252.21074227863681
886368 -116.9541172023639
887968 222.5757507837828
888046 -112.7002999725379
889646 228.24676834716288
891246 227.45533672415934
892846 251.59251588867133
894446 231.15866050151078
896046 201.42476031223504
897646 256.08660996569927
899246 237.5989219767111
900846 247.11738676900856
902446 231.62412680538014
904046 130.2152964443498
905646 236.20696843777478
906500 4.130696653086005
908100 237.27594641455977
909700 256.9055386315925
911005 89.84528246149165
911576 -41.12753359398369
913176 231.04234970257892
914776 245.09322681689898
916376 246.67264696998564
917976 241.34695030964033
919576 255.84815834534794
921176 251.73544612946762
922776 217.49603466363016
923279 -36.21618372348821
924176 16.080280354884295
925776 256.68896334755215
925932 -120.218801789059
927532 236.92175985036616
929132 252.2797283608949
929802 -3.5506305289374183
930798 43.277625610903925
931846 62.847608970243556
933446 193.61513505296585
935046 237.63430351264662
936646 262.31003657655236
938246 254.03148151305808
939846 253.97807543151774
941446 238.63155601546873
943046 226.71656048292758
943650 -21.58373483379441
945250 208.44553690926378
946850 243.56529914280162
948450 255.22940758393838
948497 -118.1375997551928
949416 37.00110286188311
951016 231.55060814581938
951458 -55.4652602588758
952911 99.09398353161791
954511 247.22867688122687
956111 223.10358961296512
956294 -97.68750537635759
957894 236.4530923293672
959494 245.51989744965124
961094 253.0202135245943
962694 244.12095511793478
964294 234.6438636155064
965894 236.12548387641536
965976 -107.40336028095707
967576 201.99929588655223
969176 251.14726323755457
970776 237.81103876726968
972376 230.8831469274935
973976 248.4695690039677
975572 264.68619646768855
977172 228.4689583552559
978772 249.3275440890102
980372 251.99423105822083
981972 263.8279563801922
983540 264.4927366062947
985083 102.50368431711766
986683 251.66386928566695
988258 262.8780253046191
989858 258.40625900652486
991458 231.9541370995544
993058 228.9140300284412
994320 91.39256594844252
994669 -63.67756024542199
996269 230.35096037289685
997843 264.3696850502357
999443 220.59312907865385
1001043 235.91996029411294
1002643 238.49401637279075
1004243 245.94512153163151
1005843 258.84502721656503
1007443 252.62435512842782
1009043 234.53474181116027
1010643 259.9237671686449
1011257 -25.82665099592201
1012857 216.6114927266197
1014457 224.14754614072365
1016057 228.4514132515185
1017656 265.72465874444566
1019256 253.22349710590373
1020856 244.11590434355097
1022456 247.5818726274651
1023918 100.25152910200677
1025518 242.0015312939648
1026804 59.02575031654911
1028404 198.25017147746564
1030004 251.222172702766
1030736 -7.54776102725728
1032318 264.73844459058097
1033918 249.11409500339957
1035518 232.391187038967
1037118 249.02157268298157
1038718 247.33341613356515
1040318 242.76110019054641
1041918 247.70100907427977
1042248 -59.41106820593777
1043848 222.47416202569377
1045448 235.91260101387945
1047048 247.0382155549246
1048073 25.097844338123252
1049673 248.7895651971261
1051273 209.08039124842358
1052873 242.4421478808791
1054473 259.4843162164702
1056073 238.6761120304842
1057673 250.37710131879814
1059273 226.718691409625
1060873 246.65571169863452
1062473 249.96868792262535
1064073 240.79192925995378
1065661 263.45885646254806
1067261 229.7579709674429
1068861 250.5447961867412
1070461 220.26362481976946
1072061 252.80053973418197
1073661 248.36840553279208
1075261 230.90453600246897
1076861 250.96523124230944
1078461 242.7813327705003
1080061 249.30178633337783
1081661 234.2882797898231
1083261 212.98186183636415
1084861 245.9566887608124
1086461 262.48112744219486
1088061 231.5383136735485
1089661 261.23852552746087
1091261 257.20620692102057
1092857 265.8582739508358
1094457 234.59069115238304
1094499 -112.1053666094467
1096099 260.1241245051114
1096605 -40.01596422097828
1096648 -112.36624611253788
1098248 233.68669938788196
1099848 256.22459370500746
1101431 266.5289284771866
1103031 251.02042461435056
1103073 -111.30551621291538
1104673 248.3604248629613
1106273 249.95135920070496
1107873 247.38835929655824
1109473 244.22079328716
1111073 236.47991487336452
1112673 255.60104740725848
1114273 258.08896691770923
1115873 254.7041202438133
1117473 248.15617302375216
1119073 257.8635178594626
1120673 232.35169178631836
1122273 251.92979914790914
1123873 222.23154874963174
1125473 247.85555757941097
1127073 237.3223130806776
1128651 268.6787601800195
1130251 244.10181510367417
1131851 232.74501069137938
1132312 -37.335417641154436
1133263 34.553040687177344
1134854 265.18003867503626
1136454 246.11415829471383
1138054 256.93764504673584
1139654 263.9187382450656
1141254 259.79641461578944
1142854 232.99270626393445
1144444 265.43932610503026
1146032 264.07593269297223
1147632 265.4312972109413
1148314 -7.25986113088328
1149914 215.7288022303857
1151504 268.19815063240486
1153034 269.71633024428615
1153488 -35.93776439241262
1153653 -85.93232056464255
1155209 266.548745733634
1156809 260.88173507696104
1158376 265.95752661523693
1159954 267.43968085566047
1160529 -15.868646766986672
1162129 257.03916229015346
1162809 -4.1983988304628355
1164065 79.0609856514186
1165665 262.66480640807083
1166223 -37.4476906640368
1167823 231.44229746694262
1169423 253.33667965310735
1170984 269.7260661702383
1172584 231.07802543027245
1174184 246.83320544471192
1175784 247.86971246457244
1177384 246.1617299058713
1178984 240.34836826217207
1180584 235.40262293632364
1182184 250.52531197323054
1183784 227.5583380409162
1185384 229.38379822492163
1186984 249.13539148312177
1188584 243.26044032206863
1190131 269.56686114955835
1191728 265.26923201714567
1193328 252.13565794097724
1194928 235.31794337973787
1196528 226.74915711587056
1198128 262.1798903922803
1199728 239.05657454843757
1201328 233.06364665748958
1202503 71.76462158315934
1204103 217.99452555752265
1204719 -22.33227203421046
1206233 145.9583309039242
1207684 129.92658278574586
1209284 236.52886255317094
1210884 233.92316791813133
1212484 252.83250149354444
1213894 127.75164748486648
1214467 -30.18862801037274
1216067 253.314490489366
1217598 267.5200906722322
1219198 253.9481203112998
1220798 206.4700111927367
1220987 -85.86365827382605
1222581 264.10952720517895
1224181 251.870804562465
1224348 -87.35130528471247
1225948 259.34212556060646
1227548 254.1360230990801
1229120 264.3114428297502
1230719 263.869385020896
1232319 249.64471801625893
1233919 255.39579094429118
1235344 131.45013485555762
1236911 264.3217218600459
1238511 244.16669715961012
1240111 228.23301842822073
1241711 239.0032785544685
1243311 229.96165184966242
1244911 236.02918064781045
1246511 254.4647019322369
1247247 -3.6979225446110178
1248847 255.0829679508777
1250443 261.65192240419105
1252043 257.4091226310464
1253643 250.2614554986666
1255243 255.5364232952584
1256843 221.65243336566925
1258443 206.53686069157663
1260043 243.48731206736093
1261643 249.68201236856942
1263243 248.77043842194126
1264843 236.43937636851302
1266439 264.83469861571086
1268039 238.7938110818979
1269639 256.17921572856073
1271192 265.7817294138632
1272792 239.90678992734544
1274392 215.7362690701314
1274547 -115.99785645171318
1276147 244.84745883782762
1277747 243.20507704761187
1279347 243.97873453935884
1280184 26.00178745295591
1281784 244.7077387451613
1283384 248.2405280892108
1284984 253.98087648309226
1286584 263.2117780580664
1286657 -111.78241537748494
1288257 249.06750718942138
1289857 227.53993344818045
1291457 261.3772930877401
1293057 255.80160653821272
1294657 246.24831046122176
1296257 249.2029970411804
1297857 241.99339565066308
1299457 238.27397157945
1301057 234.90655917043208
1302657 257.60218123697814
1304254 261.8810527856599
1305854 247.19580682249202
1307443 264.35434578962236
1309013 262.7467995421959
1310613 262.3726314716894
1312187 265.88122393784596
1313787 236.83697392904392
1315377 263.71444854857987
1316977 250.09654135505244
1318547 265.90528733629174
1320094 267.44986691441727
1321694 253.40322677923115
1323294 254.475618232334
1324894 249.7271720938637
1326494 261.7636193722466
1328094 264.3014287918959
1329694 255.12175609054069
1331294 242.01953619561462
1332894 246.29124464454665
1333806 49.478289970063315
1335299 268.41087611524205
1336155 29.34234173635457
1337755 254.09342100674928
1339355 254.9496373290328
1340955 220.27686055813885
1342555 259.51954285091904
1344090 266.35714660143685
1345690 253.87065947297887
1347274 266.63060036522654
1348856 265.73007938381795
1349472 -16.002729548326982
1349840 -46.16571266100245
1351440 247.6188819391255
1353012 267.7680464113449
1354425 125.57432540983092
1355960 270.3807780068958
1357560 253.08540989998767
1359160 236.7640782454416
1360755 265.10771861715784
1362355 244.26361825217302
1363955 251.7445587869266
1365555 236.33897870291142
1367155 246.94107796516082
1368735 268.0710003273888
1370291 267.99016169529244
1371850 267.52651578998274
1373383 269.9915669952728
1374957 266.7869761749344
1376557 261.2927315781098
1378132 267.1799867831089
1379732 245.75752773750435
1381323 267.4706395301216
1382923 248.37582352782525
1384523 257.59697827391835
1385903 107.96806611806463
1387503 247.97771975747216
1389080 269.1801284738196
1390596 271.34631768856565
1392188 266.99671816195377
1393788 253.20413544697604
1395388 255.55016813747338
1395986 -36.526105973001656
1397567 269.05327116072203
1397901 -53.098954439353186
1399432 269.1676494676365
1401032 244.49214557682362
1402604 268.91635101944473
1404179 266.4462513440427
1405747 268.33694902370155
1407310 268.0495130047828
1408910 261.03955263014876
1410510 262.4786691087278
1412110 265.22763682839565
1413685 266.92927617408134
1415285 236.1935825722196
1416873 267.53413831535397
1418473 259.06981587861196
1420073 262.49445339319385
1421623 268.69186396959907
1422522 24.31228078579143
1424122 253.96039868596299
1425722 254.20631736042287
1426561 39.27573026379264
1428030 142.45858298092256
1429573 270.7810188474143
1431066 271.99522605640453
1432640 267.5632639722742
1434207 266.88502760583197
1435778 264.3079636244413
1437358 267.21788229669517
1438952 264.8755898533017
1440552 256.68197924752496
1441341 5.30274150460761
1442418 58.92950523854114
1444018 266.51376677767104
1445527 269.7333716739214
1447087 268.87351078911865
1447446 -62.09885122760012
1448958 269.79555461787254
1450449 271.23608799842617
1452002 268.14070767060196
1453438 127.74256241265542
1454972 271.0703942230709
1456551 266.42271210505146
1458149 265.6456607824859
1459254 97.96218527263977
1460832 266.5242641077553
1462334 272.30343439318517
1463853 272.5323322759182
1465453 257.2084864553039
1467053 260.01359226520594
1468558 270.3604132604741
1470080 271.9305835555344
1471623 270.32238287419506
1473223 248.96463499786634
1474823 265.28801792372093
1476419 266.7924434493635
1478013 266.8448207105501
1479503 271.7338908291881
1481103 259.82298097096844
1482626 269.87904654522464
1484129 270.62186101604715
1484490 -57.21791435740637
1486072 268.1011328906376
1487656 266.3675207261049
1488176 -28.607285157224197
1488406 -68.4908383559752
1489860 273.550621913254
1491426 268.42280851116914
1492987 267.03324260657746
1494466 273.4992706697089
1496014 267.7661372325606
1497553 268.7661059897001
1499153 249.19069655734165
1500651 272.3308202946674
1502127 274.50770696773316
1503727 266.7618536673166
1505267 269.4565492922336
1506784 270.23029752046835
1508224 147.29509286165464
1509745 271.3827234513451
1511276 266.1837233164299
1512876 244.69113537659013
1514476 233.39431255816228
1516076 266.84160031143864
1517672 262.83210770421135
1518464 19.10652221259248
1520031 266.79848419702506
1521570 270.8313957907869
1523100 272.17599188848646
1524586 272.0386260366841
1526156 268.66793902681053
1527665 271.08311119572613
1528293 -8.493192196233665
1529858 269.80853266900095
1530839 58.13386194666634
1532426 267.2057152142872
1533998 267.07125041398143
1534318 -61.655184628720065
1535756 276.1485461137009
1537231 273.5207768092089
1538690 275.73791471945566
1539843 96.90355979573098
1541377 270.5274324898348
1542977 260.7526826675991
1544568 266.3975229769055
1546054 273.5846783115387
1547654 261.9666523550876
1549190 269.4030612247922
1550716 273.2862306400027
1552213 133.0968216192196
1552551 -53.78555486415853
1554065 269.09388092787947
1555665 265.7851657278495
1557217 266.48142916222895
1558668 276.20780232904633
1560238 271.8996559105203
1561838 245.64286536234312
1563436 268.7748241665058
1564946 269.92211376640046
1566546 265.6395750002156
1568122 268.54331119154546
1569686 267.62522608160265
1571286 264.7591328338052
1572828 268.85741815657275
1574380 268.483820453769
1575980 256.93445254232404
1577580 261.1118973589277
1579153 264.0616472723936
1580753 254.14820923590145
1582341 266.2764432436059
1583897 270.59081192362555
1585461 266.30777276043665
1587045 267.4438972569653
1588096 65.92311228041913
1589633 267.83897795734083
1591201 268.60307515409335
1592761 269.8289510390602
1594281 270.11830940881526
1595750 275.6312366434835
1596620 20.120402173921107
1598220 254.00955269628724
1599782 270.25680198934015
1601382 267.86173531353586
1602907 270.75052072034276
1604455 269.8447400937674
1606055 261.4232132029061
1607620 265.8494146789095
1609146 272.30981842042877
1610709 271.25389721603125
1612241 270.9283697461936
1613772 273.7283395092801
1615372 262.55715644825864
1616907 271.56453594252145
1617773 38.74600353749216
1619297 271.5399052369615
1620265 51.01845086856494
1621865 262.0229619013383
1623465 265.5061453736704
1624979 271.694460433655
1626527 271.8914633315331
1628018 272.5680442826783
1629618 258.05693155329124
1631218 251.01320211966168
1632815 266.3294960689143
1634309 271.17606421291396
1635889 268.8991165307617
1637378 273.52423267570646
1638926 270.7934544056587
1640510 267.84296749335454
1642101 269.0656961768957
1643651 268.2023833207064
1645190 271.4127349342998
1646749 270.39709554207053
1648337 267.959845368241
1649414 64.91651243834224
1650933 270.603374530509
1652401 274.2199456665588
1653857 275.79438954274275
1655385 269.21368673518083
1656903 271.59213834094885
1658394 274.322888452645
1659915 271.0863156963228
1661515 254.33742008324475
1663079 269.20551282155475
1664679 261.25196832098146
1666134 274.5838260033873
1667654 270.8434462239734
1669102 275.66444542846295
1670652 270.166583363527
1672137 273.980139381425
1673690 268.5716652213392
1675221 270.9286227338707
1676741 269.12144700370584
1678182 277.8085120917387
1679667 274.17318199753845
1681179 274.4281747765899
1682686 270.6794473564525
1684184 273.3948499101481
1685776 265.5252036387884
1687133 111.03134161684588
1688672 267.70366549692716
1690201 270.6435759602969
1691801 251.20147569932573
1692649 34.99614415910287
1692783 -93.4182520981046
1694383 258.60342994955556
1695926 270.67320244721
1697399 272.14003792506503
1698148 24.259872872045307
1699657 273.43478416739543
1701184 270.9018305797315
1702749 267.21158644121385
1703609 40.177081720801766
1705096 274.3549946500685
1706557 272.9846787416883
1708157 254.7292796914022
1709581 274.5592960814924
1711181 251.17499683665136
1712655 123.81809277370218
1714184 271.28319348182663
1715665 273.84288777689676
1717164 271.79621162192393
1718418 114.44731144874305
1720018 253.77895149252896
1721556 271.9128325671577
1723156 248.05011656572594
1724756 235.5587116256325
1726212 150.54978418654076
1727721 272.6400795650814
1729195 273.1697236778311
1730763 268.96709227214114
1731665 52.056614377421056
1733265 238.84607889162413
1733857 -17.319987768222887
1735434 268.8614765215239
1736932 271.82551187614024
1738425 273.71397455413154
1740001 267.2348741129642
1741433 276.7013683774135
1742210 17.700625090325758
1743810 263.9117240701072
1745395 267.3585340528162
1746901 270.30290438895645
1748459 157.32137389419296
1749990 267.03047907729
1751568 267.76153151935057
1753060 272.1417361467128
1754103 80.58180708641072
1755597 273.96903397651175
1757086 273.25084841542014
1757622 -28.259789441486845
1758086 -37.13166810980068
1759573 272.98685929711326
1761128 270.0250976397574
1762700 267.82232034241935
1764188 269.92754375881356
1765684 158.20955156903767
1766522 23.645881826971845
1767984 273.73652550418365
1769451 274.03507073705026
1770909 272.7379370452642
1772352 275.44306833538747
1773835 273.41069168485996
1775244 279.02464588927563
1776665 276.91456314961664
1778095 277.14881597292526
1778789 22.269304256066647
1780368 265.7311400980636
1781968 263.8968788238527
1783465 269.845933690987
1784947 271.3908137326416
1786497 271.4994392356882
1788030 271.31866320922677
1789544 272.69576771035366
1791033 272.97858609990783
1792540 271.6938098906551
1794074 271.688441435116
1795570 273.1540069384458
1797066 272.17219483999713
1798075 53.26384997834009
1798935 37.01432014230326
1800517 266.07220374206685
1802088 265.61855763603063
1803200 90.45987941268737
1804695 272.42256419042474
1806189 274.12534774191903
1806751 -15.638613625405156
1808232 273.9382101520837
1809696 274.2409568121022
1811265 266.3031513134601
1812847 268.5690923844155
1814334 273.73168522413175
1815888 270.58674870446754
1817418 269.53885169459335
1817883 -31.934559351198388
1819396 269.6517353043728
1820939 269.3847590190121
1822467 269.9988161339722
1823935 271.99637008199056
1825426 273.26709844632944
1827026 256.5421504445505
1828504 272.8068793675394
1830027 270.1741610363502
1831528 269.923131996243
1833095 266.7173840269944
1834579 272.15792533312776
1836060 273.2977915447367
1837565 269.9766328450801
1838960 278.26372748788793
1840507 267.26796428179495
1842107 249.47715554981167
1842443 -56.040744296034205
1843938 270.669379826147
1845493 269.01896122881584
1847024 269.5594226831978
1848600 264.48049894150046
1850148 270.05168920587533
1851687 270.85274216938683
1853187 270.0343633865012
1854725 270.4751488146798
1856246 271.09953180693753
1857723 270.6917821924854
1859312 265.6731512511282
1860847 271.34219202746016
1862447 261.33202225569295
1863947 269.5086642510962
1865394 274.5592969898243
1866900 272.42759658195985
1868426 270.4829067858954
1870026 237.32868311969818
1871585 267.7560394592377
1873185 257.2407122139497
1874677 273.61092102028823
1876208 270.923759785296
1877806 265.4137726072373
1879334 270.52529995270754
1880879 267.2021797841306
1882379 273.3666419017572
1883788 278.828127778046
1885388 265.50045562903864
1886978 268.7710105975972
1888448 275.83869267875735
1889434 50.51440744734501
1890946 271.4164279873639
1892390 274.7865159046474
1893955 267.43648536198253
1895089 77.4438267493966
1896623 268.7432905357249
1898223 264.11540959316216
1899741 269.12719283596556
1901186 275.86104640921985
1902786 265.0362732694293
1904297 272.76086879661784
1905784 271.386650273305
1907352 268.43197779066753
1908864 269.76696831193345
1910298 275.831413314253
1910506 -80.84943627408147
1912106 262.2039842699606
1913651 268.65048648571815
1915174 269.71162712182297
1916636 272.7219949974738
1918139 271.0752645357146
1919642 268.7746288414859
1921162 269.9093184345971
1922758 264.51967822581065
1924232 272.47777543921575
1925731 270.9595364649246
1927331 249.08911972293694
1928835 271.9434267620214
1930384 269.1026267250049
1931938 271.04280707084524
1933438 270.13538851441126
1934928 270.7975134469176
1935932 52.072483725371
1936454 -18.276731624030788
1938004 269.5181570149045
1939480 274.7245703689561
1940946 275.6065775691374
1942523 266.7707988113495
1944030 273.58243550664093
1945525 273.779051551739
1947001 274.4781865072353
1948503 272.6022730889309
1949998 272.2074238286914
1951588 264.78119456488963
1953075 271.79847668315983
1954675 252.00534339428685
1956214 271.40289379333717
1957723 272.36409292395916
1959212 273.5222318990016
1960101 35.62590018474884
1961684 265.08809924806553
1963212 269.06492536632027
1964733 271.6034446389995
1966234 273.13610364663515
1967706 273.6927376013349
1969278 267.2525310990598
1970785 272.28627151142246
1972240 273.58197956560554
1973743 273.7476947567977
1975247 271.76910224924166
1976696 274.6062772764377
1978296 258.27699552172965
1979800 273.38600211498687
1981260 274.15120187674745
1982736 274.19811132136596
1984227 271.76619479512414
1985648 277.77776229569974
1987124 275.03148659027784
1988660 268.51011450062384
1990194 271.09287442493627
1991662 273.6499610271226
1993140 274.5305629512808
1993755 -10.316423144886897
1995298 268.22052132122684
1996826 269.51448570324214
1998391 269.1110258893253
1999877 269.9251946834559
2001389 271.3314218910551
2002845 276.38600474914824
2004395 269.94150235301436
2005933 267.50218240273824
2007467 268.99238448378327
2008976 272.7544398057069
2010542 269.3088794380496
2012110 267.8853410718289
2013641 271.29244039128054
2015187 267.6356788947141
2016699 269.9604763841315
2018184 272.9026170979765
2019699 270.1907771869718
2020217 -22.46640055697972
2021712 274.3412180579411
2023210 271.5864712502264
2024696 274.7474313030435
2026119 274.26689717690647
2027634 269.6170567702369
2029143 270.1279172782596
2030657 270.465679550462
2032149 274.1621639721167
2033610 274.9793035881036
2035210 261.7505115016898
2036748 268.6689862901759
2038281 270.9297483279855
2039787 274.8480613506815
2041295 272.1106653124955
2042541 112.33868810976361
2044111 266.18788094895075
2045580 274.27788619339003
2047101 269.35497563372564
2048693 267.70602691920845
2050279 266.26638980815284
2051814 268.65595974662546
2053286 271.8143537921874
2054733 275.6663968701122
2056258 270.93477027222247
2057772 271.4514628476538
2059188 278.86510208919015
2059577 -57.987251359819126
2061085 272.21767757809533
2062621 269.24763267202695
2064089 275.1082313234766
2065624 269.9529361884439
2067055 276.1039549226931
2068098 41.10927416219002
2068743 -2.8755828599799855
2070218 272.11242845381173
2071752 267.22827909649044
2073285 271.8112031452387
2074772 275.02923046478276
2076281 273.7343635953474
2077861 268.68309956123085
2079454 267.4968680099618
2080922 273.78140346499015
2082433 274.8639240892575
2082803 -57.59050597715256
2084328 271.2749808046807
2085775 275.23924184511355
2087325 269.5300518744677
2088811 274.7011309238513
2090276 274.51069630680314
2091780 275.6576974020969
2093261 274.1137541075237
2094814 271.9500419158955
2096329 272.9059302317578
2097823 275.13401457156283
2099400 268.95545971738454
2100985 266.8356084426691
2102525 272.3803486013907
2104110 268.78175164111485
2105640 270.99484801968634
2107201 271.4006960171385
2108706 271.2727172255867
2110298 268.27606572989384
2111845 272.5605208647136
2113309 159.98733802962306
2114880 270.7130931087145
2116428 270.74548288384426
2117924 272.39391662480034
2119459 269.0079265778949
2120996 270.32948849522927
2122508 273.0662453620691
2124046 269.77721486665246
2125646 248.31543503114966
2127149 270.17670231938274
2128720 270.6388009669306
2130193 272.46624721739795
2131733 271.57803376129993
2133227 273.0157400428047
2134712 275.9950626676341
2136248 270.7485101835507
2137758 271.3122971075117
2139280 272.74976203663994
2140813 269.57619170607245
2142299 276.5779192831609
2143810 270.1089554138203
2145284 276.76707426902027
2146848 269.90016015718925
2148375 273.253965469001
2149863 272.33103332641224
2151397 270.6473163710068
2152997 248.18054999554226
2154447 152.7778243462827
2155986 270.0651485445473
2157519 270.2068036758958
2159096 268.29289446582214
2160685 266.0138391912259
2162285 255.86099453980017
2163731 274.4558025787614
2165251 272.8789347154403
2166797 270.54796854702994
2168309 270.3741622495162
2169462 76.57602500291026
2171035 270.6889963393965
2172635 256.3797946105026
2174235 261.063113722237
2175682 274.1775334063157
2177221 269.76944583130944
2178691 276.66826789321226
2180202 269.79734583246153
2181742 271.15374894165313
2183242 272.1593035730827
2184282 74.17485847593085
2185882 265.79783218575517
2187474 265.52710935152686
2188958 275.0959024963259
2190558 266.04261709248794
2192023 275.4525037284179
2193534 272.5393167668566
2193807 -64.42586703041067
2195332 269.7269818268799
2195479 -95.25138294237418
2197020 268.67811768070095
2198482 273.42408955533887
2199998 273.8661463188872
2201548 270.0370289494728
2203120 269.38766994698864
2204606 271.5726863414867
2206090 272.5890703080221
2207565 274.71720964872327
2209165 264.858932833264
2210666 271.4596271248642
2211645 51.335092621249004
2213150 275.27038199925323
2214632 275.48942310098687
2216232 261.9873358787714
2217783 271.2168785956597
2219371 267.0613404967854
2220863 273.7959940099304
2222392 272.1819043786107
2223885 272.67443146825593
2225383 273.30297283037174
2226871 274.5265679302712
2228302 274.77896605030395
2229803 274.64464153991173
2231273 275.23299606582714
2232768 273.74907172393284
2234343 266.8437533862683
2235834 271.9579014553604
2237278 277.896226743488
2238792 273.9414093451907
2240230 276.2625204460229
2241784 271.07391095586877
2243267 274.01962617247744
2244798 268.97520281873426
2246268 276.591672760967
2247794 272.38837611511775
2249259 275.1803030558713
2250695 276.4643045380793
2252202 272.80153599045326
2253646 277.12852034351766
2255109 274.5188277552632
2255952 43.329086846849435
2257494 270.03761274257
2259031 267.67283472579527
2260572 270.06555629132373
2262023 277.8794344392817
2263103 81.11169778108876
2264556 275.10356802275436
2266042 275.87489118914823
2267512 273.31895467542904
2269020 271.62430252094646
2270586 268.2257662351925
2272149 268.49189313613994
2273678 269.82887768565627
2275239 270.98837400965976
2276713 272.0998970283927
2278148 279.17675190925013
2279748 267.646282662301
2281202 275.58845368319385
2282695 272.3844182315617
2284199 272.0220954495045
2285651 275.31145403472624
2287251 210.06661761087702
2287741 -33.878340250338624
2289341 267.01592476617606
2290807 271.57592797649784
2292247 274.7953899741375
2293486 132.96096910900312
2295070 267.21138613475136
2296558 273.54419322899406
2297975 274.9485898106238
2299469 272.4291854502757
2300974 273.1668493374941
2302473 270.3308463691269
2303975 271.10851468231874
2305430 275.1171365421974
2306961 271.4020728892067
2308449 274.1804935328234
2309921 273.79635639430234
2311382 276.4507900131458
2312911 272.93675343061227
2314349 276.9210822812935
2315916 267.65535434616964
2316452 -22.663116468527647
2318052 266.84466520096606
2319474 275.14655225346024
2320902 278.30725818043345
2322495 266.4049859173576
2323985 272.2235467539209
2325472 273.22384915915103
2326899 275.7402664076186
2328442 271.30621800841936
2329969 273.75188565724017
2331387 278.2417229443465
2332912 273.6944383160122
2333425 -16.26080101342224
2334958 272.36971105880673
2336455 275.2152889158463
2337855 281.5672115359032
2339392 132.9190276071097
2340922 271.918447545425
2342446 271.6268617627859
2343906 275.42811044750573
2344442 -73.38712553084892
2345940 275.65378941205904
2347392 278.8729477871748
2348889 271.10022369302874
2350358 273.7130335218413
2351785 279.0116246839533
2353218 277.8960197275914
2354662 279.32590707001333
2356099 279.5050783160387
2357551 279.51904372323986
2359043 276.42210622874705
2360555 274.0252967563374
2362048 272.4856114212068
2363569 272.5606463721218
2365025 277.7932689717386
2366478 276.4325104527672
2368011 274.0059714614034
2369468 278.35702843931296
2369542 -111.55543203596025
2371037 276.85481681154675
2372114 53.902654745836
2373588 275.54110439769397
2375133 272.3054102464689
2376668 270.82900742236734
2378112 275.2983589320564
2378448 -47.29438772924431
2379887 278.3543939513902
2381356 278.01392302410835
2382906 273.47414527064177
2384155 111.90406450328516
2385610 276.84059213731564
2387200 269.1424316622387
2387319 -96.15888565449666
2388790 275.0774337289862
2390329 273.2075851031543
2391884 273.40838182563095
2393399 276.0977547437946
2394832 279.7199477748302
2396291 275.8122992539599
2396428 -94.72199968984226
2397405 41.31991285996892
2398914 275.7288882416482
2399914 74.95109919229961
2401439 273.45169856368796
2403039 251.77199274090748
2404513 274.50996333421386
2406066 272.4868138388667
2406126 -114.05301365525214
2407606 275.9812603091536
2409148 271.76132239909106
2410656 276.35169946915454
2412115 278.53587431355606
2413624 274.91378528656884
2415195 271.6659775506942
2416615 281.506051939172
2418028 279.65448102003734
2419585 271.49972444226415
2421123 274.77553152978015
2422643 273.71863348487005
2424243 264.3158887287929
2425784 271.4176881720191
2427345 269.99104858747415
2428023 5.828739437519175
2429471 279.4013311609342
2430738 138.6511188626307
2432294 274.3533721789798
2432358 -114.72527490554502
2433903 273.3070097132852
2435385 275.3361600647363
2435590 -81.12445640322316
2437177 270.49006946063287
2438739 273.1195376292926
2440270 273.5274394327713
2441741 278.31613508358527
2443218 278.55006086781293
2444710 277.10778829621063
2446230 275.8981733121214
2447676 277.97148682989956
2449218 276.46374273628
2450750 273.7468844497657
2451511 10.21319959073459
2452978 278.1544181893665
2454578 261.18662500993435
2456120 274.3865743604674
2457608 159.5016362238074
2459141 127.88812823188911
2460670 274.61543452472307
2462139 277.01333947211265
2463623 278.2226693546202
2465041 281.06788026048866
2466545 272.1546017050405
2468069 272.508835001936
2469569 275.41079790082756
2471022 276.7797539034522
2472519 273.9216283509804
2474016 275.57317482599973
2475570 272.11385430844007
2477109 274.9101213068437
2478621 276.2285246555276
2480016 279.6226321825006
2481279 62.55979803149606
2482864 268.5489826991788
2484464 254.1378337902188
2486001 271.63585111025935
2487471 276.2637082476191
2488960 277.8232618762706
2490537 271.859182152581
2492136 270.3063205888197
2493634 276.12178942267474
2495161 274.8967310593013
2496727 270.00278550786413
2498165 280.8385013437357
2499748 268.75141370775884
2501257 272.5616558123955
2502766 274.8826570048143
2504347 160.72156928774268
2505947 260.2051096050909
2507484 274.1535194587946
2508998 276.09221824533324
2510487 275.6568369892515
2512015 273.0992357634113
2512947 39.582388908789255
2514165 97.66256471559143
2515597 277.6560025705456
2517073 280.09636831353805
2518559 275.84309792427086
2520048 278.11075643028204
2521574 272.5396536351359
2523174 265.08154106984335
2524661 275.57509181831193
2526155 274.78779297921574
2527739 271.57161659849555
2529248 273.5331425928317
2530785 274.7027371489255
2532255 277.61649039956154
2533822 271.5178341852081
2535270 278.9119376111332
2536762 274.3741040902183
2538255 154.74104169220456
2539839 271.23045917446814
2541370 273.23957389403
2542970 256.3972646534284
2544195 99.45673585959446
2545619 281.6068109145559
2547061 279.6921333975258
2548581 273.54044847651556
2550135 274.1643725994974
2551706 269.7739913413959
2553306 242.99716103194058
2554758 279.0751496931585
2556358 242.44332738231805
2557887 271.5215085177152
2559338 278.66715599296583
2560850 274.7737358593075
2562311 278.96003755760785
2563869 273.93031648217175
2565469 260.80769755419647
2566973 272.8447162385083
2568531 273.26807058311056
2570028 275.67337975962977
2571507 274.6840540428535
2573065 270.98056860040447
2574570 275.42675599008413
2576164 271.7227270604588
2577764 254.8574017677958
2579207 279.65708320302133
2580224 -26.05731334657729
2581762 275.0093218022088
2583362 184.24998363569443
2584962 252.2852575339382
2586562 261.560148510929
2588031 279.32613858221225
2589546 274.81549450124453
2591044 274.3116001987386
2592554 277.18131424947944
2594076 274.39962653612434
2594362 -60.405927012196464
2594860 -31.79625962187356
2596324 278.4960945780844
2597924 266.98425156727603
2599316 281.62838985721436
2600670 284.1792681902388
2602270 265.94216062602686
2603718 279.248927909828
2605131 280.060063360286
2606606 277.6572900027364
2608059 279.81356262988425
2608877 29.11260473986735
2610318 279.78181347362835
2611733 281.2779585936687
2613214 274.59591699872055
2614710 274.473755788286
2616154 278.16650907721737
2617609 277.59202672602714
2618164 -46.50164376455213
2619578 282.2812187659088
2621093 276.6893831725691
2622536 279.07680403644207
2623996 278.6435370055499
2625585 269.6891011734091
2627152 272.5312093895834
2628594 279.64282350926544
2629740 88.93121383873265
2631060 130.01483379851726
2632539 275.0937422348055
2634139 202.91651729915125
2635624 277.46722469969484
2636511 42.50136763484636
2637981 276.62580181536515
2639501 276.89959154772146
2640980 276.6438878438277
2642425 280.6892554027941
2643155 -1.397248334349399
2644600 277.07967862161286
2645718 55.495657978672995
2647166 277.9125124168065
2648632 277.23052553928994
2650098 278.9661325727353
2650992 40.85518200665331
2652532 271.4154511293029
2653922 138.04614544600338
2654607 8.089723351966185
2656083 277.1847445980778
2657514 279.08954882072186
2658974 277.820391710832
2660522 273.91508617705637
2662007 277.2431220610652
2663483 275.9432308001872
2664916 279.54025189672024
2666367 279.6746843414931
2667846 276.6321465879384
2669446 269.7148833166595
2670912 279.15259264938646
2672337 278.76608404276504
2673871 273.86134283710976
2675440 270.8825582595161
2676842 279.27629462844885
2678392 273.1319992237172
2679894 276.5525569149239
2681330 278.9405465350995
2682913 272.91137721928726
2684393 278.191338884532
2685834 279.9249264875019
2687241 280.2206707518135
2688702 275.0970878391831
2690162 272.46786509169004
2691656 276.24210168740717
2693176 276.5920772848783
2694635 276.2545854114608
2696109 276.8200266867688
2696250 -88.31735084515499
2697659 279.37317747578555
2699105 276.23335737112683
2700515 279.93403328540586
2701942 279.7737418573417
2703367 281.9052527238952
2704792 277.59122210844987
2706252 276.0414575837925
2707759 274.7458793167603
2709218 277.5574273558972
2709794 -23.996179868141667
2710035 -66.29471139237846
2711478 276.0336304795601
2712959 275.51918181550815
2714470 275.0009804351693
2715812 153.5909999688448
2717347 271.8149696822503
2718947 208.73736295674607
2720331 283.21583757462844
2721827 274.9274426857521
2723308 275.15803917665204
2724417 115.91373102419786
2725864 279.394014994238
2727411 274.8787624319818
2728410 63.78227136973791
2729908 277.05390525116513
2731316 282.6876703444059
2732762 278.3446801221363
2733548 17.757191102259682
2734982 276.9417490330753
2736522 275.5288291987089
2737922 283.75598673296764
2739347 281.37724660958986
2740800 280.05175466677144
2742262 276.8826617905862
2743782 275.78718241773817
2745241 279.44798917932707
2745357 -97.19875604230475
2746887 273.14234405937907
2747210 -53.671224890860415
2747334 -94.50949548701817
2748356 103.36728314949215
2749767 282.78286894856853
2751150 170.0990647430553
2751662 -22.367154380488913
2753069 281.66850341324914
2754565 273.7108570417302
2755993 278.9230953145444
2757511 275.05910892935105
2757844 -51.442543986642754
2759298 279.2692775681621
2760889 268.56330931303035
2762416 275.9038505007809
2763895 278.8598300856573
2765332 278.5283025341917
2766833 277.36624807006336
2768378 273.0219887079334
2769876 274.84700289393817
2771318 278.72580760276634
2772703 148.66957918100857
2774128 279.392825587412
2775575 281.11168262484273
2777005 278.8338765199291
2778489 274.6138908112574
2779731 100.55503960447649
2781178 277.2042304424603
2782590 281.17170193452006
2784043 279.29624469186615
2784526 -24.859783487688148
2785791 133.9910377684585
2787251 278.28639850302403
2788774 273.6201099055138
2790258 277.3082118280786
2791840 274.03349814553235
2793177 285.8214579040946
2794749 271.7361221916843
2795971 124.2093796979421
2797434 279.321758854123
2798956 274.36160047092
2800115 103.95105767814232
2801616 276.30864413851697
2803041 279.87071636244053
2804567 270.2902678391308
2806063 275.8215952344651
2807560 275.0298508720564
2809044 276.3583688168574
2810527 276.6781899575567
2812095 271.2211045446217
2812907 38.78601727289589
2814400 277.8728784380361
2815886 276.38965333340144
2817485 267.15083306817405
2818990 276.90019150920085
2820536 274.85268419184
2821953 279.8869323811583
2823393 279.1885899557433
2824973 269.8502435767765
2826447 276.17090513063846
2827879 280.93447259745636
2829339 277.7670534887769
2830865 274.65527454040114
2832391 274.4414049051905
2833902 275.86013111599306
2835448 158.72504555319938
2837043 270.51810348052356
2838591 273.4128553110384
2840007 281.68478681167727
2841471 277.7117385471017
2843026 273.2454462297525
2844541 275.8604493811637
2846098 272.38280895011144
2846394 -64.43499832911297
2847709 140.39108181072095
2849175 277.2375978319938
2850621 279.3740647887054
2851205 -8.728315048329534
2852734 271.6323213371213
2854218 277.515370890841
2855689 277.4371371579966
2856934 127.06389760047455
2858499 270.2005607951184
2860005 275.2937693403252
2861506 274.56160949252615
2862963 278.43749598837286
2864377 281.2606158661966
2865878 273.4232872911038
2867323 277.84753452441504
2868877 270.41245414808486
2870388 276.41245229421503
2871838 278.26382057874656
2873388 273.4731202058554
2874857 279.393314026238
2876286 279.30899792209897
2877724 279.1459395253361
2879221 276.58122362763964
2880780 273.3373699494486
2882020 119.78191065989705
2883470 278.6712027100112
2883756 -62.31758690663986
2884941 98.97192254010227
2886416 274.04251254480573
2887960 272.9620467372782
2889451 273.6346189759823
2890868 277.2394788043644
2892317 280.7342652772999
2893917 248.04862757225797
2895407 278.2726689692175
2896931 275.281614530662
2898397 279.8328101368092
2899326 58.31047494375255
2900926 253.5669036157176
2902340 282.154823249725
2903783 279.441157579321
2905336 271.7811375890901
2906880 273.34101273357777
2908312 279.1930276313892
2909845 274.42324779077927
2911317 275.8449241784408
2912853 271.01916084428103
2914285 280.48399084262996
2915788 275.1774825262951
2916854 87.25077963111514
2918372 277.4491114304509
2919794 279.3243801691835
2921332 272.0791814018367
2922775 155.41983425542733
2924275 150.21097357770768
2925786 275.39638544207094
2927202 280.6482921748494
2928745 270.9016766176576
2930215 277.0773833462927
2931784 272.63735202946685
2933243 280.2614194194891
2934804 271.2725281396307
2936404 231.67844215168938
2937996 268.89330206033503
2939491 276.02801319606436
2941035 270.4390979598601
2942565 275.4512609349494
2944027 280.01051449858795
2944429 -44.80595364591106
2945959 275.1660643067827
2947438 276.35582916966337
2948909 278.4207623219285
2950410 277.2393115916615
2951858 279.6200874130426
2953276 282.610631337536
2954818 274.86496559028734
2956270 280.040915300004
2957756 277.21744236551206
2959332 269.2182827262512
2960060 -4.596369889133982
2961573 277.3656169298843
2962484 55.69839555855924
2963970 273.6124866834026
2965479 275.648528771916
2967079 254.97628008615237
2968599 275.5741106767976
2970149 273.4243263373074
2970208 -113.87821697655195
2971669 274.51373905035547
2973217 272.88748551995434
2974731 275.4530085207174
2976298 273.7626453240518
2977744 278.2349232029582
2979309 270.2302184621632
2980829 276.12369350010147
2981488 14.885382139369526
2982980 278.3488034388927
2984497 155.8960990729644
2986097 268.7634239840369
2987595 276.82682150216306
2989094 274.9592974615854
2990593 275.2622052739448
2992104 271.64204051234174
2993515 280.6625538716171
2994981 276.6177697861017
2996455 276.4692692028841
2997961 273.9079577627193
2999531 269.4172856111591
2999611 -117.84611513833887
3001158 273.1693431414602
3002618 278.96282754722097
