# reward.txt contains number of transitions:cumulative reward
60 -108.41305802654288
151 -102.05660003175105
224 -101.5488703445367
1824 -109.8533472728825
1898 -101.71127298412875
1977 -104.2435727247688
2060 -103.75572802643602
2152 -119.811398726567
3752 -119.33744489955997
3828 -128.04889321913788
3935 -100.4057072491919
5535 -99.15096920918181
6068 -155.7272172391348
7668 -134.09884090935037
7745 -115.12267071475398
7819 -111.74550238457137
7882 -109.86102279518855
7973 -102.08622959487606
9573 -117.4646075139611
11173 -110.24138135996475
11246 -118.27765729612175
11308 -100.53109823226494
11392 -111.09511438918051
11436 -110.93021750488629
13036 -116.7345530070768
13084 -108.56766559955261
14684 -131.31135007728093
14755 -108.29236548065333
14843 -105.7057675718038
16443 -113.69024076997411
18043 -128.50083014720752
18112 -114.2298098312756
18230 -106.99593217130936
18284 -110.75624560349621
18349 -103.21833535211223
18439 -101.32088318491044
18568 -100.41000749136973
18670 -121.90481691810488
18785 -103.31325851365612
18855 -115.46788516007861
18941 -119.51357678627913
19037 -117.97184515439409
19116 -106.56695986325293
19164 -106.9966274693817
19295 -106.40889732968824
19348 -107.8924150772697
19444 -109.26109919123476
19543 -118.1965814659091
19601 -123.54744956178219
19704 -103.58391339263444
19806 -108.19130106394054
19875 -115.7480060607611
19928 -113.98404104555772
21528 -108.51407081979944
21613 -114.93136563978919
21675 -113.07650665956518
21727 -103.79809118942543
21797 -100.16605686649712
21928 -112.06098461047979
23528 -116.93232717145582
23647 -101.41772541883945
23733 -103.37771083006619
23806 -115.03440755708702
24000 -124.50257885535683
24075 -124.09291033525187
24137 -112.07144738852791
24200 -119.14040071392867
24279 -106.39454679769898
25703 -223.32877666970523
26910 -181.31946241496357
26980 -101.37556994791856
27078 -125.29294756506633
28678 -106.62595808398424
28723 -109.79031646849401
28785 -116.27596586822594
30385 -103.81686954967878
31985 -114.29226759123662
33585 -107.00963762273976
33671 -103.67547755859357
35271 -120.26182521195949
35339 -105.47644296636992
36939 -100.17024548962297
36993 -109.45136595923267
37047 -113.86570913281044
37234 -130.91302556291285
37304 -101.74737761196742
37387 -103.67634924633917
37454 -101.87167423067801
39054 -122.75198767317882
39100 -108.93026059110586
39178 -99.70357579161103
40778 -98.11807428793531
40968 -124.71387703289713
42568 -106.98875335245191
44168 -119.57659827421037
44242 -97.37309198611044
44322 -101.90673346315324
44417 -120.30921834358946
46017 -117.50642407845714
47617 -109.45708812611277
49217 -115.14570608889987
50817 -119.91923919937493
52417 -102.0277439015643
52481 -112.31380906609012
52545 -102.73448442703983
52744 -137.12244694916347
52813 -113.15940122647335
54413 -113.14482453578898
56013 -112.11898634664148
57613 -122.27751030620593
57694 -101.03778695394907
57771 -117.55151751817391
59371 -116.66763638770091
59432 -103.6664179082606
59489 -104.72657979828243
59550 -102.365522063698
59619 -116.5431400361651
61219 -125.32927039943884
62819 -103.87757455425896
64419 -109.34896410248544
66019 -105.32349618638902
66129 -101.84043395812562
67729 -115.99502813359481
69329 -113.6447350330389
69530 -130.37405574651495
71130 -107.25014662978184
71196 -102.49114674503728
72796 -104.3522528211242
74396 -108.67238855999291
74474 -100.45332832922041
74647 -116.16406297408915
76247 -110.58153931845355
77847 -110.4914320926982
77915 -101.22626403839017
77973 -114.64128889799552
78113 -118.45266234041813
78340 -125.67572938163082
78440 -121.3849206720038
78513 -115.25328226893271
79705 -196.19107070390572
79792 -101.10274399511454
81392 -113.05929781468522
82992 -109.52259550549958
83230 -133.8052003840806
83265 -105.66444550006216
83355 -102.49650546447809
84955 -114.87389189316639
85074 -102.40935060352646
85127 -104.89580479622198
85179 -113.27389301897337
86779 -107.56693652269009
88379 -114.61318781138964
89979 -113.81591854977366
91579 -99.36139527215111
93179 -107.9480475264045
94779 -108.7587602247229
94841 -108.94366929255861
96441 -109.01109895287945
96508 -110.17566556937403
98108 -108.98968954220594
99708 -107.27953110792856
99809 -123.25551565413114
101409 -102.18892208948594
101482 -112.15737338378901
101539 -103.49884716201139
103139 -91.96864850894956
104739 -112.68989866491518
104800 -104.10220922203611
106400 -106.97003411509868
106449 -102.82221107568033
106525 -102.5466466423149
106607 -99.89083757354194
108207 -106.48702447338366
109807 -91.78875605221975
111407 -101.19775725932736
111457 -109.40680202794076
113057 -103.96132626202522
113128 -121.72751671049495
113216 -101.4128235832757
113290 -111.9643732534914
114890 -93.14258208749561
114951 -107.87656084269409
116551 -104.83864664387069
118151 -103.61697797481672
118239 -108.34313675912469
119839 -106.30278194698003
119909 -102.50895738045187
121509 -104.98380319437928
121573 -98.56856520559948
121637 -105.6097877795001
123237 -104.1591527155062
123312 -100.23960363153864
123389 -115.99223782453748
124989 -89.81324522780434
126589 -102.58793447627639
126686 -114.16813498422317
128286 -90.97976549137486
128344 -109.9129278493685
129944 -110.2216891641997
131544 -118.87668505712016
131599 -109.84169440621945
133199 -125.94242816005708
133263 -113.38973596311175
134863 -101.29660763455325
136463 -117.45757848091297
136524 -112.2290355131235
138124 -95.8875563750719
138162 -108.38945611689674
139762 -92.35854873496167
141362 -120.63483094108351
142962 -123.3092086759633
144562 -119.7225644531307
144639 -103.48944068690886
146239 -118.67280745630403
146296 -110.41263168909214
146389 -116.64745957856937
146452 -103.36831626543464
148052 -118.50988021673894
148141 -101.94661535945846
148222 -102.70063980954389
148282 -106.15040371933517
149882 -106.41751785605888
149936 -109.29227889922075
149981 -105.56901609526948
150050 -111.2489818076957
151650 -122.52573342019818
153250 -119.51555240652515
153334 -115.60944939533528
153383 -110.89299324346334
153428 -109.346956997479
155028 -96.05998656130413
155068 -107.82145807696071
155134 -113.32621209225928
155219 -115.90103269089121
156819 -121.18715199157617
158419 -126.41406305042399
158476 -104.70766724195269
160076 -120.82631982723811
161676 -121.8109239831046
163276 -120.49971388491866
163352 -107.496413130713
164952 -120.15332997831467
165058 -105.01997787522649
166658 -120.65342470177598
168258 -116.83760379813472
168322 -115.14056506890168
168384 -106.46311366324065
168458 -98.99193693633377
168566 -110.33941059498862
170166 -114.64599238507981
171766 -116.54527952260031
173366 -114.43323512102363
174966 -110.17166772769586
176566 -114.3925251686199
178166 -111.94133395152203
178232 -102.93247430436003
178284 -115.25314886460205
179884 -108.63171910689843
179939 -106.1302398870103
181539 -107.39329305919932
181612 -116.37884272478149
183212 -110.21756558289991
183260 -109.41979797310802
183316 -116.12385359514877
183369 -112.20423032984696
183499 -107.28933568674202
185099 -113.49497790258503
186699 -103.59920364593536
188299 -100.87823223030513
188354 -112.63336923065782
189954 -110.47528807987584
191554 -106.9708705769808
191603 -110.66543456921167
191662 -115.42666875845008
193262 -106.38156971288593
194862 -103.32073018752266
196462 -113.74557487913285
198062 -110.37583527793164
199662 -97.13855464747304
201262 -105.06557679502987
202862 -104.39041102103815
204462 -100.8248163498627
206062 -100.76026425588644
207662 -103.80452681689076
209262 -98.23661235329764
210862 -101.69087095583164
212462 -101.90995480607079
214062 -96.95779729554744
214129 -113.76015489420357
214176 -115.82848932749266
215776 -95.3430774582985
217376 -97.68788942747375
217428 -119.57452182062855
219028 -105.46032866361847
220628 -95.27677772423192
222228 -107.22436749113035
223828 -93.0196520670933
225428 -102.23696373846506
225484 -110.08263824931035
225522 -108.0519886833479
225574 -112.98381310646113
227174 -95.92739873331405
228774 -99.87516435572496
230374 -97.11636606586033
230438 -113.53147672691073
232038 -99.02630101494812
233638 -97.89317565736003
235238 -101.6752943605347
236838 -94.53859520114047
238438 -90.82525270095962
240038 -89.4943234194653
241638 -94.77177270617085
243238 -92.4981218286475
244838 -95.05008518449954
246438 -96.56952671506458
248038 -92.65483514292231
248127 -106.44275069992803
249727 -95.9771859209351
249801 -103.0423162344514
249846 -107.96850394302793
251446 -85.74842800374012
253046 -93.86376657444613
253097 -105.05193990176667
254697 -90.6249204554069
256297 -85.1106609350106
257897 -86.76337742777852
259497 -83.29052895130404
261097 -89.24786249319783
262697 -92.56057570322612
264297 -86.92121050057561
264349 -112.3664990931768
265949 -85.39826873657482
267549 -83.30172468032184
269149 -84.1654478407876
270749 -83.62847079007516
272349 -82.42122964057882
273949 -77.87845941555334
275549 -74.3900576029016
277149 -71.16289260025887
278749 -76.11086526623984
280349 -80.79937231477736
281949 -73.95209343366632
283549 -77.3560788087291
285149 -68.6995103797093
285188 -108.75420144716837
286788 -76.3276816848064
288388 -70.11736876743608
289988 -74.32903095662394
291588 -72.89244110986711
293188 -69.64989941906165
294788 -67.95258633560125
296388 -65.31917497033074
297988 -69.6810073597626
299588 -68.14777082611819
301188 -67.31503922098675
301266 -100.70040135356908
302866 -70.10541964351735
304466 -65.34795236099018
304532 -105.77437487510281
306132 -71.9883432999641
307732 -67.95051516477771
309332 -70.53046156906022
310932 -69.38127527782747
312532 -67.77066336058756
314132 -65.38274503372857
315732 -65.95265270530368
317332 -67.6881005643258
318932 -59.00272548689074
320532 -63.530009494402826
322132 -63.47719068704725
323732 -63.32314528270058
325332 -65.22503772532752
326932 -62.26237224503055
326982 -108.38578325435705
328582 -62.36453125208488
328635 -108.4761710365483
330235 -62.09734630118114
330282 -108.6875700057776
331882 -62.58133576035782
333482 -60.75947132290095
335082 -72.03548050123196
336682 -62.521289063108526
338282 -60.61115301485988
339882 -63.44254757344281
341482 -59.799090470535766
343082 -60.08567530101347
344682 -67.4778410282905
346282 -65.89644136307815
347882 -65.79208900396489
349482 -61.785587938446575
349533 -107.15000279296065
351133 -59.86743747117064
351230 -113.58290097700556
352830 -58.561826000398874
352877 -122.02647001811428
354477 -64.42728103439698
354529 -124.70108702570789
354566 -105.95226154766542
356166 -61.85223929409582
357766 -59.06857423793405
359366 -64.04698966467944
359419 -105.18613401668581
361019 -56.23351219921559
361113 -105.2953271436145
361164 -107.9063236489122
362764 -66.47340148134779
362836 -103.8627192298031
364436 -72.01966224035253
366036 -67.74066638395341
367636 -65.71880225419379
367727 -106.07331909206944
367802 -109.46557824235285
367844 -116.94842533710475
369444 -62.66329941377144
371044 -57.35298649022915
372644 -61.28119772091191
372704 -114.2285350915504
374304 -59.7860213043902
375904 -65.09401684858909
377504 -52.058925110219015
379104 -57.599509334473616
380704 -49.27284072883843
380772 -108.67726909580144
382372 -59.752902478728515
382473 -113.49225641522868
384073 -58.05406831426802
385673 -58.28323585296603
387273 -60.43927173387056
388873 -59.375367983554774
390473 -57.16057874730046
392073 -61.07210096451763
393673 -60.59367775646102
395273 -55.41251099373972
396873 -60.331668200331784
398473 -58.075615694122455
400073 -66.32770440183083
401673 -58.21164244563884
401728 -118.04743166400306
403328 -52.230740055311244
404928 -57.05125473254549
406528 -65.078182421005
408128 -60.69173884551303
409728 -56.020088536715704
411328 -58.64907115014704
412928 -59.07081656242035
414528 -59.70888542956682
416128 -56.18056078595237
417728 -60.08380779332911
419328 -49.55491287643336
420928 -48.936537780538394
420988 -101.90633380988054
422588 -53.49957706909187
424188 -56.15429469528606
424307 -102.07150255805813
425907 -52.109733882741985
427507 -57.58578034961441
429107 -63.55956715752839
430707 -50.64855649943517
432307 -58.25512489804683
433907 -53.093229248627516
435507 -54.62777994941172
437107 -50.63893269763323
438707 -50.99619222042461
440307 -54.24836880055543
441907 -53.11657560673791
443507 -52.852658195223334
445107 -52.326871042584955
446707 -50.320674173457554
446861 -118.59986469585026
446911 -115.82390355552795
448511 -43.25835001886526
450111 -49.53595219140743
451711 -39.05165592243035
453311 -43.19388276852923
454911 -41.55704204597697
456511 -45.314395031154085
456624 -110.11101553224586
456695 -110.5525483451672
456747 -109.5467575187441
458347 -53.16122451707754
458436 -101.91041152725059
460036 -51.372978951107584
460123 -99.5979679247532
461723 -50.26756717565849
463323 -50.2474109619015
463434 -107.22606471636084
465034 -43.47150310080284
466634 -41.42057100531274
468234 -48.42204442192822
468325 -104.79826304783144
469925 -38.78595924569537
471525 -46.17801064428624
473125 -51.039423187711705
474725 -42.97417580690618
476325 -42.92847322530287
477925 -36.48909763995346
479525 -44.218926795701194
481125 -45.66091463810785
482725 -42.58197089279196
484325 -39.78909537130044
485925 -37.9755789344851
487525 -33.852303940002194
487576 -115.08532265603418
489176 -47.58666247645254
490776 -31.28067663836666
492376 -34.18043099722291
493463 -115.18499119818554
493535 -113.98092466847847
495135 -49.35384171851503
496735 -38.500363630022825
496797 -104.25070239056399
498397 -33.594419957259625
499997 -34.277768193691074
501597 -30.625032909034434
503197 -29.999495561048356
503280 -101.98232370433273
504880 -23.964591268870986
506480 -33.35700651655971
508080 -28.635434541402333
509680 -37.288721856386374
511280 -32.22313188184341
512880 -36.16768140268112
514480 -36.467550924930414
514716 -104.52963918185296
516316 -32.12392856052923
517179 -114.22729049781213
518587 -125.9365911424604
518817 -106.35747132865518
519144 -107.41540653136124
520744 -25.63559721588654
522344 -31.633696720312063
523944 -28.31279351716179
525544 -22.06314870226943
527144 -30.637244892994943
528744 -24.680593245879127
529750 -113.05141511391724
531350 -19.267029439808475
531893 -105.74737004754506
533493 -28.707764404586737
535093 -30.82626683234111
536693 -30.794960814715065
538293 -20.796306423434338
539893 -17.60481427232628
541493 -24.79604973958989
543093 -15.648969816523444
544693 -5.617535129314918
546293 -16.379572010975643
547893 -3.7105782967275833
549493 -16.862667893687885
551093 -9.43012692295294
552693 -10.378190241762146
554293 -2.8303471680184193
555893 -3.8691385977584893
557493 -0.6753280609225256
559093 2.48688643128579
560693 18.97973890709755
562293 42.70948458493253
563893 19.362046374751934
565493 34.35756037626663
567093 33.25198309518774
568199 -90.32130084917507
569799 35.07920481049055
571399 38.27016788245242
572999 35.337391362315074
574507 -73.94078435464391
576107 35.08913534412846
576650 -87.1600644709136
578250 57.77593255318459
579850 31.41209274081952
581450 41.361138652429005
582232 -75.62620966797508
582367 -99.94986787301923
583967 34.0360207230418
585567 35.21110427288705
587167 44.94793288364334
588767 26.505272123502547
590367 67.45363246059861
591448 -72.72717592388395
593048 25.216147261953903
594648 50.542434434194234
594856 -91.04543188237213
596456 78.25608990873762
598056 50.63615225295904
599656 61.68223492494849
600701 -59.759122281974754
602301 49.99846590340861
603901 62.935081054076626
603996 -102.03548243989795
605596 45.16610602690302
607196 51.20430565578247
608796 45.71866051158864
610396 37.99009115218944
611996 48.41766159152739
613596 56.52157187547287
615196 47.08305148027593
616796 62.09323865398505
618396 42.261443571082616
619996 42.25510210217037
621596 57.82944082015782
623196 66.04068384606586
623832 -83.10914527620159
625432 78.1526829766042
627032 54.130884284673876
628632 52.88195848234854
630232 76.5854599832718
631832 42.646323454679134
633432 56.28999858451388
635032 66.76544801845368
635902 -61.60472303906067
637441 -43.961087791034394
639041 65.1249061839525
639304 -92.26019442808108
640904 82.14402039734554
641711 -64.33765965360433
643311 73.62360285085583
644911 59.875577912534226
646511 55.51662366242651
647712 -59.88402393723619
647802 -124.78181453437793
648706 -64.27737221988181
649829 -92.72121891366504
651429 45.486097539664556
653029 44.930227268691375
654629 59.43729637133946
656229 54.43037195142407
656402 -103.36675607434847
656530 -91.29238451734123
656639 -95.42964320642253
658239 56.44042542493523
659839 52.46570496593557
661439 69.49739550699364
663039 59.69952676301128
664639 60.85589060942746
666239 63.66776401137683
667839 46.92701171630898
669439 58.60758240157402
669531 -116.43215588231013
669747 -83.35708795677002
671347 61.692091249312675
672793 -37.62942197878103
674393 87.8554766984632
675993 60.9529716166981
676957 -52.46482872911509
677079 -101.74888748468024
678679 83.65391928438315
680279 71.71437951692863
681879 82.74930580842302
683479 51.961716112932805
683723 -92.64954000960354
685323 87.83112522855774
685435 -96.1526582651697
687035 86.41179200260832
687148 -106.05991720453711
688748 83.17302250411389
690348 65.70179853705997
691948 83.35472686568158
693548 71.76707837595967
695148 84.74505986386693
696748 76.76075913428639
698348 89.06486154508815
699948 83.96446335024265
701548 74.52151347179831
703148 78.16164015670121
704748 84.32273272491176
705543 -52.951434510866186
707143 94.90628381140655
708743 84.48971032661177
708825 -113.99942981893818
708924 -115.83192122648036
710524 94.30773873398631
712124 82.47286403911548
713724 67.73260962439336
713818 -103.0339797223111
715418 86.67712976574764
717018 94.72527923940669
718618 63.71550867094778
720218 81.34050100163309
721818 107.40726772142494
723418 102.24472350914235
723521 -109.28589390569987
725121 95.45171921532732
725786 -71.22922546042379
727386 103.21789404976265
728388 -37.40163432165677
729988 88.71309010042856
731588 112.34781697392758
731670 -103.46194927565567
733270 114.58670001709802
734870 91.9195713179624
736470 111.09756954378398
738070 90.18810238237769
739670 101.73564145885165
741270 86.92243716002375
742870 106.30384277449714
743418 -70.84402046204298
745018 88.0274226595502
746618 123.07370787986811
748218 99.20834319360927
749529 -4.400847885949986
751129 107.30974457778247
752729 99.96616379594101
754329 100.84519159517566
754498 -104.90451327507881
756098 128.3605066431782
757698 128.18783199131178
759298 127.48763584864486
760898 114.11793166622891
762498 107.19908048449238
764098 116.92305443490493
764656 -65.57906210920771
766256 128.05229058624306
767856 128.64008408766236
769456 145.89524711527287
771056 128.09693214199152
772656 106.73599850414003
774256 133.3109162208377
775856 132.21280875818803
777456 142.03673972641695
779056 139.46656411219809
779815 -51.13073430424175
781415 147.57621755411435
783015 141.9766109234771
784148 -17.889918485490668
785748 130.43028935326322
786283 -83.27624828629074
787883 141.97337903315503
789483 151.20247773469248
791083 149.2827427519719
792683 125.69453286608577
794283 148.74722264216834
795883 129.1151028683768
797483 147.53171550431193
799083 144.16027617854544
800478 21.285727801444835
802078 138.47703923753107
803191 -5.2619304460603615
804791 149.18680602615783
806391 154.98320050928936
807991 122.70501676094344
809591 113.1959698276047
811191 150.1960825666763
811303 -97.77602012810918
811528 -91.21564470856947
813128 156.87913295642198
813313 -101.97241533753028
814913 161.72572941554282
815460 -88.3226962643856
817060 159.06669877585577
818660 151.36031317148357
819411 -28.54606132116058
821011 166.06515402512463
821803 -24.806685814796552
823403 173.04913463975467
825003 169.11193754908038
826603 166.08736996962682
828203 136.810076565551
829803 163.2359665151665
831403 148.70612549117538
833003 149.3365132388059
834603 177.11603683292947
836203 164.19509906599532
837803 177.55502517106555
839403 170.04426209608138
840581 18.418879569448563
842181 174.09394185998462
843781 199.0991087388645
845381 180.91756042870415
846981 178.3414045462943
847653 -34.01261536780184
849253 194.98383982668648
850773 64.36814770856822
852373 187.73610779201593
853973 155.79492047054208
855573 172.20329465195115
857173 179.46556673062267
858773 167.5578431364678
859174 -65.04310705657055
860774 161.29994848709364
862374 168.97842140809183
863974 162.18831967604436
865432 41.663237859512265
867032 177.54928474970217
868632 198.0518937458587
870232 178.65553414690118
871832 178.06868247347353
873301 39.744500293186576
874901 191.05495570844036
876501 162.7029819672914
878101 175.66379880445498
879701 185.4568470286705
881301 196.85476362216508
882901 182.43506062279835
883099 -102.86736880800439
883584 -55.37240973448003
885184 177.74714984751415
886733 77.07509942850356
888333 170.37922193316976
888423 -113.10056234779023
890023 201.99594735943242
891160 29.496008324954033
892760 178.0356636545415
894360 208.9099844662181
895895 77.3865589132435
897495 179.32867622925045
899095 186.40390649921116
900020 -20.97935082577642
900146 -102.02569802618027
901746 174.88613538166373
902502 -31.102358440968473
904102 178.34138375143084
905702 171.7816513326259
907302 159.52919825885436
907532 -93.24695062751944
908663 20.66334645421246
908785 -95.34143317441766
910385 175.45054575584433
911985 195.2486035493123
913585 151.73264128262673
915185 191.77858226551638
916785 185.30588662952218
917201 -72.5628741966978
918801 179.23461238189378
920401 194.1445081255643
922001 178.91645839525165
922153 -89.82837389361083
922812 -43.19130482686437
924412 182.53100886677376
925383 -3.8075165080547464
926983 164.94285982285197
928583 144.3370926774698
930183 175.88032090326698
931226 14.93885295803345
932826 173.9590241092585
934426 177.97717900276095
936026 186.2421641569731
937626 187.4731084146055
938243 -40.6226716243805
939804 29.250714774951945
941404 188.27588294051952
943004 166.8577883914602
944604 199.03689065197017
944782 -92.71602552831173
946382 174.68591394187845
947982 190.57740561338676
949582 174.5260056474489
951182 190.7952645517291
952782 180.31694939441994
952942 -102.40035113371226
954542 185.07916236628134
956142 169.4088783878926
957742 199.7445328736465
959342 202.44768659336955
960023 -30.26080968932864
961623 179.44560907223104
963223 205.74325555642258
964823 183.15255287096534
966189 88.28277252780751
967655 83.81709444782501
967936 -93.68010242891825
968016 -108.435991500816
969616 177.61206869144553
969936 -77.11599857570667
971536 204.4028339667806
973136 177.57443238050803
974736 176.6966792756826
976336 182.63236534939452
976817 -58.971889868954186
978417 175.31890830080923
978577 -126.55206372580616
979911 27.684493447027307
981511 170.155940124858
983111 208.6904958620121
984711 195.70602131201886
985395 -35.219638809520816
985521 -98.76416034550842
987121 189.2161027730074
988721 197.84758554607265
990321 195.13476214202706
991153 -20.85421397084491
992753 199.91340547181338
993659 14.654963541064717
995259 201.8461803032872
996753 62.48785409701719
996990 -74.17245727465924
998590 199.34041314664267
1000190 202.42194497818005
1001063 -6.84298969698996
1001633 -41.13754712372619
1003233 203.35356987775293
1004543 64.36508274327952
1004838 -79.16814820124642
1006438 195.24769081677044
1008038 195.53362746747666
1009517 65.89752558198478
1011117 192.37907755130462
1012717 203.7564089913149
1014317 181.4501072372722
1015917 184.20407702165505
1017517 193.35409637242157
1017829 -74.2475154322072
1019429 173.14219263936627
1021029 181.0784191149664
1022629 188.1842493077301
1024229 171.61474331791257
1025829 183.82699999548817
1026965 24.759423832648068
1028565 191.9763468359465
1029203 -44.27107480811953
1030803 171.1203860399782
1032403 185.57508799454635
1034003 216.52048180650883
1035365 46.26413562093842
1036965 179.68701183751537
1038115 21.6867538187243
1039715 180.78462696093624
1041315 186.63071504258167
1042915 189.47145947150932
1044515 180.4637515974688
1046115 176.3498883033757
1047715 188.90284315455384
1049315 191.30591562168047
1050722 54.617054050522995
1052322 202.51634157100733
1053922 210.83027413964473
1055522 195.39586822018995
1057122 193.6953688811984
1058722 197.23009103028005
1060322 195.97790084318788
1061922 212.87240589939896
1063522 166.67603774403253
1065122 198.88452556985843
1066722 200.9202991887735
1068322 179.4421373314851
1069922 184.22503626052801
1071522 199.37944180086728
1073122 182.19345572569767
1074722 210.9768552327848
1076322 185.51047859669606
1077922 188.95512401939715
1079522 178.51802410431276
1081056 61.13202206990189
1082656 183.99272967454593
1084256 190.30609236763192
1085856 183.47931182679073
1086798 -5.56626985773579
1088398 205.92816620101442
1089998 214.92431456299983
1090243 -100.91951792600938
1091843 199.4345487700099
1092767 8.586232562731695
1094367 190.87690264724083
1095967 196.0399652106813
1096832 -12.955329187016133
1098432 198.60736989750188
1100032 182.8488376382031
1101162 25.512209680476786
1102762 176.5385776400126
1103217 -53.687495577084576
1104817 174.9216587581001
1105724 -17.687915375829334
1106855 -43.05650544754515
1108455 167.50584003245837
1110055 196.73310069163537
1111655 202.2615921692928
1113255 187.62631820457125
1114855 182.31807474202782
1116455 207.30458847421139
1118055 179.75615623681426
1119655 177.75935833374365
1121255 183.17506336822782
1122855 187.27143168830702
1124455 191.962621212856
1124926 -35.93833916673222
1126526 202.775040454006
1128126 192.65049885242146
1128598 -58.748094198451525
1130198 186.3639978941187
1131798 198.58410271683925
1133398 182.66888432791723
1134998 187.7158775543696
1136598 205.40854341035507
1138198 176.75692279306364
1139798 181.98823741593012
1141398 180.27895104896714
1142998 186.8278354774772
1144598 177.6850717409647
1146198 157.27643740177342
1146619 -69.21475226350688
1148219 209.3098351533295
1148278 -107.71564729262577
1149878 189.25962800700205
1151478 185.5084060768031
1153078 212.76583408326997
1154678 188.14677042680137
1156278 185.64173587332505
1157878 189.2540489440119
1159478 177.459049247635
1161078 183.86113730712873
1161766 -47.74468551810402
1163366 196.19243417936727
1164966 189.9165246602671
1165898 4.148045477247493
1167498 215.3514751516669
1169098 199.26053341597685
1170698 183.77132934147494
1172298 191.14130539442735
1173898 185.9014670890664
1175498 195.64060076085158
1177098 190.24673948324684
1178698 215.0361733319511
1180298 196.3139785330165
1181898 226.1387123389244
1183498 163.00663468720555
1185098 213.6190156969105
1185185 -124.66021401217333
1186785 198.7266974358043
1188385 194.23203342314196
1189985 197.9373203674505
1191585 178.2947441461253
1192980 64.5744695539149
1194481 55.65938220434731
1196081 194.84326137753038
1197681 206.4421358652278
1199281 215.49098709122876
1200881 181.6473301199185
1202481 199.02657132406043
1203264 -19.931236696733166
1203516 -82.8382022526348
1203573 -109.1560942316018
1205173 221.8506479180471
1205504 -63.68516942377388
1207104 224.1702738318068
1208704 228.84791594775777
1210304 211.36580976432253
1211904 210.61379405249866
1212249 -83.26047673557389
1213849 197.9067095275783
1214515 -17.578581862778762
1216115 207.21731367235463
1217715 218.36287200495948
1219315 230.66321035886904
1220915 198.4782111773378
1222515 185.3702097910031
1224115 212.30257449006126
1225715 232.45036704753818
1227315 208.37383839976098
1228915 214.6933344343408
1230515 205.707687249579
1232115 186.5548888831665
1233715 194.81966680231994
1235315 217.75751330340748
1236915 218.51770418896803
1238515 204.33507090434074
1240115 220.91938245890017
1241705 110.79291246501626
1243305 205.74700066232825
1244905 221.87235910583226
1246505 191.73123131973378
1248105 191.94648641057614
1249705 196.74704093900934
1251305 204.71062129103473
1252905 192.67283490956896
1254505 208.55647328541008
1256105 189.06859931256707
1257705 212.1316067447105
1259305 178.29975386793257
1260905 196.94283093224354
1262505 205.42130989950465
1264105 200.0372526033628
1265705 199.4303933808305
1267305 211.89940469464077
1268485 48.60506593637621
1269174 -36.6346051285844
1270774 215.79503461218593
1272109 33.96993228833688
1272267 -99.97082953009878
1273867 191.57956792793894
1275467 216.00815409696887
1277067 225.42563666617315
1278667 147.11749833093575
1280267 205.275316673484
1281867 198.72613524277807
1283467 220.1649708018522
1285067 206.41066067682968
1286667 195.64210987428328
1288267 210.62095591696286
1289867 213.6019364965921
1291467 208.19033814468852
1293067 191.7562844873064
1294667 202.29158265840033
1296267 201.64891834300357
1297867 212.4819005395308
1298364 -53.66448881473361
1299964 203.6911930111923
1300067 -113.31524701939585
1301667 186.94134525583289
1303267 210.57516256260934
1304867 193.9637910321067
1306467 171.73351158070292
1308067 211.99001314057475
1309667 190.55627568354416
1311267 205.15615670393123
1312867 216.59194176451388
1314467 194.53163803365123
1316067 212.64285966487552
1317667 186.66627578020612
1319267 196.14824123995072
1320709 81.9480953790216
1322309 225.9402187610041
1323909 185.48419202497197
1325509 210.28858246436874
1327109 216.82885704760199
1328709 205.26440855151748
1330309 234.43972949004777
1331909 228.39124119143364
1333281 84.15939124364525
1333755 -49.522489026293485
1335355 223.88175873068084
1336955 210.8186526150169
1338555 196.70732455903715
1338651 -111.12956270586079
1340251 232.2316139980747
1341851 197.37574765253774
1343451 225.5281815226873
1345051 177.4343859645852
1346651 225.9207348082227
1348251 194.40825649675358
1349851 229.95283313701495
1351451 211.1512819382297
1353051 202.01257329836602
1354651 193.10046565590613
1356251 225.3322701132905
1357851 223.24057468405744
1359451 185.46904487331437
1361051 221.1156163380494
1362651 203.6006852759091
1364251 211.3707623416648
1365851 207.1012022105531
1367451 221.73290249718409
1369051 223.46813739689915
1369114 -103.45177781900205
1370714 203.1818723528606
1372314 202.45737115169675
1373914 224.6158399052736
1375514 210.38227823878296
1377114 232.03272897256582
1378714 241.66141799224096
1380314 192.51350716458154
1381766 89.95722245851252
1383366 231.01851634281584
1384966 224.65130949934363
1385039 -113.60210590163867
1386639 215.60035946799402
1386765 -114.42318446846492
1388365 209.88809542197689
1389965 203.96532928942057
1391565 225.040704845488
1393165 213.63462440876415
1394765 200.20662416939635
1396365 207.8502434290405
1397965 217.52970707746587
1399565 213.66456542595333
1401165 231.90344466538596
1402328 25.297828544510708
1403928 213.27348044050316
1405528 227.76017445119757
1407128 222.6194148321433
1408728 213.36801939093516
1410328 230.82813855195727
1411928 221.48424978742653
1413528 212.6524132946336
1415128 222.44880392907518
1416728 218.06563721078265
1418328 228.00013997487113
1419298 31.473066791430597
1420898 253.64994409876695
1422498 216.07500857464183
1424098 222.38201724327115
1425698 244.4327886964582
1427298 223.4903054534193
1428898 223.39587245576627
1430498 252.43315681261035
1432098 249.9027168427078
1433698 222.48256368346907
1435298 244.58990539283894
1436898 225.9238835425721
1438498 199.90929127991419
1440098 221.0864157791512
1441698 239.56240285175355
1442637 28.897590430386714
1444237 254.77313526005014
1445837 242.63923346039067
1445900 -110.18452008514106
1447500 211.19796710774236
1449100 197.18931158566593
1450010 22.419373469645777
1451610 195.94244733568271
1453210 212.34215025498386
1454810 237.10218007925906
1456410 200.63481820318918
1458010 221.72336037312448
1459610 219.12150006282505
1461210 225.65553963797657
1462810 229.92369132607686
1464410 209.05945140197042
1466010 216.70583999667087
1467610 221.46192392475405
1469210 222.96266779899648
1470810 218.62973717711256
1471386 -50.454143905324194
1472241 6.0593781627348875
1473841 240.98645769624565
1474349 -53.836676979326455
1475949 233.01075571863262
1477549 240.9149684253008
1478745 63.326813408058
1478898 -134.561727725332
1480498 255.53159257918227
1482098 236.77852459251827
1482970 1.0460416893920836
1483789 -13.234764153144084
1485389 249.28096758837634
1486989 227.8266976062665
1488589 218.66459106246384
1490171 98.42644835830725
1490246 -120.1864162517252
1491846 248.60999948676474
1493446 224.41143133912698
1493603 -110.74556975494883
1495203 232.3413329952258
1496803 218.7727817887777
1498403 208.39667146853463
1498560 -101.38555496191294
1500160 223.19132531021557
1500475 -60.51445246487395
1502075 240.1308475382528
1502906 3.780648834722925
1504506 237.34521726900564
1506106 228.8555291103878
1507706 249.73968572470213
1509306 242.92279424940926
1509591 -68.03001140728159
1511191 226.60373898515684
1512752 119.53748310144667
1514352 193.94196178473746
1515518 60.35086230834054
1517118 219.37157697617334
1518099 34.09838280733891
1519699 230.07035868187575
1521299 237.42760547760273
1522899 247.0582824272762
1524499 223.8385711581483
1526099 243.40340421166422
1527699 237.63522557072898
1529299 235.26531430846956
1530899 247.45942570033782
1532499 219.2630597842702
1534099 217.02727288910825
1535699 227.1473696869414
1537299 215.55429385754059
1538899 225.6073713967561
1540499 212.39459687715288
1542099 245.99800029929273
1542178 -103.34338660663119
1543778 261.06351556045485
1545378 248.85154523828848
1546978 238.32757196331366
1547125 -89.31749934519455
1548725 231.98991109493556
1550325 265.8651978258571
1551310 19.376897709126567
1552910 244.60061441264568
1554510 255.24773020742765
1556110 236.51497757370518
1557710 249.9880425116253
1559310 212.62890539144976
1560910 173.08163474045074
1561647 15.267473436595267
1561733 -117.30991658925949
1563333 244.62111173393134
1564004 -23.30460660005545
1565604 245.2917139141019
1567204 238.1687788149072
1568804 240.148655736698
1570404 239.83971653198606
1571202 9.94022828864496
1572802 214.78802224249756
1574402 239.83114491715406
1576002 246.30817545868018
1577602 237.2344474725266
1579202 217.6923203459673
1580716 113.62767563783672
1582316 246.07681542480026
1583916 232.77433437714427
1585516 215.5717972414952
1587116 244.57103152306004
1588716 256.2522101827952
1590316 250.73067258383992
1590396 -117.34844131071866
1591996 227.60344420471927
1593596 237.52985343860604
1595196 227.76379283804866
1596796 210.1689536600868
1598396 212.94915221652897
1599996 225.6476742201247
1601596 235.1163172541153
1603196 204.04916312569765
1604796 214.2590906555664
1606396 225.66687187347478
1607996 238.5893986901471
1609596 217.71325584939913
1611196 221.3191770798908
1612796 248.10044315676623
1614396 235.65737587388512
1614450 -109.66307267115607
1616050 234.79073561197208
1617650 242.3475910737957
1619250 243.7117682581412
1620850 232.9999706658821
1622450 221.86960000729866
1624050 246.23124824758418
1625650 228.2715781051486
1627250 231.98037045284624
1628850 222.13703302520278
1630450 226.53845622406342
1632050 247.86589790142617
1633650 235.53455559760044
1633825 -132.1935561451881
1635425 229.53639722001526
1637025 236.7777449649805
1637961 4.033082814909605
1639561 228.22958563840913
1641161 218.2763251730135
1642761 230.46620992757784
1642896 -96.5189181534443
1644496 245.01363907421657
1644588 -121.0461656083502
1646188 215.9490492114301
1647788 259.9770388480947
1649388 219.439540082937
1650988 226.3567401246955
1651438 -42.636062649571926
1653038 247.0800307196967
1654638 229.3692698248251
1656238 242.53830775756447
1657838 202.74611919214183
1659438 234.20436996803224
1661038 233.2411757284204
1662638 233.307136091777
1664238 259.38731224501413
1664302 -108.11058304593703
1665902 232.7569118632871
1666009 -118.00465603155953
1667097 73.19239411539559
1668075 36.94610870575008
1668795 -42.274473559462734
1669022 -131.40656672285124
1670622 240.43415460326128
1672222 223.41655333774
1673822 232.84937368613308
1673904 -116.70750952614905
1675504 262.8630575920645
1677104 209.36910361872998
1677169 -108.59289389068758
1678218 45.884751670956376
1679818 229.02422399845082
1681418 237.79761866445997
1683018 245.0447889501793
1684618 253.68196334141837
1686218 220.36079852377466
1687818 254.97757580049725
1689418 244.79715887075753
1691018 224.16185825864326
1692618 222.61798966658137
1694218 226.69740175354156
1695818 236.84879424441584
1697418 253.25453960888868
1699018 213.29739447339168
1700618 243.36207083655717
1700785 -132.0853769473331
1702385 250.39030352566436
1703985 243.7687257792728
1705585 240.9844598894457
1707185 255.154203880752
1708785 248.10793639889977
1710385 226.15034068574028
1711985 259.75442824820567
1713585 227.48827190884987
1715185 249.7101154387442
1716785 260.3782531989763
1718385 243.6839714464196
1718737 -104.18412988201219
1720337 256.61248338120066
1721937 261.97331473192935
1723537 227.82694830168018
1725137 222.0113965707042
1726737 238.27952824884073
1726829 -117.88008078693164
1727082 -99.81528116439283
1727156 -116.6872262520728
1728756 228.48484313535462
1730356 263.41272775872136
1731956 251.55514073156667
1733556 246.48462602762882
1735156 233.52332669503488
1736756 247.75099203059654
1738356 229.5616958189738
1739956 238.089469147475
1741556 242.63320167902717
1741843 -80.5307546737722
1743443 245.77305381809154
1745043 261.92108298210286
1746643 238.20214171915873
1748243 252.11265028888624
1749843 243.85302761976303
1751443 258.526152661382
1753043 262.37079660954504
1753695 -26.20225437913031
1755295 252.3128108652532
1756895 203.1758053009925
1758495 257.3997211600704
1760095 236.47000859731082
1761695 253.08267150658523
1762643 12.505677695302865
1764243 244.822785107167
1765843 259.6875946387902
1767443 245.7215393467235
1769043 237.9698726250141
1770643 244.05590649783548
1772243 230.09410870464205
1773843 201.30892957678645
1775443 238.40352202103858
1777043 271.1131197805456
1778643 220.903114750557
1780243 253.33480824577737
1781843 258.73696928962505
1783443 212.64500176575896
1785043 228.2645366705954
1785099 -109.93441667433953
1786699 246.5245899325253
1786866 -135.7174496815689
1788466 266.33888654381144
1790066 232.74709981747594
1791666 261.2862480187452
1793266 245.5529050734533
1794866 253.58674382445784
1796466 238.22890303466437
1798066 236.66795184820612
1799666 219.88162791657996
1800356 -14.816342147220311
1801956 225.17530300955607
1803556 223.72899898737273
1805156 267.5909915120161
1805221 -105.74777446333319
1806821 270.24973996004087
1808421 199.98883524754083
1810021 253.2742667640594
1811621 246.70656494819116
1813221 267.817738740801
1814821 234.26694824526223
1816421 248.7861400794851
1818021 251.38229877111746
1819621 244.47489879178954
1821221 269.4120955820575
1822821 243.59829003353312
1824421 263.11092852362316
1826021 247.3832753188334
1827621 242.08678416493612
1829221 262.3006494952664
1830821 250.9027424436534
1832421 261.03928411709256
1834021 257.16675780675195
1835621 237.1084696637522
1837221 250.64034566506834
1837336 -112.42582481855837
1838936 242.6456197075108
1839410 -40.524577643616176
1841010 248.64104014436495
1842610 227.7105117962169
1844204 269.4872252513106
1845804 249.38233186204644
1845878 -114.10046135135926
1847478 268.87290819195476
1849078 242.6105270698265
1850678 216.95900576666975
1852278 264.9108440469829
1852377 -112.95727503176623
1853977 264.25205565981844
1855577 255.2222420953969
1857177 272.09212825017636
1858777 214.8474686282951
1860377 253.193835610097
1860657 -136.5806533403598
1860832 -112.20958581284559
1862427 269.63939580173576
1864027 265.7556910665812
1865627 260.8913438280088
1865948 -84.59175372683319
1867548 271.23274391590104
1869148 230.85690125316518
1870008 -20.066571539021908
1871195 41.86533190033413
1872795 257.11110710480705
1873489 -47.94919328323432
1875089 250.60215059707383
1876305 66.60117617696207
1877905 246.35779072520228
1879505 241.05381014622998
1879632 -99.8537140332243
1881232 251.71514699601622
1882197 27.084733084068816
1883791 273.52827874846105
1885391 219.23902387216324
1886991 234.73124396583952
1887087 -116.91124411462744
1887391 -77.3071141126988
1888991 214.8489204770985
1890591 238.52210250979354
1892191 241.75633840017414
1893572 107.07584067439723
1895172 245.47684766928646
1895363 -91.21229411067566
1896963 264.3372634091044
1897735 12.091291731143869
1899335 250.69601596845933
1899445 -105.81165305517118
1901044 272.8844999763973
1902644 242.25455459781318
1904028 119.71715033202759
1905628 264.82799455644897
1906695 45.81007432007581
1906767 -114.9154704635882
1907099 -75.18403425418433
1908699 241.15251219940137
1910299 253.4564784696003
1910439 -91.96876327422572
1911205 -8.365135311601648
1912805 236.0342051566958
1913844 47.60776190783136
1915444 235.9623046947826
1917044 244.54710578091306
1918644 246.95235496524108
1920244 247.82131227989814
1921844 262.24680455507513
1923444 253.60583158734124
1925044 258.6449572271305
1925367 -53.97153854989074
1926967 257.5858839127063
1928567 213.03450092071583
1930167 265.7260463969381
1931765 274.47767732615824
1933365 264.12462776802306
1934965 272.4553080081743
1936565 257.7751844695209
1936625 -105.72401952317668
1938225 258.93403662447594
1938906 10.395594963074643
1940506 267.8104019823726
1942106 265.5011547391632
1943221 70.92996964509848
1943290 -116.27503610579919
1944890 243.30966253016075
1945175 -62.96531804879316
1946775 246.36933651280887
1948375 257.60653224672933
1948683 -73.85409937929177
1949865 79.29207391067163
1951465 247.03641220554815
1953065 265.2869834012634
1954665 272.45596475515174
1956265 270.43521259612993
1957271 31.031346302405325
1957748 -52.09985449458466
1959348 252.31914679607854
1960948 266.47208415760963
1961428 -43.52102887260107
1963028 263.7722797035525
1964628 238.42097846688316
1966228 235.50307774558874
1967828 249.8225963157999
1969428 215.13363452595127
1971028 258.4361645240761
1972628 240.99517313240756
1974228 214.76819281641832
1975828 256.7612609480467
1977073 90.90421681183253
1978673 258.3022580982368
1980273 235.8552225091159
1981873 242.82626111238108
1983473 233.57495342071022
1985073 259.2872958404102
1985746 -18.902541437178826
1987346 229.3091563884776
1988946 230.27408730154028
1990546 218.63462493771345
1992146 221.897901246803
1992605 -57.997890150218595
1994205 237.80193270109376
1995805 248.4653004500002
1997405 216.6935294830687
1999005 220.42944466115412
2000605 228.315828475438
2002205 258.1467092710401
2002407 -105.5312086717207
2003237 10.356729569259628
2004837 261.74944494017484
2006437 247.89167342481502
2006581 -125.03599433415445
2008181 250.11945388666103
2008844 -12.690151233747088
2010444 219.53949270937522
2012044 242.9356861620836
2013643 268.5413910700716
2015243 269.26509328560826
2016843 232.0421935248127
2018443 246.27409404602727
2020038 272.2022592238583
2021288 77.3304138980956
2022888 235.44115061502123
2024473 272.79114724581603
2026007 272.80268930361865
2027607 244.96087700000064
2027905 -90.52949305947766
2029505 264.8465168623262
2029664 -120.03095680745568
2031264 249.25667409571298
2031350 -121.95836502083453
2031477 -118.02578942577603
2031561 -111.63265849638233
2031646 -112.01608242429637
2033246 252.6102032324955
2034846 259.57480969134957
2036446 243.26342943198168
2038046 248.60002696726139
2038972 41.24195470839351
2040572 252.50246655966157
2040683 -114.39654173844681
2041094 -52.53085145374202
2042694 192.8011861574357
2044294 256.5374923877222
2045894 243.29464130158686
2047494 248.3315789684202
2047659 -128.3224814882595
2049259 239.17189009804875
2050859 233.22171849642277
2051017 -136.75746739329213
2052617 230.8308424475887
2054217 263.8676141017025
2055817 250.02635843215572
2057417 247.98441997532532
2059017 267.17419346761073
2060617 262.4866380481668
2062217 243.4773256538882
2063817 252.22580951833055
2065417 262.87220494224243
2067017 255.21970144111322
2068617 217.6272741315823
2069489 -4.403685193821161
2071089 220.7310020617348
2072689 240.4485543343811
2074289 265.02419159511334
2075889 227.93922276625756
2077489 270.35061727714816
2077621 -106.41464749871722
2079221 240.46063236495928
2080821 229.21907985113958
2082421 259.0260734997165
2084021 257.8390190986142
2084156 -130.0410978963319
2085756 259.9175345297713
2087356 224.0718056341461
2088956 251.691306359735
2089754 9.5019518508485
2089824 -104.18969897498935
2091424 227.06887137638168
2093024 242.17460369333983
2094624 246.12152239026554
2096224 244.55567092908498
2097824 263.0931557046431
2099424 263.25044221945086
2100247 22.628724602078975
2100323 -115.44695672331689
2101923 243.56834116998454
2102005 -121.11961447134428
2102078 -110.33201633637584
2102717 -3.7860111391617437
2104317 241.35523688452454
2104394 -114.7413287835711
2104554 -131.52950103563816
2106154 247.32825005435066
2107754 240.9760673197255
2109354 232.48042132105692
2110954 256.2083580711774
2112554 244.227612699756
2114154 253.89298896354194
2114233 -120.01011659115608
2115833 240.87656720763513
2117379 139.83849927539444
2118979 248.67879894816866
2119199 -106.35880084219265
2120799 258.77953340131296
2122399 261.3557334624519
2123999 256.63358542868
2125599 246.77168813543122
2126080 -66.13503321300972
2127680 250.98829116911708
2129280 242.0834895052709
2130754 129.5909205921194
2131879 40.909634124622926
2133479 261.3916271402846
2133557 -113.42129144694408
2135157 211.95824485859723
2136757 228.82812899805464
2138357 250.9132249512168
2139957 265.9774843818485
2141557 199.59366353239483
2142588 18.540653253285896
2142693 -120.13759541396486
2144293 222.09344195740772
2145893 248.07307668791478
2147493 255.10613738129786
2149093 222.64912833970607
2150693 264.0586438403329
2152147 101.50247449977786
2152240 -119.92255797040028
2153840 245.4283534425945
2155440 264.8470699906061
2156754 91.46303328690155
2157633 -4.500271761117105
2159233 266.7819080195839
2159332 -116.96048795795006
2160932 247.79984887815036
2162532 175.31884404512243
2164132 242.9902073584634
2164479 -54.47278992982925
2166079 253.1781693728747
2167679 257.2183210670289
2169279 238.27893433313483
2170879 248.84234449920578
2172479 236.33984229506677
2172593 -116.8229996954538
2172701 -117.68048388094766
2174301 265.62028772776466
2175901 211.15671776239503
2176849 22.59677110782711
2178449 212.44655025234692
2180049 253.65805507904906
2181649 248.72067008632396
2183249 242.39781065047313
2184849 205.4261056815603
2186449 241.94649229196347
2188049 247.6354844150841
2188171 -100.88274445546666
2189365 87.40742628220468
2190965 256.04138186998455
2192565 256.7637306451287
2194165 259.0078980522803
2194249 -123.34527280730816
2195849 259.9124268704084
2197449 255.66580548356356
2199049 244.7119139224809
2200622 269.16150833531805
2202222 253.8003131433352
2203822 246.4287658435273
2204331 -51.41852096461751
2205931 230.25134728062736
2207531 252.6027369518551
2208201 -44.204031464413774
2209801 249.3833315501391
2210123 -70.18408514889639
2211723 230.68349099187495
2212325 -8.004620102701125
2213925 257.4106563626809
2215525 241.24083415927856
2217125 259.4099070076039
2218725 258.61299903534234
2220325 268.0392730074498
2221925 210.6905676420404
2222008 -118.82779388965109
2222093 -116.21107640994278
2222205 -117.15796469627693
2223805 232.58082252409795
2225405 247.23639488854988
2227005 245.91947766127674
2228605 243.16000688824977
2230205 241.50180296818675
2231805 254.71620547253266
2233405 193.02075850646483
2235005 242.63424684859731
2236605 236.04590256406502
2238205 240.19307166087967
2239805 249.05938659359555
2241405 203.52129323368536
2243005 243.12454240157066
2244605 246.0436981962411
2246205 238.01881749445946
2247805 226.00385829000024
2249405 253.96268072541196
2250027 -20.261758435386582
2251627 242.70878795378945
2251776 -127.5941247517988
2253376 231.12480646078987
2254976 233.50310005511824
2256576 247.47600841907314
2258176 228.13442992201195
2259776 222.1494373266548
2261376 249.51890164728118
2262976 231.28954930948004
2264576 232.080284812166
2266176 225.79599860977854
2267776 217.83875746657438
2269376 251.36429154496477
2270976 252.61162300975383
2272404 108.94627676528384
2274004 258.96230134650415
2274122 -99.23616655262
2275722 253.50833597995097
2276384 -22.93673630380522
2277984 251.79807929649206
2279584 254.61116751385057
2281184 218.40743142149793
2282452 65.08262565394588
2284052 266.46476925250187
2285221 77.91963228519575
2286821 262.64905405057794
2288421 259.5159654661727
2290021 256.8936913981846
2291621 255.9971537872276
2293221 197.43266032818423
2294821 243.32846672637075
2296421 263.0207587397922
2298021 251.38991658898152
2299621 215.34135223855972
2299709 -120.6039322646993
2301309 251.73640611274814
2302909 247.08646263042792
2304509 237.47916993759785
2306109 245.14019593277456
2307709 259.9325763910086
2309309 245.24957982168246
2310909 242.36498620792477
2312509 268.87711823319887
2314109 256.384604193686
2315709 254.629962052903
2315874 -96.59459818302777
2317474 260.5422608731795
2319074 266.9228876040322
2320674 261.58991375193966
2322274 253.48731644864355
2323874 251.5180598434107
2325474 254.3124473079063
2327074 221.17167530650815
2327163 -117.88713674246458
2328763 250.68217867199797
2330363 255.18015120059863
2331963 264.66074414345405
2333563 265.42265865117906
2335163 256.69002593807426
2336733 271.0476825295118
2338333 266.12537742961337
2338412 -112.43444248145384
2338496 -108.34114970254402
2340074 270.89874005382086
2341674 248.1707612727693
2343015 105.75119348505584
2344604 270.1019081374944
2346173 270.7177489715259
2347773 242.10924838740092
2349373 254.640606344258
2349493 -98.49473847107465
2351093 255.297194029178
2352693 260.0539766318057
2354293 259.2721799954337
2355893 263.867760164916
2356664 -3.482133477054603
2358264 247.130346393198
2359864 258.27824406409337
2359982 -101.96154120283201
2361582 245.7577384707345
2363182 240.73954829553008
2364782 218.70540492799705
2366370 269.9248760962714
2367128 -25.801672418320194
2368728 266.7649443608295
2370328 237.99865626332368
2371928 241.5133205767641
2373528 240.35298573069858
2375128 249.2738000869411
2376728 242.66498661142384
2378328 258.6452888036377
2379257 45.81803052029005
2380857 244.5748501108352
2382457 253.50622543586098
2383493 33.13334937070189
2384341 5.437199689265896
2385941 227.42874610389532
2387541 252.07142464721503
2389141 253.81426953507201
2390741 242.2856500404311
2392341 234.7518746331434
2392948 -32.0991445388984
2393085 -111.89487803450164
2394685 251.77186544210832
2396285 267.87175846074837
2397885 249.69866488276895
2399485 226.24273405662444
2401085 234.83269050114913
2402685 237.31834398520974
2404285 216.52738576450886
2405885 253.77649840868617
2407485 244.52117069900683
2409085 236.87538529773454
2410685 242.89565453291536
2412285 255.29299384428927
2413885 257.3343239662817
2414017 -99.16205477852871
2415617 262.37461778423204
2417217 240.824549760846
2418712 122.94877246881651
2420312 242.55025743513616
2420878 -50.848036602503264
2422478 252.94887972050432
2424078 235.47691917414906
2424871 -3.7551019540044166
2426471 241.58255051100235
2428071 242.87561898328917
2429671 259.51564768491346
2431271 238.80268306772683
2432871 255.11546017070003
2434471 252.5209711341523
2436071 231.1297697652955
2437671 242.55356168388803
2439271 234.75700984021998
2440871 236.565947758732
2442471 246.89988026660376
2444071 233.3759797453138
2445671 243.84875788342438
2447271 244.46912913834433
2448871 260.01680397150477
2450471 226.1709381469764
2450627 -109.22293700104765
2452227 223.72288742759207
2453827 230.80048538477337
2455427 245.74332417972687
2457027 213.5412332061819
2458627 235.42057715793425
2460072 132.83213684313952
2461672 213.06327304778023
2461801 -121.79229052666388
2463065 78.17784384165222
2464665 240.83366151463636
2465958 99.6578171088635
2467558 231.7543463232011
2469158 226.304220167956
2470758 236.4972443753683
2472358 243.13582630998124
2473958 230.72702056745905
2475558 246.00138558866598
2477158 227.35456851027723
2478758 247.74997071445853
2480358 239.96240394163945
2481958 233.3816243889623
2483541 270.55220391145144
2485141 231.8001557390973
2486741 264.4991540536921
2488341 235.67831688236444
2489941 263.12550868869204
2491541 240.79495355695548
2493141 249.44570849294792
2494741 248.74670994330685
2496341 218.85565556168004
2497941 256.8487660808171
2499541 249.14452163301513
2501141 257.095926060439
2502741 244.67516306357564
2504341 258.0445875449697
2505930 270.3441169022816
2507530 266.41613800423704
2509130 249.7078768470693
2510730 240.49061380331233
2512330 249.38468308515567
2513930 240.83924830208753
2514042 -98.60376054654456
2514339 -103.67620077376192
2515939 264.1791224018419
2517539 231.9389010149528
2519139 257.98037569536706
2520739 266.2442755671018
2522339 257.29260110840704
2523939 255.0591333248003
2524019 -102.65422801792931
2525619 265.2323193165024
2525854 -94.2176877947338
2527454 253.31924425872498
2529054 246.68949988803178
2530654 256.80983086061053
2532244 270.7446246626667
2533844 238.40735540628395
2534748 27.237980876420195
2536348 253.86522291238802
2536519 -99.14098719673852
2538119 252.57285273822677
2539719 272.21381655869607
2541319 264.90411688496215
2542919 259.63655243582053
2544519 259.0609319940083
2546119 258.5927371294313
2547711 268.0387094819905
2549311 259.24837964426655
2550749 116.00403335682932
2552349 254.76411910064343
2553949 215.4883136024873
2554046 -118.00980827271597
2555646 259.0530397311647
2557246 250.4998275350529
2558846 235.26632009887618
2560446 262.6079059505392
2562046 269.54141546771996
2563394 110.37468034490124
2564994 257.254812176345
2566594 243.9277411637849
2568194 254.32883994574632
2569794 263.15513704652375
2571394 241.12419039423185
2572994 246.4916038419565
2574594 248.0453248618015
2576194 244.5741637283611
2577794 217.61536293372222
2579394 249.41983794246863
2580994 253.2782358603791
2582594 257.55038376343146
2584194 259.5311439672862
2585794 236.80940901112513
2586230 -37.882079859984465
2587830 242.62087916581604
2589430 252.64449961283603
2591030 228.75128735883595
2592630 247.00024280912174
2594230 256.7190746074225
2595830 245.53172052593013
2597430 232.63773765703635
2599030 253.4747318112245
2600630 259.4487427958972
2602230 248.64119032296915
2602416 -79.9568969087135
2604016 267.8367848593278
2605590 271.6603090323176
2607171 271.3295234375593
2607289 -101.57957734491117
2608889 249.93458278855002
2610489 253.64932688194457
2612089 249.6833424677186
2612256 -113.90048087517793
2613856 254.75776068287357
2615442 271.44487076900543
2617042 262.1127692130733
2617166 -116.17833728493252
2618766 214.6448590379415
2620366 234.87772457195607
2621957 270.1264239919487
2623557 231.10902670516074
2625157 238.94821135977895
2626757 265.30169043906454
2628357 264.9460610418063
2629957 259.10891713474575
2631557 245.56128606434567
2633157 241.76039135295602
2634757 267.1397836934151
2636357 259.7237293095491
2636556 -101.63819280397861
2638156 259.58536755177664
2639756 254.6059513116366
2641356 249.2630242122793
2642956 250.6778586150527
2644556 262.2369609713345
2646135 271.710365269875
2646350 -101.2663504999505
2647950 271.163478900991
2649550 259.8316925827717
2649926 -107.31103465197545
2651526 256.0876113432046
2653126 257.1235232497756
2654726 258.24521929941335
2655469 -9.973407349180007
2656133 -2.6817758471736965
2657354 80.51869782815595
2658954 254.07171462599126
2660554 261.7673401899253
2660691 -100.7775296462709
2662291 241.7268055088789
2663095 17.590682892712437
2664695 257.3834342827599
2666295 241.71647048407695
2667895 260.1911624061398
2668040 -106.52987900350243
2669640 250.90077027880713
2671240 268.3154011527406
2672840 243.15527827325693
2672918 -114.44996210268046
2674518 244.8396478437922
2676118 259.46388524733976
2677718 232.47187877596352
2679318 238.73520271919816
2680918 232.6280697849888
2682518 240.4443097170203
2684118 239.44539087788183
2685718 265.1602569637683
2687318 236.28023035824725
2688918 240.71329680697306
2690518 250.77332737745297
2692118 258.56800175394454
2693718 242.30158211276742
2695318 241.07919584690282
2696918 237.68481922803622
2698518 256.20047557574424
2698650 -100.3415482996367
2700207 272.0802098755849
2701807 257.748533353289
2703407 246.79106169195006
2705007 258.10663239433336
2706607 242.2922653583795
2708182 269.5629981743573
2709782 258.407772773679
2711382 242.18470664951164
2712982 243.29242518603152
2714582 246.51353486232446
2716182 228.50982299121702
2717782 260.9912232453004
2719382 263.0080515292043
2720982 254.55108304082097
2722582 241.12717414774488
2724182 245.02977306701467
2725782 244.0514866176841
2727382 261.5525003115947
2728930 269.78062061659034
2729499 -10.974147088669199
2730568 36.38134005574892
2732168 237.76627676343844
2733768 236.20778388073617
2735368 245.34240390488782
2735468 -111.55591589230362
2737068 246.71939711896218
2738643 267.7136118520678
2740243 244.71281067698433
2741843 269.0002646608397
2743443 250.72610967437842
2745043 240.20067831777553
2746643 252.4806867328908
2746911 -75.27107579020102
2748511 228.98593500118878
2750111 237.16386042469392
2751711 267.25094774721
2753311 236.89064750785005
2754911 254.9996410821521
2756511 223.53971462446546
2758084 271.5629853911918
2759684 264.8362423681478
2761272 267.9713690192472
2761385 -118.48855584080812
2762985 239.19377256493968
2764585 259.8451253425708
2764713 -95.76323972588281
2766313 252.73913592143447
2767890 270.8388635738264
2769490 237.15583837144456
2771090 268.638884162499
2772140 57.36485015721175
2773740 255.45615694790558
2775340 242.16179319763717
2776908 270.9494222158651
2777043 -110.61153751517833
2778643 252.38715802196998
2780243 243.31436148236412
2781843 238.80153834092133
2783400 129.77112326827014
2783490 -104.89313083609255
2783791 -72.6287970146698
2785391 267.5180078018578
2786991 200.3154859372015
2787269 -105.56454305964957
2788869 251.6163773587262
2790469 257.677488323041
2792069 263.94267943038943
2793669 255.89416205959682
2795233 271.1976715464013
2796833 245.96646540645682
2798433 248.32563728111708
2800033 253.01013054983008
2801633 249.77595794730084
2803233 263.5640446811233
2804833 230.6228968940696
2806433 261.326916466325
2808033 253.22566504659903
2809633 263.8857075115508
2811180 269.6628682043448
2812780 217.58398117987986
2814380 256.14148178845704
2815980 248.47131979738896
2817580 235.88894749168682
2817689 -126.47407696112742
2819289 256.9919978433903
2820889 242.2553213664259
2821048 -113.72453132708037
2822648 246.29690468840505
2823544 7.412129910543328
2825144 260.9755203590809
2826744 247.04914569437156
2828308 269.46808533157684
2829908 247.33557718713863
2831508 251.1233308487916
2833108 247.56049723963872
2834707 129.5111559276747
2836284 268.16586890300607
2837884 247.32176843664692
2839484 265.3536791649298
2841084 250.07574633157893
2842668 267.8708101276941
2844256 264.68157497811114
2844476 -111.84469389718399
2846076 248.03545456314018
2847676 229.42607357499173
2849271 266.6140333141018
2850871 221.73735175487158
2852409 267.7709782697467
2854009 251.388321926091
2854093 -106.77260305561622
2855693 266.08074561786594
2857293 239.59682084286138
2858893 264.39228752050803
2860493 233.96388621298365
2862093 239.68911040966077
2863693 258.9226757248247
2865293 252.48203796897943
2866893 249.68864632797712
2868472 266.73557213000043
2870072 242.50641476111645
2871672 239.32332162815314
2873265 269.3604306947599
2874865 225.40603589465167
2876460 265.8485985873186
2878060 246.8941667770209
2879660 238.45972622056055
2880804 60.41180475841912
2882404 235.85036764991457
2884004 221.50074617138262
2885604 240.71704380936063
2887204 248.12758316668337
2888804 257.9884414804086
2890404 242.64316146232602
2892004 240.14085749925303
2892517 -33.691337460816854
2894117 253.88060358322664
2895717 250.4541889970552
2897317 248.63025313678432
2898917 258.2395283872581
2900517 253.54433480184164
2902117 242.3462231454547
2903717 240.5302113967635
2905317 263.0608839076951
2906917 246.9826630291569
2908517 243.4720252718449
2909229 -2.1268049103607467
2910829 251.97251970715612
2912429 259.2122386946755
2914029 234.02007615098884
2915629 256.551132858245
2917215 269.2072037011966
2918815 229.82687597618295
2920400 270.22670672156966
2922000 264.1344871267683
2923600 249.29806726480527
2925200 257.20543725480377
2925503 -99.8649470632722
2927103 262.49459992023236
2928703 239.57995214465276
2930303 264.4690650670798
2931903 251.59566381200406
2933162 105.35144604321545
2934762 267.77030210304594
2936362 261.11886152987097
2937962 257.7121787696548
2939562 252.0958028842565
2941162 250.11914917142064
2941246 -111.93079362239317
2942826 271.8388499632054
2944426 264.9494955989904
2944586 -113.4271481801762
2946186 251.50548187998092
2947786 242.45184215341223
2949386 265.62206801290506
2950986 220.90756193050748
2952586 251.72948275605543
2954179 268.6777906432141
2955779 220.35453823931553
2957379 265.24469895627647
2958673 104.30208379223038
2960273 258.443890723209
2961873 241.50093829058696
2963473 246.742123929647
2965073 255.25148232921828
2966673 262.30422598762595
2968253 270.1979350589552
2969853 218.7816098888314
2971407 269.09593820830844
2973007 251.61396948294058
2974607 269.3572792774616
2976207 228.35199915441163
2977790 266.908588883271
2979346 268.4921946714697
2980044 2.265155539423205
2980136 -110.98071870646129
2981736 259.5676808951924
2983336 252.97737649273583
2983424 -109.00611136274661
2985024 264.0511966956301
2986576 268.07777711295137
2986661 -106.06470985310276
2988261 255.47837339011616
2989861 242.0569892827105
2991461 242.71220091271115
2993061 247.686984058844
2994661 264.2495107469074
2996243 266.49605258807065
2997843 242.11083118688637
2999440 268.73956916374095
3001040 247.5615673969156
