# reward.txt contains number of transitions:cumulative reward
45 -114.80442750355323
117 -109.11074617843687
681 -156.54099822951105
788 -109.10848890181445
882 -126.91938518501632
2482 -108.47273256227275
2523 -107.39174343770183
2587 -106.36695547523473
2639 -106.15174021935672
2716 -103.88890310310883
4316 -101.74912417793038
5916 -113.22016563274819
7516 -119.63669083959438
7580 -102.83828917175221
7656 -104.17836566830303
9256 -95.5631503223615
9376 -103.00567519629747
9461 -120.62240713031218
9506 -102.43147019494884
9563 -113.6740062009239
9686 -100.82546941652025
9796 -105.95279897417873
9894 -122.58319329195656
9961 -105.01133256700449
10690 -170.89180606317115
10750 -105.86794127322423
10815 -102.8649842730562
10882 -115.06462563429463
10972 -106.98541146955142
12572 -99.74721518534953
14172 -100.67296659631666
15772 -115.28342821132694
17372 -93.82629432872264
17428 -105.13265820680373
17498 -111.81189486246588
17552 -112.40234488893859
19119 -233.45747515502376
20719 -95.05211046042342
22319 -110.98212774970547
22361 -114.39339727881116
23656 -213.2633731281394
23723 -107.44436984386915
23781 -99.1367059870561
23839 -108.69270414821183
25439 -98.78830817318807
25499 -106.46535843048493
25537 -107.4268728461042
27137 -123.68376059766035
27197 -104.27369342147807
27310 -115.70360550261103
27381 -102.77950110193714
27436 -110.17785138026873
27502 -102.87398147466779
27567 -102.81429485652845
27624 -109.51550825304105
27721 -104.8648334418262
29321 -108.35602415203864
29390 -112.81386491902794
29445 -110.90881704795112
29501 -101.21660058592757
29652 -124.6229530995929
29703 -105.62189121553675
29794 -106.76327025565132
29877 -107.36212877315221
29933 -114.29240596871264
31533 -121.3773646636103
31618 -104.00688480722097
31670 -114.72281575137625
33270 -98.17398598461457
34870 -105.53276879580112
34919 -109.42243886271864
34986 -101.02569387334214
36586 -100.32650215181162
36646 -103.25766278629253
38246 -83.2817334427746
39846 -107.65857712272569
41446 -68.58527851681035
41526 -121.02832974007352
41595 -120.02627499771802
43195 -103.08215299578973
43272 -105.21655201779367
43383 -104.91294105094362
44983 -95.14234453494085
45074 -106.9263183715778
46674 -83.21632218184644
48274 -70.16942948013782
48343 -119.07848219607025
48404 -105.56766715511121
48509 -105.10032368358783
48591 -114.96831930731858
50191 -72.99663417024176
50304 -108.64319723875448
50412 -105.35757426515221
50489 -109.91883547821331
52089 -82.76119229126962
53689 -74.91929803078004
55289 -64.8990047378162
56889 -64.29979316516454
58489 -74.8008322972891
58593 -104.2713680068093
58698 -119.19335146044008
58747 -111.20397357596954
58832 -122.34434657410843
58906 -108.26444684797215
58978 -118.59632632559351
60578 -79.14298617400232
60727 -103.67703442910313
62327 -76.19279538854458
63927 -66.86166959534403
65527 -74.43552351792223
65575 -112.4055213264289
67175 -71.15296121423486
68775 -78.05436858334565
68836 -112.39073034720184
70436 -70.05384611465166
72036 -77.68031408551833
73636 -84.3285835818201
75236 -83.73653082735596
75318 -102.32607242643213
76918 -72.76472444267606
78518 -73.05207739059074
80118 -78.38412531489843
81718 -72.14203461515538
83318 -71.17874901174315
84918 -72.63734251588521
84967 -111.36058854464132
86567 -80.45715118820661
88167 -71.05674930789266
89767 -65.41226772017096
91367 -56.93212938949351
91433 -111.95245624215963
93033 -60.64990610958203
94633 -66.85452084811338
94690 -111.79593312958566
96290 -73.2708891544786
97890 -63.64448137950273
99490 -76.99297737530256
101090 -57.9731163583916
102690 -60.94508437245037
102749 -106.18397949380304
104349 -74.46463364837751
105949 -51.50748218432752
107549 -67.06793569411766
109149 -46.580495299390186
110749 -62.4028154638577
112349 -54.46850539209389
113949 -62.989904075158144
114009 -118.79177812153722
115609 -57.26000498854189
117209 -57.814513005712364
118809 -58.94686304463758
120409 -51.17586001914361
122009 -57.14997112607155
122067 -114.07305915407154
123667 -41.52370541566176
123714 -112.68210483722824
125314 -51.859656657445555
126914 -44.19187880352509
128514 -53.14513427125666
130114 -50.48166672530096
131714 -45.52266000797415
131804 -106.26855279598385
133404 -55.61450934962554
135004 -54.10139647961974
135065 -108.81545135310044
136224 -150.17813384391522
137824 -46.73853106345551
139424 -47.16952671197177
141024 -53.17886354427219
142624 -36.2495791877402
144224 -52.61558299344517
145824 -46.00430992168306
145892 -116.45655938942855
147492 -37.2024519628316
149092 -46.73247817243882
150692 -43.15882086965821
152292 -45.908663426129465
153892 -46.772155985457815
153973 -118.87431892771895
155573 -45.15577128459702
157173 -43.05541704104465
158773 -30.53263669807028
160373 -38.096600391402184
160420 -111.01985500291549
162020 -30.337836298723982
163620 -34.45937916468643
165220 -29.01665090520182
166820 -45.44868740901908
168420 -39.55059986510876
170020 -34.60790081524731
171620 -25.42773685701128
173220 -30.01967226964792
173274 -108.49093950272662
174874 -19.539637319906937
175331 -123.2587691710337
176652 -125.76382157221494
176742 -116.51860539186498
178342 -23.169864502465366
179942 -25.177189013812658
181542 -28.902914217593704
183142 -23.776216763751567
183325 -106.19920708933162
184925 -29.456583634042516
186525 -29.182348688042445
188125 -27.900545308854444
189264 -112.2861888126613
190864 -27.506050030566147
192464 -22.91045178892341
194064 -22.003942521063333
195664 -17.22314390995538
197264 -21.195371486671892
198864 -16.277740296507254
200464 -19.302736354888143
202064 -9.904997998616349
203664 -19.201676256890558
204121 -107.4217785083099
205721 -12.31692265484793
206722 -102.86930251444318
208008 -106.2948125596773
209608 -12.109046855851986
211208 -18.57511078074232
212808 -12.499321457484742
214408 -3.3369456675474916
216008 -7.226266597295813
217608 2.499347699498758
219208 -18.845255862842624
220808 -16.826500693528004
222408 -7.730822899500528
224008 6.779493395383167
225608 9.993815145483232
227208 1.866437994886193
228808 13.791130618808154
230408 6.536951482985951
232008 5.565394998696629
233608 20.99259146712408
235208 15.20228682043029
236808 6.0477799108239525
238408 5.307861929431403
240008 8.380569797610244
241608 6.8552867771772075
243208 14.294126381501574
244808 8.562658979536971
246408 21.19017585604018
248008 7.8173409779810585
249608 11.49235006256232
251208 17.399476995571245
252808 21.82634557370784
254408 19.958028640805434
256008 21.6704023221706
256051 -110.62011636291321
257651 25.57476781763274
259251 27.09163417447232
260851 29.813171361324013
262451 25.637731307592862
264051 22.363628128738437
265651 20.584154755561922
267251 30.939284821521483
268851 35.881662741787736
270451 40.472616554381325
270561 -122.45527198009938
270603 -112.28881829667091
270645 -112.10298076210047
272245 38.16779908468326
273845 33.76987121217386
275445 41.24060958022995
277045 38.95432981367344
278645 38.40205504110573
280245 32.656441689332034
281845 26.11755247702323
283445 44.25573368569149
285045 39.90073881713488
286645 45.98543475133273
288245 39.188385503899326
289845 50.145941410311785
291445 45.61108624990279
293045 44.68315413144384
293138 -122.54356587776107
294738 33.66245719760709
296338 44.03339908185409
297938 51.72572039557458
299538 50.02570757757617
301138 41.73661950464054
302738 43.573348662823115
304338 49.77228064267274
305938 35.05528683647638
307538 39.05012531688678
309138 53.6306049621453
310738 58.30893533481599
312338 61.58916055554775
313938 59.39728477344563
315538 59.64138722643257
317138 43.30481791036082
317196 -115.10473060991428
318796 61.141470306483406
320396 43.500379062599514
321996 45.71604849915636
322058 -106.21797646809058
323658 58.01835260348737
325258 49.633982810396695
326858 69.88307144840844
328458 53.1974083802091
330058 58.148737923130355
331658 47.47272515378147
333258 60.652461717635425
334858 48.90783092243666
336458 63.44279902699096
338058 58.73611352465517
339658 78.99656852395839
341258 71.63223702601522
342858 71.78560125740427
344458 73.46888520771766
346058 84.13339670046244
347658 81.21382080091563
349258 70.52148302965796
350858 80.06027164052172
352458 68.54084930125036
354058 79.78843380400373
355658 71.38502486703914
357258 76.85452961271567
358858 76.70260334083558
360458 29.70693314514824
362058 71.80000903001472
363658 84.91136014635448
365258 83.40378746992002
366858 95.19739893999395
367534 -65.30257709473993
369134 78.19577768895321
370734 83.55986455248234
372334 88.96006735107886
373934 96.67959613693563
375534 89.29967842699772
377134 85.48529842955506
377497 -77.55850201703547
379097 96.09805248399532
380697 105.0711599994295
382297 85.87738045965071
383897 82.39220150869767
385497 118.07782149807599
387097 105.84755885614392
388697 111.01028723671851
390297 121.75936574665492
391897 118.194267437825
393497 119.70795128640574
395097 109.29139899688029
395745 -68.35169589824048
397345 122.76759403319346
398945 134.8101108852008
400545 129.8809431172052
402145 130.08793764943456
403745 145.40557486272303
405008 -4.344470439660753
406608 126.16800720821524
408208 138.0536063889077
409808 132.9004429018958
410498 -44.37431951731565
410805 -84.04123714548473
411011 -93.40311186471023
411609 -51.335218193167165
413209 139.04815187680768
413661 -64.79108601736897
415261 134.30335092542796
416861 136.93149196776727
418461 160.20344636076757
420061 112.24854695614924
421661 136.05256597382083
423261 134.81662063504137
423676 -57.964785962264976
425276 147.74911248845862
426876 141.57180238222384
428476 137.29902872853407
429322 -49.07877879205491
429789 -70.60420156880343
431389 133.7023450320107
432989 131.21444882389827
434589 126.48844057817757
436189 138.75788833999405
436885 -48.55472351376962
438351 38.627485357785645
439951 142.16731163169956
441551 140.8013284966779
443151 125.30023594153808
444751 144.70132558160063
445229 -72.77430739107172
445984 -42.18292781635221
447584 152.47174091273496
449184 157.3649587701302
449505 -78.18829777186427
451105 161.1785064537375
451662 -70.89863234800845
453262 142.77579755980594
454862 136.85065627056903
456462 150.98404191085564
458062 135.06439039547254
459662 135.784551511966
461262 134.16196565370743
462862 143.84193074424343
464462 131.03670598114073
466062 168.44958621097857
467662 127.58761462968963
469262 142.46003357043853
470070 -53.28559181563185
471670 161.47535677817953
473270 148.7619501722292
474870 144.912129498463
476470 168.53500458872838
477959 18.399986031242193
479559 150.2029503767155
481159 162.4001843348111
482759 154.46706268176823
484359 156.53285235413907
485959 165.26119355034447
487559 175.42629230344622
489159 158.74055490471574
490759 148.54560489647463
492359 169.61741995457282
493959 172.8808263713984
494356 -78.49000504964215
495956 167.7553568393949
497556 180.8297711065877
499156 188.7813304952912
500756 162.99527982790295
502356 163.85008805848403
502768 -71.20753696980763
504368 181.95597151013055
504485 -96.16386314649631
506085 162.50425962861885
507685 183.5318696510628
509285 182.77945058650923
510885 196.89311091538647
512485 188.3415711866183
514085 186.8941001641122
514192 -110.11180140637171
515792 175.7662121244167
517392 186.25904462761258
518992 196.7180658916817
519094 -98.29725872306153
520694 196.8136278672553
521886 38.32336661566353
523132 31.763974842322426
524732 186.90819005968893
526332 177.8128247329044
527932 194.6339469693503
529532 200.47127570605338
530623 4.379560964688693
532223 189.87267261409363
533823 194.0081309336003
535423 215.44014130618925
536259 -14.907332975220129
537859 196.92294558067357
539459 209.01624962669158
541059 166.09361312734902
542659 211.37006345338628
544259 200.86315305092384
545859 187.63047113736474
547459 175.25246347207357
549059 205.86088245846307
550659 202.80489555359057
552259 191.74285512259024
553859 184.91983622049594
555459 219.7471667024237
557059 209.03825593614715
558659 201.54534113907474
559616 1.8152292131818655
561216 197.2667355486868
562816 205.7758405405704
564416 211.93284290888568
566016 198.5807258884786
567616 199.84903011403523
569216 207.35195969120235
570816 224.40481811802573
572416 225.11185397916734
572566 -94.84784315309238
574166 210.87172360097023
574587 -55.16168832827914
576187 227.65477502931518
577787 216.25715939926815
579387 213.9274659255942
580987 196.7839400975435
582587 214.33796170845238
584187 218.86834013351108
585787 200.85979308950863
587387 211.03730247440689
588987 212.70364057995616
590226 65.29567755444529
591425 56.226750750783765
592852 82.37413618998727
594452 220.13282571665172
596052 212.54190332890553
596187 -96.40189799888246
597787 205.98615430784795
598971 34.169978671369904
599813 -0.9232951575902462
601413 198.68883071671698
603013 230.69382634651228
604613 217.2091053134672
606213 213.6063734127919
607813 213.76642999768723
609413 207.53642775364267
611013 229.0107474644113
612613 196.74524187982536
614213 227.6983232330816
615813 201.95598778931927
617413 210.91554373186167
619013 243.01779807344707
620613 217.8002377597708
622213 221.8086337384517
623813 215.86728048065115
625413 228.1135129051431
627013 226.63962521845252
628613 243.2720293217584
628670 -110.10536468037964
629703 25.158518618655876
631303 227.6861317895277
632851 116.09068011703087
634451 233.03361059158703
636051 245.93165665067582
636492 -44.175610305512905
637064 -37.95186728832434
638664 245.5967965730388
640264 240.49157940120023
640571 -63.303510967301236
641830 98.03404917054922
643430 244.1974210820799
644698 87.58922869032239
646298 238.87971600325895
647898 255.74608846231408
649498 251.00516546493114
651098 246.21975766290822
652698 234.6757029169691
654298 242.25485002646906
655898 240.6697718272993
657498 242.2391533855891
659098 230.50691215121196
660698 231.76587149199523
662298 248.97002433889153
663898 236.63679151568064
665498 245.97246053039652
667098 241.81268693161894
668698 243.97581976045268
670298 249.75187630797282
671898 246.75089759659204
672256 -59.71758649205106
673856 253.34886371098708
675429 271.26516811982657
677029 257.35065109349483
678629 257.71618874014666
680229 264.9528962198416
681829 250.53155053665952
683392 270.3911198118259
684970 272.7293029638444
686570 258.01720064174543
687914 109.27841832002505
689514 259.6175812680049
691114 256.4012574944734
692714 267.43688336519836
694314 264.69646385264156
695895 271.2042213364407
696929 57.896908176779476
698328 127.03803003762692
699928 259.56894373033737
700729 33.57755287394471
702329 261.53842367633376
703880 273.79723439977323
703981 -108.02800482659663
704370 -49.17825304040063
705970 257.39519953943943
707570 264.4567608617171
709170 258.0870452921882
710302 83.94356403971753
711902 264.82562746997417
713492 271.4217312223015
715092 251.61961116672734
715697 -22.129332948764116
717190 132.66986044434321
718779 272.046130511301
720379 254.3157229424506
721979 256.29846386071495
723499 276.24329798681765
725095 270.8447451893829
726685 272.3956874230809
728285 269.7596963401926
729873 270.5407255881035
731467 270.3649281663555
733067 256.2202533453566
733195 -101.3512290798792
734795 266.04041791906565
736395 270.627044528122
737995 263.4074888304425
739583 272.79782255444513
741168 269.6205531296786
742713 274.54505747045937
742820 -106.35441673366911
744402 271.3414709881155
745991 272.54782344483397
747473 278.2139757434545
749008 274.8336307180696
750475 278.73486955946646
752047 271.4205828178903
752162 -91.72806324820965
753693 275.0557472058621
754163 -35.0355203185553
754723 -11.700823434725976
755426 10.394349622037922
756937 276.61665495655797
758497 272.9138367058953
759985 278.6079592784511
761489 277.68095323925456
763047 273.21070987230456
764586 275.03570405630495
764772 -82.08968044511602
766302 276.8545029352714
767664 126.33648003407228
769193 274.77421062739035
770759 272.6644422792731
772087 156.74249656464144
773312 103.23473858347211
774775 278.2135244008311
775514 6.327114011737777
777095 271.8979107906509
778571 278.69823553760136
780103 276.40038458896294
781703 258.8500368967719
782134 -39.481915648187254
783722 272.6929000007912
785264 273.183567575062
786083 14.701622854053952
786528 -9.676855649373834
788029 275.8946418506725
789465 280.543899030026
789711 -73.49459802029594
791159 278.6384677480587
791587 -25.889145373297907
793111 274.59805231799294
794587 277.35958132581226
794895 -57.610887359408636
796391 275.04208515437546
797898 274.6766038998845
798377 -46.00729433045224
799914 274.3956963883819
800722 41.76532617477622
802317 269.6426602725418
803284 55.95351196957125
804471 99.39827286499434
806071 268.50387404232674
807616 272.57090618884064
809216 267.4121764621987
810495 104.55741843009358
812034 272.16840635361166
812682 -9.671171984405518
814231 273.9640712205559
815735 277.00768770832127
817335 270.35688117845575
818834 276.5871115284939
818966 -96.06699087523296
820526 272.74285748338815
822036 275.2543082290818
823578 274.6050631260528
823683 -108.26993283574159
824897 95.83840655692848
826463 272.8218952159331
828009 271.5801872067869
828127 -104.23492246155813
828179 -105.96796106650059
829757 270.88015280271406
831357 261.43175771293255
832793 277.13702426630033
834317 272.8059590146287
835831 273.4023483914622
837291 277.0620798484489
838805 275.06813409639415
840268 278.6071434589964
841313 62.9574529453443
842793 275.9915293768221
844324 272.41887947836807
845826 275.7455294604662
847268 278.88246574445634
848738 276.09834290892735
850218 275.27870262046326
851722 274.9419461976524
852247 -18.580378605011205
853764 273.9897717163346
855192 278.54224117063603
856353 99.39075361800226
857257 58.12928299201727
858735 275.76284019013343
860203 275.60638262027277
861650 275.47989506246154
863147 274.9264389910318
864569 280.0187561159516
866066 274.0157577038137
867521 275.8881389287912
867882 -54.20285135818212
869365 275.8728106469977
870965 255.2011039955084
872513 273.1216176027675
873463 56.11610757215675
875039 271.202746982709
876484 277.5488194949243
877927 277.3101923299037
879405 275.3997655458728
880902 276.08948799077945
882418 273.7332467092648
883931 274.19000829646455
885358 279.7159642900693
886807 278.2749615722059
888214 279.75219530962875
889751 272.2011147964044
891351 242.57089659796154
892951 248.8357087889346
894367 279.1190429241719
895888 274.11435250536
897447 268.8738020437061
898914 277.2124493816008
899616 15.335676560506258
901082 277.3015100111771
901941 37.67590328141935
903445 274.99047561759124
904949 274.15072511317646
906549 264.2596144125181
908008 277.9609426807957
909480 275.0767425836184
910027 -20.834739878995364
911594 270.33049811073863
912990 280.89096096326153
914469 276.64060104645296
915916 279.273903683948
917356 277.38917034052486
918856 274.899911762082
920367 274.9238364076939
921840 277.1576973686193
923320 275.9174653794678
924767 278.38075005379835
926256 276.0345926259337
927710 278.0785074391116
929240 274.63984698481306
930720 275.29599203606557
931616 56.00317098388476
933064 278.428767394587
934524 276.25188288723405
935909 281.59014846544613
936163 -68.64877028757923
937578 280.80759223394364
939092 275.288695696492
940541 277.23311192002336
941997 276.2875879622921
943423 279.96831292174596
943901 -18.772528937706156
945299 280.54054196365837
946723 280.08321342515364
948150 279.748890451342
949535 282.1414333025833
951071 273.2767444374096
952456 281.7295290575467
953858 281.19131287249184
955437 272.42716925668134
956856 279.41926627443127
958254 281.0512665856145
959644 281.48750696208333
961041 282.26427401458665
962422 281.174281919431
963875 277.64937254386194
964207 -55.97465091728296
965591 281.84178305933085
966535 80.6468757039429
967456 80.22122036084943
968846 281.002446726252
970193 153.24586280879234
971632 279.1069645770249
973077 279.6612214201282
973526 -33.67915561629208
974861 285.4938063736829
976250 279.89729505016294
977196 62.550440657999474
978618 157.98000125680238
980009 280.6921220565111
981376 282.65489785564074
982258 57.48806885504382
983629 282.8232539264189
984988 283.13975228340314
986331 284.54569482953826
987691 155.00848049885906
989137 277.90594321691464
990528 281.47240396097646
991932 279.9495384274352
993318 280.2619784116596
994702 281.05424537019235
994882 -93.02553254857224
996236 281.7270542109991
997651 278.96977911766226
999016 157.8221319401851
1000423 278.8388332022892
1001368 79.70421386263877
1002801 277.13023734058777
1004240 277.83988075589264
1005516 119.83299568908694
1005656 -106.7398216986414
1007029 281.99085344382297
1007345 -53.3838636930529
1008718 281.08255973596357
1010108 280.4225222902307
1011521 279.49979307483454
1012983 276.9714692943327
1014440 276.9649286184063
1015895 275.8779836981106
1017293 280.80647502395783
1018672 280.5450040035225
1020112 277.9563152665674
1021579 275.16742547142627
1023021 276.66813970516756
1024400 282.68720447078
1025052 8.649180055059361
1026100 82.71801401633465
1026315 -76.77139757644571
1026773 -38.501821601166064
1028195 279.3534350935317
1029600 278.93598426552666
1031064 277.6806331451285
1032530 274.5688736837099
1034069 272.2189334118318
1035504 277.3920881998297
1036977 277.5576822677469
1038350 281.8500720296414
1039732 281.43358541242486
1041172 276.6632110939632
1042572 280.55598090966305
1043309 22.757473560034555
1044777 275.68006899128886
1046109 284.41994126304604
1047093 52.35114954917361
1048538 276.5082502859842
1049505 63.88890511738444
1050898 283.41699712188625
1052374 276.7810552340242
1053723 282.8348600360253
1055112 281.81461047568314
1056555 280.00689017212346
1057944 282.00138202195325
1059363 278.3198792323006
1059794 -30.883311033601572
1061257 277.36651618269326
1062682 280.1074502556585
1064089 281.14901365020893
1065512 280.1111799798671
1066331 40.76019587892307
1067733 281.2006820660224
1069111 283.3992002231366
1070518 281.2228270055047
1071708 119.04511006391644
1073149 279.48307961842266
1074520 282.7104255128673
1075918 281.6622383192778
1077366 277.90625078707086
1078766 280.6708232051078
1079788 81.89680542087225
1081175 281.8479781763559
1082671 275.1937714832357
1084047 281.6940619919434
1085468 280.2604652754443
1086880 281.0777047793467
1086934 -104.62627326667992
1088310 282.9375053046353
1089645 285.1749911383725
1090007 -51.127857311763464
1091362 284.7617272538288
1092666 286.402421563634
1093637 71.27805952633224
1095016 283.71437925357475
1095065 -104.27727192546676
1096418 284.30635164462046
1097781 283.5551263453553
1099194 280.518729014818
1099529 -61.733441288516865
1100877 284.65305228438365
1100941 -104.48460138047548
1102311 282.5355519527415
1103686 283.0004205275758
1105063 283.4078397860478
1105683 7.600167582989954
1107037 284.7901350265891
1108375 282.00349507645853
1109763 282.8628463860564
1111086 285.40709028198035
1112476 281.4925232675138
1113589 121.97150136488222
1113784 -85.82309446619885
1115179 281.18620071750325
1116520 283.7904211271832
1117831 286.69715789358685
1119197 282.4923891678944
1120591 282.2772479365008
1121905 285.419842221273
1123229 284.8393260405203
1124582 284.35857705249146
1125954 283.5143861807088
1127284 285.71040219329603
1127425 -100.91010717111267
1128742 286.5888638029931
1130108 284.1337602305123
1130786 25.636657607173404
1132103 286.6561530557078
1133435 284.3829121122999
1134616 126.52358682799169
1135924 285.5785810744774
1137252 285.8131556043862
1138620 282.7680123378095
1139927 286.1352864062834
1141289 284.78333377377237
1142616 285.81465353967957
1143910 287.535598449977
1145222 285.64165825965455
1145359 -102.04266096821365
1146691 285.2251911509547
1148002 287.50988721394083
1149358 285.272643986481
1149496 -88.18674427599397
1150802 288.67963871979094
1152147 283.90900925274997
1153439 288.90572495956997
1154713 289.2108339893995
1156010 288.83144303652705
1157326 287.3207822977495
1158600 160.1013360103517
1158697 -109.45942258499127
1159242 -3.6919262955567262
1160626 282.7840992219045
1161032 -24.937781526098718
1162349 287.60248128943255
1163691 284.92508459844464
1165056 282.25414857373823
1166374 286.6164750667629
1167679 286.07171033124934
1169064 282.4274279200567
1170387 287.0814787958409
1171682 288.7271500129088
1172986 286.9099301049469
1174296 287.81683813958716
1175641 284.14320178922384
1176996 284.6954162719633
1178357 283.76895879721974
1179679 287.90021802615803
1180985 288.40188078898655
1182261 288.506528817736
1183575 286.11241557689647
1183872 -54.33959663854913
1184717 63.170259843310305
1186007 287.8437626955245
1187342 286.41770044928063
1188649 286.68816970015035
1188932 -62.783103581381965
1190298 283.7833555170805
1191625 286.90519414793795
1193010 281.5272275445883
1194287 288.93160973384005
1195605 287.1614175688928
1196920 287.3292923401693
1197827 72.46135343029934
1199137 287.8197837163469
1200409 289.54015935687534
1201660 290.12773264569825
1202915 164.54482852395103
1204176 290.7555700097589
1205518 285.4507089449516
1206847 286.1913663681126
1208195 285.1286568793134
1209504 287.49527690151535
1210809 287.71122847799865
1212162 285.21063076160226
1213506 284.667448380327
1214781 289.81140322216186
1216066 288.36462491548326
1217346 290.25571042513644
1218679 285.26961437620565
1218867 -73.33759170519997
1219985 125.11314408654522
1220378 -21.20333927047014
1221730 283.19927947401175
1223067 286.2775222839261
1224463 281.7155030222017
1225765 287.45170577663833
1227146 283.2153372504012
1228482 286.52641980133114
1228770 -66.59666669982916
1230033 290.0571809726272
1231352 286.3893593387426
1232641 287.45830581040366
1233839 149.95106998072131
1235086 289.8747146146344
1236383 287.00079022014097
1237654 287.82639105630074
1238937 289.3159979202354
1240271 285.7268132476238
1241583 286.583121822616
1242745 130.25337566225372
1244080 284.49983202669847
1245425 285.55962055542824
1246754 285.1336628645236
1248115 283.99785619627414
1248453 -54.33505764227356
1249728 168.7515876705803
1250996 289.67663501941576
1252045 105.29567205121666
1253414 282.0473848069102
1254714 286.63103968621243
1254869 -123.1935177566732
1256202 286.0431316353523
1257510 287.9512484176459
1258828 286.70003298870387
1260122 286.6409538723176
1261454 286.0019924903015
1262781 284.14887212102536
1264122 283.97759019218483
1265459 285.0926436319804
1266759 287.7619135567888
1268077 287.0590492697651
1269337 288.53617164173295
1269878 14.026775594256776
1271207 283.8309522316307
1272519 286.0812971099877
1273801 287.90392357018965
1275137 284.51617468534477
1275769 -9.745147938687325
1277071 288.5277916209909
1278401 286.6391250074829
1279542 99.91035255848192
1280846 286.6480298482795
1281699 49.3874029397258
1283014 286.54618765104794
1284315 288.37674228086905
1285602 288.42769954594013
1285796 -77.60590292240182
1287164 284.2579565236819
1288438 288.65493199914096
1288749 -57.80648176798908
1290072 284.89444199540804
1291418 284.0595006582575
1292735 285.67104534296567
1294089 284.6580731961618
1295409 286.0862640965882
1296705 287.5826006998011
1298002 285.83308567862065
1299340 285.32089492743097
1300662 286.0721750978929
1302033 284.1934463860813
1303365 286.14731817387235
1304072 41.07227305243234
1305354 287.1223369173037
1305498 -100.41165582237952
1306799 287.11286826632727
1308088 286.999868578903
1309317 291.77356617371817
1310606 286.6282589127696
1311925 285.9079641572625
1313223 286.4779091078097
1314537 287.1051394648883
1315472 87.69081865930355
1316799 285.10810755100795
1317963 126.04319772065162
1318703 29.03640675062715
1319984 288.85242809648634
1320954 99.52438995842456
1322287 287.32078212798797
1322535 -74.76077431697709
1323851 284.0592262047685
1325151 286.9383258060852
1326449 286.47113597218424
1327753 287.62616699278
1329063 286.72296388082157
1330423 283.707176532738
1331710 287.2313021940496
1332991 286.8678769738919
1334306 285.9507086116551
1335608 285.91202127026094
1336911 286.8509376690948
1338210 286.94466951659206
1339517 285.8033434043273
1340846 285.8395082271897
1341581 29.42541909338857
1342032 -38.81218347628972
1343109 117.70114970667854
1343763 22.83097164234566
1345053 286.74299936838304
1346373 286.06741858568785
1347726 284.81247467896725
1349061 284.4899044281525
1350348 286.6252061192158
1351668 285.98286687318813
1353012 284.2740124847848
1353363 -59.888692838745186
1354677 286.8980002022294
1355987 285.8530154630391
1357364 281.7239970611683
1358665 287.2540936928
1360009 282.720196281372
1361324 286.4951779818793
1362652 284.9062111533781
1363954 286.2789563069396
1365241 287.3168402122532
1365408 -89.20629076418831
1366682 288.94380777623564
1367926 291.03713052546624
1369241 285.6214484436015
1370567 284.71697009219235
1371847 287.99290787614456
1373146 286.3028381774138
1374434 287.2526885349496
1375757 284.988410477972
1377012 288.0122964452661
1378356 285.7228363063751
1379665 285.0114104603381
1380953 287.4209502746335
1382167 290.5150988440603
1383449 287.56856947429355
1384770 283.4080348994574
1385111 -57.037244773307805
1386385 287.999721380011
1387666 289.1032809031406
1388941 290.10758374122724
1389150 -70.65966126493304
1390449 287.09155239177534
1391602 133.02710634226145
1392930 285.0041791540523
1394184 289.798118404134
1395493 286.1380435756616
1395638 -97.46698050441344
1396907 288.88591179348026
1398226 285.50278237700337
1399500 161.01706407373047
1400821 285.9181085555614
1402096 287.74692380093387
1403059 84.19023237017831
1404361 287.73939517218787
1405666 285.6363401299053
1406735 129.1714323022108
1406888 -105.26847185758346
1408171 287.3519360783707
1409463 286.52064585453076
1410733 288.5019286852364
1411680 107.75709033476494
1412672 85.53490789003621
1413973 287.2581777533796
1415305 285.03283770970694
1416589 286.889294188662
1417848 288.557635132702
1419128 287.6342354905789
1420426 287.8283703025769
1421274 69.17749907854633
1422565 286.61133439610296
1423891 286.07263166881415
1425172 288.65501294057174
1426445 288.46359622084407
1427125 38.18312120929173
1428439 286.4309945650125
1429726 286.9518621604435
1430949 291.48876046689026
1432270 286.34156705864893
1433568 288.1717243025411
1433697 -97.2713700942484
1434849 127.47273776578655
1436132 289.0179311143461
1436666 -13.191346022397823
1437996 286.77469561778196
1439277 287.9135929775153
1440570 287.4308510544777
1441819 290.47738589489876
1443128 287.11828500830615
1444394 289.18464325916
1444909 -9.67301314746409
1446158 290.03181344451593
1447424 289.5383051203306
1447919 -10.440876910243176
1449217 286.8984662156701
1450362 152.66971714983904
1451629 289.29528400710683
1451780 -88.08315372373227
1453114 286.39899065870935
1453674 -6.04784424195735
1454232 10.459534976732229
1454374 -99.06798412078557
1455675 288.1716439711419
1456971 286.59442877771966
1458284 285.0131479359119
1458968 47.847573011195294
1460257 288.5821602577053
1461344 114.77984960587435
1462639 286.8474905056903
1463931 286.8765399465752
1464697 62.58108318622038
1465990 286.7383123976263
1467258 289.0985774782268
1468547 286.57294490324654
1469849 285.77380832172963
1471209 283.4370189017563
1472474 289.11328305560437
1472817 -60.0009580833061
1474121 286.3504526022268
1475382 288.550071497006
1476681 178.73464066358156
1477940 289.4287191362515
1478866 80.93739293544078
1480141 288.12317752918267
1481445 287.70678007192294
1482699 287.1356248402797
1483645 103.70875675213497
1484645 104.77177956731768
1485384 55.72038356314155
1486699 285.8443632144428
1487439 27.747083329679654
1487913 -5.000021760572253
1489182 288.7173051779732
1490467 288.1384719273557
1491756 288.1797748641465
1493046 288.4167757762982
1494326 289.07143158988237
1495614 285.5076278122255
1496608 92.21647640986072
1497915 285.6876888507304
1499192 287.0074430160157
1500499 285.696282769627
1501244 52.76233759913171
1501957 33.01814526684379
1503278 285.8622983240616
1504554 288.54589591785293
1505882 284.9276263036043
1507155 287.9241079955071
1508418 288.56860837282466
1509753 284.7729566213959
1511028 287.89093291413025
1511346 -62.51025147251414
1512644 286.0696818385988
1513939 176.07791762063954
1515163 290.48593345555184
1516403 289.15118371126994
1517688 287.25723376292007
1518966 287.25465402536855
1520237 288.1300440250017
1521513 288.91893810734797
1522836 284.52772961120235
1524117 287.52412090628894
1524981 88.82552548403285
1526319 284.30409673442483
1527590 288.3736035053358
1527987 -19.776018049533818
1529245 289.4015483882284
1530504 289.9414828896877
1531741 291.619255200582
1532997 289.032023035222
1534233 291.28039332932786
1535395 133.91066773787537
1536619 291.55908145077797
1537898 287.0754348402532
1538759 77.0747147420594
1540035 288.120878532978
1541280 289.85122971811995
1542601 286.9790868817022
1543868 288.73859186817873
1545155 286.9001062388063
1546407 290.2713490812223
1547690 287.18059208372335
1548966 288.89276066524303
1549167 -70.68743875980937
1549354 -72.68666126895386
1550593 289.5398114606313
1551884 287.0094024183101
1553108 291.0520945273078
1554385 288.1416072705624
1555644 177.26655702522345
1556950 286.89192307377465
1557448 5.6943415704052285
1558731 287.55070093732417
1559972 290.2070560789623
1561214 289.42034160594113
1562499 286.9630214767204
1563736 290.7295467884552
1565034 286.2244815575452
1566351 285.83384367333485
1567604 289.84076959383214
1568858 290.426776176922
1570102 289.9897549262421
1571339 290.18105178689507
1571638 -44.55174399060568
1572920 287.81792120591354
1573691 73.46553886832064
1574925 290.45697604076815
1576189 288.9250229884936
1577459 288.73004652172534
1578710 289.28804200921684
1579976 288.1600516014021
1581270 287.51772617991213
1582524 290.36623726795256
1583771 291.135020528698
1585019 290.56849878033944
1586284 289.01143003072326
1587522 290.07740565626835
1588798 287.30354745927013
1589457 55.746723268099174
1590696 289.93771087456605
1591932 289.89318348268165
1593211 288.36718548092614
1594475 288.84650341166775
1595695 290.7174594318008
1596938 289.9956537838681
1598192 288.49749599243324
1599444 288.5880331794235
1600736 285.90793935517246
1601479 48.89375346675746
1602725 289.104834694148
1603927 290.7812153656496
1604491 13.58684450896203
1605780 286.37863655384353
1607000 291.3504430172521
1607587 8.848977487415993
1608876 286.88506688811344
1610110 290.7533653266514
1611364 289.5681663015253
1612489 158.5342916146804
1613773 288.34142209134984
1615078 285.08240299000516
1616340 288.67793805452993
1617627 286.9036472428181
1618922 286.9594180960543
1620169 289.5743611980068
1621431 289.39377409341466
1622718 287.9998370508556
1623971 288.88932651494366
1625247 287.077847237589
1626515 288.14930432424603
1627753 291.0960420915078
1629000 289.15062791733277
1629249 -55.11340948613982
1630518 287.0019697966183
1631815 286.6574619788342
1633078 289.6807077890809
1633362 -47.99904687055947
1634581 289.63717808297326
1635855 287.8249702544535
1637113 288.39212674176844
1638394 287.6888763410369
1639633 288.61481125426013
1640891 288.8049664007422
1642185 286.019813284252
1643413 290.55273278352183
1644598 291.6306746221518
1645831 289.8225719871872
1647046 291.08230627592695
1648287 289.63734216985546
1649478 292.4265464982569
1650691 290.87063908126174
1651921 289.4495388930721
1653151 289.575196705582
1654390 290.3082694415647
1655635 289.20670865471294
1656636 121.34080609617908
1657855 290.3794053735507
1659079 290.133912981886
1659202 -97.35336551296835
1660406 291.1898667757822
1661637 290.35480649879196
1662854 290.38634362892657
1664063 291.33880316017775
1665284 289.75026264217996
1666566 287.61768106044997
1667767 291.1516113970044
1668027 -84.05770937196723
1669250 290.0810302169421
1670470 289.9902996807327
1671372 83.99119917808775
1672610 289.9749950560481
1673812 291.36803220275465
1675034 290.03397569129027
1676272 289.7247349012158
1677562 178.7682616191223
1678813 289.9627175886588
1680014 291.59170862212363
1681256 289.543034142266
1682469 290.9528619141934
1683698 290.926300724192
1684109 -24.975789228785146
1685363 288.82952325775284
1686196 92.12692095427374
1687396 293.2727003749883
1688625 290.35943415071443
1689856 290.2623852152968
1691102 289.90794919981147
1692365 289.5637556127337
1693551 292.63717466257583
1694769 290.8198915434078
1696000 289.36240497705654
1697265 287.3825612729424
1698542 287.63400473326124
1698656 -86.26892060986408
1699136 -2.6384359494180245
1700357 290.42375048113365
1701656 285.775875446
1702876 290.636400095432
1704152 287.9147471502153
1705361 290.96531945288314
1706207 77.10594508589614
1707443 290.04259981805296
1708682 289.05565193277647
1709938 288.59449108593424
1711197 289.43127159389906
1711715 17.005059889914605
1712924 290.7253289711632
1714100 293.0644042859828
1714437 -47.9641452867997
1714600 -85.69201734369807
1714744 -82.49711890952103
1715778 132.17356880165127
1717016 288.61950377912814
1718243 289.81839102432536
1719502 287.83814436229477
1720743 289.58848048206386
1722034 286.30050733427754
1723220 291.56373093240256
1724479 288.0429263588136
1725363 86.5612061737888
1726610 290.0005761102409
1727813 292.7870764368251
1728648 77.44306149130455
1729906 288.19747604307236
1731111 291.21738910274
1731584 -23.165725085653506
1732805 290.9964233115058
1733470 25.29627097673324
1734690 290.55006925870407
1735856 174.33350695520636
1736701 102.19703476795408
1737347 6.413405413966643
1738526 293.096766233679
1739749 290.8948830227806
1740972 291.4416223974769
1741908 82.36212789092738
1743147 287.775112483352
1744396 290.10861535669864
1745629 290.5603088631748
1746859 290.8921112718051
1747307 -20.229911454932775
1748527 291.0618747070682
1749760 290.4601408085749
1750556 63.979127053781184
1751695 157.2292761464293
1752745 127.78411561724363
1753943 291.5348072556133
1755140 185.421462973779
1756344 292.4601513115964
1756451 -99.29980958805358
1756869 -15.758087629473422
1757738 67.12414719824417
1758332 13.851357370468463
1759522 292.2367278098126
1760206 55.925665811432424
1761431 289.93421625887885
1762713 287.6059346537478
1763938 290.5802483319903
1765189 290.0895971982477
1766412 290.62538083295175
1767634 290.38153478979996
1768901 286.9873897480149
1770100 291.24495904928233
1771275 141.10189371317006
1771788 -14.427307574575138
1772995 290.13434280036387
1774251 288.44057782212724
1775474 290.61061154584917
1776655 293.29144807835524
1777875 287.50345514812824
1779075 291.40518366311755
1780287 291.8055185167404
1781520 288.1520512382073
1781730 -72.1813981476271
1782949 291.0140905657896
1783513 22.56179034884515
1784275 59.2019144702557
1785498 290.47824331298534
1786724 290.2213363348961
1787960 288.8424345733792
1789172 291.9943081662368
1790372 291.389663335391
1791589 289.6581496296698
1792825 288.75701632509856
1793926 164.29922388333733
1795137 290.8344084188328
1795323 -70.60328575632782
1796517 292.2061939134443
1797835 285.213117302905
1799046 290.2490034258517
1800239 293.2418825801283
1801475 289.7498759200281
1802758 289.0774580677736
1803975 290.1418035936791
1804855 101.08628446830556
1806084 289.6413395779612
1807334 289.2073794721015
1808540 292.2267212217145
1809783 289.03481284833356
1811028 289.9012583207929
1812288 287.7492919265917
1813504 290.8871353643061
1814754 289.69206433259234
1815955 292.35262654390453
1817178 290.6727958649503
1818160 124.00136129955825
1819396 290.8715115252328
1820644 289.75093195517167
1821863 291.82019068739623
1823078 291.00920544285617
1824301 290.6456670555701
1825493 292.4622708112522
1826699 292.25481149887946
1827895 292.17213017029025
1828630 54.3974734982898
1829636 133.67782193758717
1830844 291.1066900252172
1831863 116.97285199683117
1832219 -31.662649771738117
1833448 290.34722695237775
1834626 294.32570431058986
1835841 291.20995988477597
1837066 181.55549144538685
1837807 49.69298083964037
1838366 15.107805331938025
1839634 289.87642077821585
1840924 286.69264399253115
1842105 293.2995526107873
1843303 292.7362709874925
1843698 -20.458178031746286
1844926 291.42871349553957
1846181 288.52204172773804
1847383 292.4627052098946
1848567 293.4450932614298
1849778 292.641741945027
1851038 289.0054769492605
1852240 292.77030551061495
1853508 288.3389833825183
1854715 291.4896722971024
1855999 288.380277813453
1857165 293.8891473331264
1858385 291.9370689764933
1859645 289.7044772335098
1860896 289.32421066707013
1862117 293.2341881678509
1863385 290.4627787277819
1864639 287.6026437148541
1865822 293.94479340767566
1867102 288.3006417666322
1868321 292.1428804863417
1869563 288.91004403657837
1870764 292.6204228221277
1872005 290.9374724257801
1873288 289.0451301867515
1874482 294.78203696901744
1875318 79.85936423187582
1876519 292.6705694095617
1877758 290.2348173661208
1878991 291.70949434075425
1880203 291.5161119342265
1881449 290.9271575526923
1882653 291.1122767632053
1883170 11.39654743839921
1884400 290.9395074069228
1885579 293.6283733590936
1886806 290.5921331470673
1887850 127.00213109155177
1888052 -77.75998200793441
1888926 82.28334196407201
1890173 290.46417091186896
1891364 293.2555690303399
1892577 293.3994521461295
1893804 184.0361701669969
1894413 3.488796939616691
1895622 168.09395838996062
1896842 292.33777266635946
1896982 -82.43875337351115
1898204 290.68684961210255
1899407 292.69997904614814
1899528 -96.19458755503781
1900742 291.3622448862736
1901919 294.0444150509463
1902114 -78.36231621191216
1903309 293.12822479606746
1904549 290.20954202300425
1905832 289.11363171392725
1907058 291.61723415357864
1908293 182.54562212358155
1909494 292.528490134789
1910706 291.7640688724681
1911940 291.1633202554845
1912284 -28.72708893345913
1913500 292.1667361634257
1914015 -15.47918955071708
1914821 55.68395067977349
1916035 292.7269019531309
1917313 286.03282376809926
1918511 292.07903517444834
1919735 289.9610219521138
1920946 292.57671188073
1922004 147.76859278425098
1923218 292.08467078824935
1923699 -7.131889940064468
1924909 292.73724055125984
1926156 290.59735553481977
1927362 292.90892819444235
1928637 286.67342719602016
1929868 291.15803669293257
1930388 -5.335611445176767
1931593 293.10799727142285
1932831 290.33929502668036
1933315 5.118592705845259
1934523 292.29285218903794
1935754 291.7226563634471
1936955 161.11682022804695
1938227 287.56942564095846
1939492 289.780211462852
1940679 293.05869409647954
1941020 -40.63302698547393
1942276 291.1073975931508
1943481 292.71487960118054
1944686 293.04884668852804
1945919 291.0265956619589
1946102 -70.62786225311149
1947333 291.00701526271934
1948032 22.05836386513502
1949298 290.4954207231418
1950530 291.964729597078
1951163 11.607557238738409
1952352 293.5438895696617
1953615 289.13899488385744
1954189 -0.18211673399429174
1955461 289.67124008596556
1955819 -52.60842013115252
1957077 291.6277053989535
1958072 111.3970783141998
1958566 -24.631988772502424
1959826 287.80905822889366
1961089 289.32731224686233
1961617 1.4299945339808176
1962894 287.7607762235258
1964158 288.29580785708316
1965368 293.08463821401966
1966585 292.5544006508698
1967835 290.1042650842636
1968243 -18.42711692093134
1969453 293.3823768774758
1970696 290.8086795197616
1971881 296.01582094451663
1973136 290.4533373685826
1974374 292.7520629099796
1975521 162.51292883439476
1976770 291.467268808963
1978002 291.89051804552696
1979248 291.2645424215984
1980464 291.7719950435995
1981715 290.59196390524414
1982944 291.7496740351338
1984163 292.2773153360474
1985373 292.86465509960664
1985763 -46.711322793251554
1986694 110.05474374159357
1987495 78.6420477874552
1988769 289.7252919340454
1990023 291.0933155376641
1991262 292.37939841083715
1992497 291.3199063802533
1993101 28.807213215819928
1994331 291.9736442014142
1994820 -25.03661574805274
1996073 289.4906038856375
1997313 291.6150289365852
1998579 289.0800965263465
1999777 293.1563608815361
2001016 290.6920834987153
2002249 291.75426447819063
2002754 -10.766754805918183
2003980 290.4847407013964
2005218 291.5203664127041
2006447 292.0806159765474
2007672 291.47723201942665
2008006 -49.71964990157076
2009244 290.4026618731385
2009967 69.73982806558644
2011166 293.59810626243234
2012376 291.7230378462049
2013597 291.7522318140092
2014792 294.0789918886972
2016073 169.26377472847327
2016844 46.476058613082984
2018107 290.8496031825607
2019337 292.6103036813909
2020522 294.4391266991928
2021723 293.3466121277177
2022944 292.38657226297204
2024190 291.72500487049393
2025380 293.6397328704704
2026602 292.64439338891
2027737 147.11639162625943
2028954 292.84936473583656
2030129 294.4962726707699
2031408 286.91725258153417
2032637 290.9625453925989
2033876 290.69475375864613
2034470 24.6348061312182
2035690 292.3555310695852
2036909 292.94516170437186
2038096 293.3522032387497
2039300 292.03396638700934
2040505 293.5519317896518
2041714 293.35937852992373
2042931 292.2680199864963
2044139 292.2949186229029
2044670 0.4939456553540822
2045835 295.1812498160425
2046885 127.07666565290242
2047340 -17.116229561721894
2048506 294.3456468643361
2049723 291.8941774279878
2050963 290.7092068562316
2052169 294.4913659464148
2053410 290.5167809407663
2054604 294.54216010228896
2055780 294.51529933428486
2056998 291.7290345513011
2057132 -93.42557225051772
2058326 293.6413301901917
2059505 295.2814563646477
2060742 292.7996284903867
2061940 294.5741403826316
2063194 290.22262032124877
2064362 295.276931504089
2064714 -56.7773728797572
2065932 292.91342031396925
2067100 296.94586278492386
2067906 83.64635148405108
2069029 140.8522931082679
2070245 293.6747532667943
2071439 295.26495867313935
2072642 293.86043151941436
2073846 294.2500334713108
2075055 292.34491344149166
2076316 290.21208142775544
2077505 294.81892084573354
2078709 293.95748394627515
2079935 292.5965799898512
2081150 292.13166427081063
2082380 291.04641739864496
2083397 136.14027857439478
2084622 292.06050288814754
2085856 291.73728450472
2086484 44.29201632471262
2087647 295.45500856852
2088842 294.0826484358749
2090026 295.3660152739031
2091265 181.5528515687539
2092441 295.3956952146291
2093620 295.2897897951734
2093759 -80.14014290675831
2094626 82.61037492144496
2095814 292.97093639436787
2097019 292.65123909836257
2098264 291.8543303874481
2099485 292.1780328380085
2099980 3.527984074642262
2101202 292.2207173127818
2102405 293.80374200005207
2103622 293.44517508276715
2104824 294.2221626076779
2106042 293.3081831794483
2107261 292.93479197297904
2108432 147.65768920139084
2109600 295.2956258144984
2110821 292.9299678852661
2112072 290.1396506828671
2113309 290.3302901545607
2114485 295.2032030064516
2115691 293.0600224912218
2115984 -73.21773826256799
2117195 293.4126558747357
2118362 295.56369962039565
2119376 142.96931663924235
2120583 294.1769262970659
2121791 292.44807261709866
2122992 293.9777286891846
2124224 292.49451975096974
2125492 289.1070542917175
2126683 294.1746415195413
2126856 -93.88519176127265
2127984 138.38868534553228
2129194 293.011925450089
2129324 -102.14203193279977
2130537 293.7840464954517
2131397 98.70312808566845
2132581 180.29331842470373
2133790 293.84752214979085
2134958 295.81203415016677
2136150 293.84827272340067
2137383 292.318377466019
2138566 295.32624321907866
2139791 292.35653226140266
2140213 -11.58117518721842
2141402 294.28222437066097
2142610 294.17814021355633
2143816 294.83424818011946
2144162 -89.90518807665872
2145110 106.28546333342894
2146339 292.0370184885599
2147527 295.16689056557146
2147852 -43.55333692395872
2149067 294.0071861306934
2150286 292.34920584581704
2151493 294.1394947636617
2152695 294.41735206616573
2153918 291.4827214242878
2155100 295.15234515586735
2156302 293.8086472366685
2157546 290.6222495782846
2158757 294.20540438579405
2159923 296.1682331045477
2161154 292.46264980147663
2161917 67.99931871295041
2162234 -47.30327078941153
2163490 290.9744939813521
2164682 293.63705179969037
2165869 295.4712769545805
2167075 291.7278702927274
2168282 294.1027211232526
2169499 291.88129223917866
2170735 292.0033521373828
2171135 -11.67280129377798
2171553 -8.426646233820662
2172762 292.4233913022967
2172945 -75.61744970875917
2173899 120.75065188318354
2174846 91.47438076133722
2176009 296.08572969370977
2177141 141.182536506038
2178168 136.24438388376817
2179377 293.6718723746422
2180580 293.51375982906103
2180992 -16.855432400694667
2182159 294.4092489595777
2183397 291.60161331973956
2184603 294.00651044579365
2185791 294.862574216628
2187018 291.9151389132569
2188010 125.77815483791741
2188340 -35.353067718885214
2189532 294.90953280367654
2190717 295.5611656283823
2191917 293.96184555650063
2192497 21.92321416819533
2193664 295.295498144738
2194852 295.37761779035793
2196042 294.13399315478836
2197261 293.40062503883445
2198507 290.97446811784994
2199717 293.9415565346843
2200921 293.1978761088765
2202121 295.5762203095993
2203339 292.9014277301305
2204528 294.4434106896922
2204651 -92.23165274645264
2205794 296.58156204496055
2206998 293.0588762512792
2208207 293.4778923643573
2209393 294.3394883848837
2210591 293.7067534640069
2211802 293.775395605776
2213004 292.19760078963014
2214166 296.164334649191
2215359 175.80262744898027
2215549 -70.2816690676746
2216742 294.7274261910133
2217958 292.1909841400197
2219151 292.7359000337358
2220346 293.2323307044768
2221547 294.5656855317516
2222738 295.0922419062236
2223946 292.99571366567744
2225222 289.910885048145
2226448 291.33805898670886
2227652 294.68806125380814
2228678 147.63194930928822
2229876 294.26339144920684
2231043 295.46691471380734
2232235 294.04219845130217
2233499 289.57775918904224
2234693 294.5240020831797
2235917 293.3677310764472
2236262 -31.955093368046604
2237482 292.5503182346724
2238726 291.7178013098273
2239929 293.72127508563005
2241179 289.5591290206199
2242395 293.95496416833953
2243592 294.2809237789505
2244785 293.9876124457601
2245966 294.70671435204724
2247236 289.327118297421
2248458 292.67739617860497
2249681 292.3685758996895
2250907 292.8917719855244
2252094 294.358659747481
2253261 295.5189361379068
2254462 293.499993118155
2255673 292.92617868214535
2256881 293.381519730391
2258108 292.7380387127761
2259337 292.00442594446304
2260644 287.5791630791197
2261635 121.64016889244058
2262918 286.85036641932925
2264099 295.2490444779009
2265329 292.3437465336657
2266550 292.6518849753916
2267747 293.57150942167596
2268094 -51.046930059421825
2269272 294.0439718243729
2270496 293.42477385765596
2271727 291.51727964516834
2272958 291.6915632985381
2274168 292.9114149957886
2275358 294.8088743602285
2276449 141.95841839780576
2277121 54.45012511469747
2278275 296.6230943372102
2279422 297.0696389503412
2280608 294.24128581235215
2281784 294.18849907780043
2282573 79.21653330559093
2283769 293.8815212761028
2284952 295.8376691537566
2286235 182.42283845328058
2287462 291.19322861035806
2288649 294.42747975272647
2289849 294.3624145749925
2290408 13.807638448028541
2291606 294.1203621677848
2292777 295.2371822905158
2293979 292.50300802658967
2295206 292.49947370620816
2296421 292.1953526518702
2297613 293.56488452863846
2298826 292.5672765641656
2300004 293.91551452727407
2300276 -74.0894807175094
2301481 292.7804392245775
2301863 -36.957776244192104
2303063 294.3933055663253
2304246 295.37938542401747
2305480 291.8069452808598
2306702 292.2835064764285
2307921 293.56475667434194
2309164 291.34455810154026
2310372 293.1691488876948
2311608 291.7227579276937
2312817 292.19954415939105
2314008 294.83595076027535
2315280 182.37968399950245
2315687 -23.952762193297374
2316929 291.10103861494645
2318124 293.21533880603397
2318300 -70.66726553753796
2319502 166.53861528528375
2320726 291.8093428842219
2321938 291.68163346912127
2323135 293.48286984859953
2324327 293.9760339415395
2325514 292.627290458455
2325967 4.447114536962829
2326799 61.68531365184299
2328014 292.46699972994566
2329253 290.36141711874353
2330471 293.1017035715216
2331174 64.22090484494763
2332368 293.68540711349056
2333554 173.8319319404606
2334784 292.94750002057725
2335983 292.4676400711686
2337194 291.7398182621324
2338365 295.5266293169952
2339591 292.05015069149107
2340765 295.3097160103019
2341994 291.8834386711544
2342164 -87.07422654415605
2342807 37.94805099403635
2344061 291.436629737616
2345256 294.24894051774544
2346460 293.09100950493684
2347302 82.51650616134646
2348558 290.477246060731
2349757 292.8255408596229
2350970 292.34507608188505
2352218 291.1981146921841
2353387 295.0481781831869
2354581 293.30101617018113
2355855 289.77285986447265
2357105 290.12768040248415
2358290 294.65806958268263
2359495 293.9404488228437
2360656 296.4108263072321
2361347 56.62869742907469
2362575 291.5157727981717
2363765 292.9281477209185
2364962 293.6804574765213
2366176 293.20299657362773
2367410 291.66613001623364
2368608 295.384035202121
2369811 294.1078167531541
2370236 -48.89046975944502
2371437 294.7606651886448
2372641 293.6427524888754
2373627 104.48770121736982
2374827 294.7529825348565
2376028 293.07797641805786
2377226 293.72007827179107
2378448 291.5364454065528
2379661 292.77081458421753
2380903 291.11134187545997
2382103 293.52338634702824
2383316 292.20700739009044
2384035 34.36431884249188
2385223 294.89780609528106
2386453 292.559053191276
2387690 292.32708631548684
2388926 290.30003197367427
2389279 -47.79323723399203
2390462 294.6249760785699
2391656 294.7124037144478
2392835 295.74701706767746
2394057 290.94642803812457
2395287 291.8910935163352
2396261 124.30435633237846
2396707 -22.17399168069595
2397919 293.4640370520922
2399068 296.33880725727147
2400255 294.5751972884737
2400844 7.781033257841443
2402057 292.99547085716335
2402157 -101.35692966604606
2403406 291.4147784248649
2403712 -69.36844066072562
2404910 295.4233251697849
2405183 -77.25608986604149
2405981 71.73683583212815
2407157 294.35285584967824
2407423 -82.53509320521604
2408355 119.01212940688117
2409477 161.2008976647063
2410691 292.38871037303113
2411914 292.66767017697043
2413089 295.2568571720875
2414283 294.59736560157177
2415426 160.13839377028648
2416590 294.54433990565406
2416829 -89.08651397025584
2418014 294.61121736222634
2419166 170.36011317940762
2420336 296.4063003485322
2421515 294.3479933215048
2422695 295.2921437113101
2423915 293.073034559931
2425151 292.03371381841924
2426352 294.9691080496789
2427572 293.2764712142295
2428451 93.18479945149898
2429678 291.0741841780599
2430899 293.2086392587807
2432091 294.9549790746197
2433275 294.2921672429063
2434478 294.0385476718221
2435651 295.5559492886934
2436861 293.1925972594062
2437754 87.71861484893626
2438974 293.3844423474467
2440175 294.9962982664323
2440917 49.740994545763215
2442146 292.1322882331726
2443354 293.2186783694893
2444552 295.0224324744798
2445797 291.87519128842047
2447002 292.5863370763631
2448210 293.5575252726322
2449454 291.51429717202683
2450645 293.76575197841316
2451311 43.19415556783238
2452485 295.9436625304238
2453663 294.9106094652004
2454870 293.5857960991001
2455334 -18.63002935940152
2456515 295.2477726897425
2457306 77.51420449595668
2458488 295.29000591421897
2459697 293.4936154721408
2460932 291.915290166421
2462128 293.0399053431337
2463337 293.8082413740167
2464556 292.3894826417335
2465419 82.90816616444965
2466604 292.8904741723114
2467789 296.05302455621046
2469002 293.16072805242436
2469709 41.4661094819549
2470900 293.8538471243379
2472148 291.828781899668
2473336 294.48808596949965
2474511 294.85785131037954
2475286 74.12491937722513
2476450 294.352804110313
2477061 21.015227290661443
2477993 85.76917041061401
2478709 45.05792194032864
2479481 63.33106522055448
2480667 295.6532952884747
2481914 291.7592480085246
2483099 295.35109443675117
2484309 293.5623257462597
2485521 293.77692029011223
2485753 -57.24303197253618
2486982 291.9029298429769
2488215 291.8355646314406
2489408 293.2918527695305
2490631 291.399531136669
2491841 294.7794243865218
2493027 295.0236688248226
2494244 292.5478509226501
2494948 21.765216899729225
2495988 138.41932835766357
2497190 293.75493375095914
2497795 15.709796525401003
2499012 293.3471988486275
2499866 70.71253234662493
2501023 295.38523905276213
2502216 293.9292941497452
2503421 293.81542255307437
2504617 293.700465981183
2505840 292.15197140483446
2506836 131.06236244014693
2508046 293.263947448847
2509289 290.5641623343013
2510445 296.5716394820464
2511702 291.18164318215327
2512898 293.36285480782084
2514083 293.3804665308217
2515299 293.4430909423794
2516004 35.646645213988506
2517186 294.7510166377842
2518384 294.45688961663825
2519602 292.396710834908
2520784 294.28732523761306
2521994 292.78222630586555
2523170 295.25295685571626
2523504 -39.552962597019366
2524710 293.1499822476043
2525575 93.03406956979228
2526725 296.4320262362051
2527915 293.22441403426836
2529162 290.88986335390206
2530358 293.8250979621015
2531525 295.3600929416312
2531785 -56.44216184586969
2532995 292.4711372771665
2534209 290.9829778929567
2534814 14.12471423865729
2535614 85.33903534692041
2536818 293.41216132358005
2538044 290.9870138310974
2539171 164.89728430115883
2540359 293.39295938409856
2541614 291.26442609535104
2542557 113.83892659827873
2542721 -91.46324682183501
2543915 294.11070315489593
2545113 293.7389332393602
2546320 293.1241317923609
2547503 294.33818153465916
2548688 294.4581559319323
2549853 295.07622052142784
2551039 293.6157801504514
2552217 295.2400778004692
2553426 293.33432427788193
2554649 292.9629765728487
2555872 292.34411243156893
2557090 292.8421725691543
2558262 294.0096052768814
2559435 295.0725858355258
2560624 294.07044395880365
2561809 294.7936244763859
2562976 295.5645853706586
2563120 -89.28464509958339
2564321 292.87873815068104
2564431 -118.39920088176056
2565652 292.1255460929457
2566852 293.6582759178759
2568049 293.7728133421297
2568162 -98.51385475806643
2568731 14.403191164359427
2569919 294.05428478031763
2571114 294.1455229373593
2572259 296.864022574823
2573215 101.2570325081563
2574074 69.25598692039566
2575275 293.0820299402171
2576453 294.57568027995654
2576714 -73.68112354741615
2577893 295.3525117813426
2578593 25.443151365069895
2579760 295.01096210442313
2580957 293.5925515775294
2582144 294.90543021091946
2582872 56.923000916543685
2584082 292.8370626552163
2584883 54.654027813148474
2586103 292.5292633682476
2587279 294.9115983861103
2588454 296.30235853494827
2589666 292.8320323158103
2590827 295.84389276448803
2592012 294.796177322624
2593195 295.1832616062909
2594402 291.0784654524998
2595578 293.67686098793234
2596733 296.12847232491964
2597914 294.55151582042424
2599098 294.20088502531877
2599583 10.283254882049974
2600781 294.3555350747812
2601960 294.62425578976695
2603109 297.3601625701981
2604307 294.3232480702721
2605047 71.1585433002268
2606244 294.827550777986
2607436 293.7490499457954
2608612 295.25400993910125
2609792 295.0442078986422
2610990 294.27311805649344
2612157 296.23659675580194
2613339 293.9092618146643
2614527 295.14062635358533
2614736 -92.36225943975958
2615895 296.35984321178717
2617100 292.65671333837145
2618301 292.0901336630062
2619013 38.65775281929248
2620161 296.51502972377415
2621233 145.2549039594604
2621678 -5.775165212170535
2622184 -0.689519737005142
2623345 295.75667957378846
2624492 297.1287886814255
2625684 294.2368398072812
2626855 295.3601162470689
2628018 295.3764747835502
2628995 112.60859895760953
2629254 -62.731776410908125
2630422 295.0116105412422
2631605 295.6345023106669
2632764 294.636624058133
2633937 295.1429489050798
2635122 294.2025613699347
2636282 296.6792837672131
2637422 296.49930473519163
2638568 295.9293067418149
2639712 296.0938017802303
2640900 294.06752007993407
2641504 36.52672224556096
2642667 295.4902555905132
2643851 293.78331240794006
2645016 293.5166705779566
2646170 296.07274382416625
2646326 -104.59276311698866
2647472 297.6315006671916
2648636 294.981356817166
2649799 295.9382520278034
2650973 294.7666417516633
2652137 295.1412533428528
2653285 295.9174192025538
2654255 122.36783876957696
2655442 294.00447490560117
2656615 294.0765942354127
2657678 146.1327542104195
2658683 141.05142389117893
2659861 293.9472901950291
2660486 49.54819102868862
2661622 296.8458333231636
2662780 295.6244163274835
2663931 295.9796519809914
2665080 295.61033918122996
2666260 294.27704242370345
2667444 293.19173168249944
2668601 295.80213732799007
2669754 296.1594248998722
2670909 296.6797625155757
2672096 294.7935249287626
2672542 -3.3242240169974053
2673053 -1.8582033230077997
2674207 295.2510208012522
2674298 -105.17758198242137
2675460 295.6521948925107
2676646 293.4215213391246
2677819 294.15135205117747
2678984 293.41863196601247
2680180 294.0945029892371
2681350 294.5354872091544
2682560 292.5513222771327
2682686 -92.23638233245413
2683037 -58.95898438557426
2684191 296.1757224484482
2685341 295.3784859054103
2686530 294.0304318577265
2687702 295.2203914719409
2688161 -5.613098387725131
2689330 294.66268322927453
2690456 297.24291727160096
2691236 83.31746491377183
2691529 -42.26390326743882
2691657 -86.69228140448965
2692829 294.1255206107926
2693982 295.3829003905964
2695155 294.9801177256961
2696350 293.6887010919395
2697376 132.76059937770674
2698549 172.3664799227597
2699708 295.45685143266417
2700874 295.93118101463335
2700973 -96.55724869982588
2702138 295.05738802701717
2703335 293.55217621092766
2704512 294.49968324674194
2705673 296.2375701128495
2706569 99.33730683146422
2707163 42.87360351331682
2708304 296.9399423819702
2709467 296.84700951017936
2710673 294.4250660308532
2711818 296.1569411339418
2712978 295.9108800186145
2713305 -52.48050806471879
2714468 295.506651251192
2715617 296.26851129066864
2716752 297.1257838257398
2716997 -52.97821968133812
2718143 297.37325643535814
2719330 294.02791131490005
2720476 296.5356010308909
2721611 296.83763625145315
2722411 63.715380687028215
2722574 -112.29340535136716
2723728 296.4013384134987
2724879 295.8330172835193
2725318 -39.112554515746744
2726463 296.5705449896511
2727632 295.6463820098679
2728757 297.90832842148245
2729916 295.84391433275846
2731037 298.4272776006022
2732145 298.52382830046236
2733299 295.8849338827478
2734457 295.9933857851544
2735612 296.061124490223
2735762 -99.21031487600443
2736909 295.7417444744063
2738039 297.7200263386873
2738725 54.414924435749896
2738849 -92.92028888715338
2739990 296.9890879117544
2741127 297.82265065970915
2742300 294.00059321318145
2742817 11.103131266765573
2743996 294.79194698931815
2745155 296.2649701530478
2746294 296.2240302090044
2747471 295.14169420902977
2748628 296.69998169245855
2749786 297.5725040485327
2750762 100.43434668997901
2751891 298.3193584633049
2753033 297.4328961812341
2754180 297.0563735600994
2755069 99.41377795790663
2756224 296.68357082777186
2757360 297.7925782574521
2758532 295.8872243270662
2759681 297.31236063662203
2760846 295.935016455365
2762026 294.706087023635
2763180 297.30260069344075
2764324 297.32978348514655
2764414 -111.88662784475896
2765594 294.8225464583068
2766771 295.139133339064
2767928 295.9250106465521
2769083 295.65522346159565
2770154 163.74444205351597
2770235 -103.11348854719103
2771091 65.09164336026319
2771659 2.0578643477130214
2772846 294.90104324205595
2773033 -110.41283680190581
2773121 -111.44677673999158
2773402 -57.86892733538403
2773533 -108.18355240655256
2774526 119.98664420659944
2774619 -105.58427321192684
2775811 294.99020214923013
2776948 296.6422452615622
2778085 297.35704632483373
2778158 -101.11742358936928
2779324 294.23510340380915
2779884 35.14756005028144
2781041 296.9434834568383
2781159 -95.47232219566654
2782360 294.349978954112
2783151 75.08652768373912
2783483 -39.11729700806363
2784582 182.11890288544828
2784881 -41.831767601599275
2786024 297.08941348551474
2787196 295.5977406747951
2788401 293.4918642136658
2789571 294.60174824241756
2790728 296.039086740612
2791883 296.08258760356085
2792505 54.0821327530642
2793648 296.8089134915728
2794841 294.86442279679466
2796013 293.5088537943037
2797221 292.8468258052569
2798442 292.69612759378265
2799633 294.958693794586
2800777 296.5773110892275
2801070 -53.64932909243026
2802230 295.0247368266662
2803356 297.5119857193736
2804500 297.35523021078296
2804993 3.814458393083882
2806159 295.71072539311285
2807335 295.1043486182037
2808482 294.31803014463713
2809670 294.00484923274297
2810799 298.0657837976025
2811497 56.84165770821423
2812683 295.0593581039649
2813829 297.1817552348346
2814991 295.3273447860952
2816137 296.8181912230885
2817314 294.48792124799553
2818490 294.6346028753165
2818852 -34.757389199002944
2820041 295.94391076156296
2821202 295.13088669143417
2822369 295.54350173951235
2823525 296.16432372418757
2824718 290.700599233828
2825325 39.63916940774337
2825745 -2.6701353506879997
2826932 295.09712253832834
2828141 179.66209458506154
2829295 296.95528082582786
2830463 295.99786725238425
2831603 297.8036356889458
2832756 294.64610882905794
2833887 296.3724867144064
2834996 297.91604840728945
2836156 295.9533825100191
2836476 -80.06504704590765
2837614 296.7653049027019
2837786 -86.68964233748801
2838956 296.1917355773742
2840081 297.9808820453466
2840709 37.611518776937004
2841843 297.5363883613518
2842978 296.42750208915936
2844143 296.92310553257323
2845281 299.04089179518854
2846410 297.55778727638915
2847570 295.9164862484188
2848763 294.4136605279708
2849918 296.0342032134428
2851033 298.5658798753505
2852179 296.00743735628475
2853313 297.842792300189
2854454 296.7653143748311
2855173 63.976576239021625
2856371 293.56630191466206
2857493 298.5929510312904
2858645 297.12267601260675
2859814 295.78484965166626
2860718 126.56193208326212
2861864 297.7775166103151
2863014 297.4257039808347
2864153 298.5191423546517
2865238 173.11335067798558
2866470 291.87278810883726
2867592 297.9521001698043
2868746 296.5423413782937
2869875 296.6537934745602
2871025 297.4980120717225
2872190 295.2230393919073
2873368 295.5964601572902
2874498 297.83353197051844
2875242 54.205130918916296
2876382 296.3508672160359
2877561 294.9782912641361
2878711 297.26804214455154
2879933 293.63235524640294
2881134 292.72745227349463
2882301 295.8689645609979
2883490 294.7979573215557
2884626 298.58545908722687
2885801 296.04469242657024
2886937 298.5206315406846
2888085 297.1288062935231
2889244 296.81087777280015
2890408 296.2460099449863
2891543 298.85384462877664
2892702 297.58795352839877
2893821 299.6884889167226
2894822 136.86174988564179
2895917 300.0234609772465
2897090 295.81209145650047
2898194 299.3535521355596
2899361 296.54209551090514
2900458 300.3362732991766
2901570 298.8523632938053
2902736 296.1042507729382
2903891 295.9570720389928
2905014 298.99664981943994
2906180 295.0064420674333
2907328 296.3267792173423
2908447 298.4681807854566
2909584 297.10706768470817
2910749 296.91617583401813
2911858 299.88748633983516
2912066 -73.11556354994079
2913188 299.0061253715731
2914319 297.31063200438416
2915471 296.8198907419712
2916597 299.06068078019655
2917722 297.06762416827
2918843 299.10652397685595
2919956 299.8918567485722
2921112 297.25394955502463
2922230 297.2327563265545
2923390 179.843520061716
2924514 299.0799659194612
2925681 296.3541202384026
2926822 298.1047591579955
2927973 296.358880801703
2929109 299.84043145560446
2930258 180.19549665262673
2931393 297.73582883240954
2932503 298.6235988732218
2933657 296.789433971455
2933946 -55.41875702238264
2935081 298.39588634844216
2935694 21.443544437396056
2936840 297.53889570851044
2937957 297.9872992909296
2939079 297.5953779955119
2940197 299.9473708023424
2941084 101.21360874874594
2942181 301.121025885595
2942441 -79.17146070851199
2943622 296.0512642219616
2944756 298.3156061888064
2945917 297.47048849627805
2947031 298.59525318741555
2948187 296.73016293661345
2949307 298.8777790313552
2949836 2.4217115316638456
2950968 298.84421884102517
2952103 297.22283445213975
2952934 94.51817166558587
2954014 180.58402518674416
2955158 297.5314000067916
2956247 300.7440062811568
2957360 300.107902221803
2958463 299.9645805994675
2959602 297.9248431904931
2960758 297.72849987205234
2961130 -33.69613745029177
2962223 301.8311758808749
2963345 299.6467130962243
2964512 296.3853091890841
2965655 297.99017808794224
2966797 298.37435246345456
2967966 295.7269590692453
2969096 298.55990557300225
2970206 300.5271332868949
2971307 299.9903912028397
2971715 -65.46694403191162
2972460 56.31756176110551
2973118 57.58005612195831
2974215 300.4561424472129
2975331 299.4822163695207
2976487 298.155057612238
2977630 297.50255875274877
2978727 301.24740791691045
2979288 7.822641755338381
2980367 125.85484570073896
2980706 -39.66683912482234
2981880 295.6848894498847
2983027 297.5314445551235
2984172 297.0567892260945
2985318 297.4908341905924
2986475 298.19355389604397
2987610 299.1606536336465
2988609 150.0907378942117
2989714 300.88517025439876
2990817 300.46077985526705
2991082 -92.46858049492224
2992213 299.05651372524153
2993307 181.66068331105078
2994454 298.67918528544186
2995568 299.20206580380034
2996382 81.37926595735698
2997296 80.22525588991982
2998385 301.11048417213794
2999506 300.04170397804313
2999882 -28.795298001495482
3000967 300.34386455092607
3002136 296.80466424986594
