# reward.txt contains number of transitions:cumulative reward
1600 -110.09884546820844
1658 -114.96766057910335
1723 -116.72481224881773
2412 -161.3885117337403
2519 -116.05997108588042
2616 -122.81620394168414
4216 -120.10453365839702
5816 -115.55719479110476
5964 -128.38559437758198
6028 -107.39400636322486
6103 -115.24661972052418
6185 -103.36918101460984
6246 -116.04099350392633
6420 -127.57303725132621
6472 -103.64936259338073
6568 -120.05734413184443
6667 -124.05090010553754
6740 -100.51837821300079
8340 -111.19566246401489
9940 -111.4190817480524
9994 -110.09193523521783
10059 -121.34720388327291
10101 -109.46315930304738
10174 -106.96662757334082
11774 -129.33151780820916
13374 -117.18063035369484
13423 -113.36795398339692
15023 -130.63408758694814
16623 -105.63481484815455
16706 -108.57753478484291
18306 -128.31024401981367
19906 -100.6087606864125
21506 -98.19971733226055
21616 -113.98361725411378
22712 -194.93075134820012
22755 -111.6857351646529
24355 -117.3834268330764
24442 -103.89260436205566
26042 -83.3163403376924
27642 -85.32727878598257
27700 -103.9755477325376
27742 -114.11492760619707
27799 -106.81083171738405
27889 -102.7936411395787
28009 -118.9113425508694
28092 -109.59686581848935
28155 -101.59496019017448
28215 -102.01009132917163
29815 -119.98006974165607
31415 -105.35329563714772
31470 -110.43740247084635
31540 -101.11904751660488
31612 -125.23222239314642
31664 -107.2857295295652
33264 -115.63005425821699
34864 -128.3468616568966
36464 -105.35253140664699
38064 -109.05486062258501
38119 -106.72009932545014
38236 -123.38037995308623
39836 -104.59303354951331
39896 -118.1064549214753
39950 -117.09030784973564
41550 -114.09045121121929
41615 -118.42473394441791
41668 -115.14032834604103
41728 -114.23257546883636
43328 -103.96929096970463
44928 -96.22600402059547
46528 -114.49460359034472
46657 -113.4973526319253
46732 -106.4665864394301
48332 -103.67783216805739
48388 -116.80335617662314
49988 -110.75314654764394
51588 -110.8104280751922
53188 -107.13875436206493
54788 -100.64866923369436
56388 -94.32919589572855
57988 -103.66188732602075
59588 -93.46924671781277
59639 -109.97254007634831
59781 -108.01580055962503
61381 -96.8768287571137
61522 -117.50117163873651
63122 -88.31531153283116
64722 -87.93389179551289
66322 -98.54260119825469
66389 -103.27880547113655
67989 -89.6338978004128
69589 -101.8848457353534
69646 -110.80954484329807
69724 -110.28369978047286
69779 -110.74764958514459
71379 -87.98851499792615
72979 -89.25166008031002
74579 -82.35725133232812
76179 -89.62069180531769
77779 -82.84386507600468
79379 -92.1807001653473
80979 -86.41207440463762
81040 -115.95427203674863
82640 -80.56043933158118
84240 -85.94102810234355
85840 -87.16921057925177
87440 -87.51120560285459
89040 -99.72717163047035
89097 -114.65587516794726
90697 -86.97091448504543
92297 -88.20613891935645
93897 -82.71401503442206
95497 -84.12489275982414
97097 -83.77328627522245
97152 -115.70195167557274
97218 -107.22471573999462
98818 -78.91708042795912
100418 -85.99266829902929
100493 -109.93629520494243
102093 -75.81151630985869
103693 -81.15790638839317
105293 -88.1576280649122
105363 -115.09957546882704
106963 -88.65442070625986
108563 -84.74956864220016
108614 -108.8394626800632
110214 -82.52626711000721
111814 -79.52874132084538
113414 -82.45961842738943
115014 -91.06908550030114
116614 -79.22269591381581
118214 -83.94426705793475
119814 -80.8668804278002
121414 -80.38574116789911
123014 -74.52257354382544
124614 -81.4939698969423
126214 -79.20610448795938
126317 -119.07630520690357
126420 -108.83258588039315
128020 -70.54134929343435
128086 -121.2069489794535
129686 -77.61073680023219
131286 -82.36033889190865
132886 -85.58275210114954
132958 -115.23902741875314
134558 -80.20516336339699
136158 -78.35771962145894
137758 -88.90097750885167
139358 -77.98415435444468
140958 -81.7220939830615
141024 -114.75947936811237
141107 -109.99373935751555
141209 -107.02011700633106
142809 -73.49775251744504
144409 -78.80596124448874
146009 -77.68239898362371
147609 -75.08287053296085
147784 -114.49680240420314
149384 -77.7028647973663
150984 -83.47360509553587
152584 -77.89725006097864
154184 -79.72536096939268
155784 -75.09905487313347
155820 -109.48704172111117
157420 -78.40733757563629
159020 -84.36061993173814
160620 -85.50322717142825
162220 -77.48345172278277
163820 -77.60186018619011
165420 -71.07821095531371
167020 -70.9023828690307
168620 -68.4071193119095
170220 -80.71452402128018
171820 -68.80805914280008
171915 -117.40542872779506
173515 -72.75621732843136
175115 -70.48693561715635
176715 -68.512941749473
178315 -75.12792121783833
179915 -76.8435710863683
181515 -63.13944721340388
183115 -68.14814672881772
184715 -67.22718159573776
186315 -70.93567850396518
187915 -71.5771555707053
188003 -114.6701656523794
189603 -73.34843008971565
189664 -112.21486172850368
191264 -67.0226282054454
192864 -70.04019555333595
194464 -64.26411632002278
194529 -109.29988584968137
194642 -122.28817178486722
196242 -74.31464797134814
197842 -67.17552079347148
197881 -107.17065090334229
199481 -64.92035456051612
201081 -65.13311325751955
202681 -66.87389061128212
202802 -103.89433394979251
202852 -108.83132811026834
204452 -67.20370224195652
206052 -65.04187444420623
206142 -105.74026961129717
207742 -63.481945817103856
209342 -71.54766217406839
210942 -60.44810069999001
212542 -64.53564671796748
214142 -67.70784056732742
215742 -64.9824362292712
215785 -107.36565800193077
215912 -111.09805817960762
215975 -112.07176220348043
216049 -112.63710584300384
217649 -70.31415255717685
219249 -68.99982286917704
220849 -68.10241732620597
222449 -69.19866955858963
224049 -66.51612865841027
225649 -62.55783510888117
225731 -116.2317546144252
225797 -104.10579786679273
227397 -63.591690992377295
228997 -69.68703586031778
230597 -62.74603909664076
232197 -58.305770959997105
233797 -61.87002146856626
235397 -59.80639086041789
236997 -64.97315910501163
238597 -59.993546401906436
240197 -59.82821501046053
241797 -63.80628381545407
243397 -50.76516347721634
243485 -111.43649477956197
245085 -63.350570953991316
246685 -59.79700936954505
248285 -52.27458992057925
249885 -56.97609594493267
251485 -59.94316349847258
251587 -119.48640975611347
253187 -59.975005604657895
253270 -102.21658648175932
254870 -60.77797773524635
254933 -115.5043690435905
256533 -57.311408899105366
258133 -57.642459267410885
259733 -58.77169169946015
261333 -65.41936137590467
262933 -56.5671087665765
264533 -62.058294788016845
266133 -59.06512306775273
267733 -69.07124986587108
269333 -61.61125695085904
270933 -56.209081346116534
272533 -58.445600797033
274133 -57.44049504545641
275733 -53.2545938508757
277333 -51.74777874208691
278933 -49.93150412783587
280533 -56.85635594286413
282133 -59.07753748306379
283733 -57.634723799833985
285333 -51.85738307184674
286933 -59.94036304727193
288533 -51.29415285865173
290133 -56.02220682659886
291733 -57.49187077114456
293333 -61.94597916772328
293427 -109.61394058429512
295027 -49.108569234273645
296627 -52.102897222131084
298227 -48.7549546126074
298303 -121.31003378455341
299903 -60.00686496836188
301503 -58.296227865902715
303103 -57.357711818006834
304703 -52.506209476413794
306303 -51.85916058887518
306359 -114.26479972519509
307959 -47.24100694078835
309559 -58.923551166118706
311159 -53.17288637451563
312759 -51.80732110067593
312816 -108.62829374974098
314416 -54.27149783617103
316016 -54.989136995561516
317616 -49.10131211889959
319216 -53.24482811491486
320816 -53.042131432521906
322416 -52.9513407323397
324016 -48.74110311431747
324080 -114.96260622352052
324156 -111.73523611125847
325756 -47.05680466497878
327356 -55.60737805767142
328956 -49.1835761117379
330556 -45.758313546511225
332156 -53.41329301467477
333756 -51.97632631396032
335356 -46.359147402093214
336956 -44.55668612117449
338556 -52.04366825336713
340156 -50.347509131229195
340268 -100.12470795720132
341868 -51.30400237273372
343468 -53.886591794950945
345068 -56.03187303793221
346668 -54.480486819809265
348268 -47.546904663255745
348378 -99.96853564052967
349978 -54.07448933976042
351578 -39.40249152670431
353178 -42.323547879055845
353243 -109.91190993041482
353317 -109.19354424416088
354917 -47.98161707300986
356517 -44.113107805174664
356725 -97.58501989525992
356806 -103.33720813923516
358406 -60.95633984025501
360006 -51.719525116917815
360139 -101.97978291180668
360224 -104.42528437877758
361824 -40.329522416525066
363424 -42.77714264293556
365024 -50.202305338249914
365222 -101.78453538235091
366822 -49.762101317526216
368422 -52.55029731331201
368706 -105.19599503354914
370306 -49.10334459966486
371906 -45.66573705905434
373506 -41.26968174431288
375106 -47.099950879309866
376706 -45.88690856165418
376828 -104.04191321917003
376953 -106.35747406378327
377008 -107.56937835736014
377066 -108.47993191226634
378666 -41.94645990205742
380266 -42.34515171808434
381866 -50.42753257392532
383466 -42.992740309482244
385066 -44.49235535812288
386666 -53.22490038188615
388266 -47.17228520152347
389866 -43.31210767792236
391466 -47.43632489296203
393066 -43.58628856683359
394666 -49.601881852821236
396266 -43.86906300520146
397866 -44.80496164608496
397929 -111.01802728620358
399529 -51.16414529345471
401129 -45.5046649013576
402729 -55.563890523447675
404329 -43.06930725635301
405929 -48.19353945829505
407529 -39.94409652150748
407617 -98.99743263478018
409217 -45.25134867213168
410817 -47.48588796062793
412417 -43.595550223478
414017 -46.274829491953625
415617 -46.76392927585302
417217 -43.91830370323388
418817 -47.510872251951106
420417 -44.54274255774728
422017 -41.334834259480054
423617 -41.74791605277482
425217 -38.21357733593379
426817 -44.03301456603709
428417 -39.46879945482287
430017 -40.66837930641022
431617 -31.179432163456152
431683 -112.28238672339606
433283 -33.012369694894154
434883 -35.28064469044723
436483 -33.16171816060131
438083 -36.59525502138273
439683 -45.932000701389285
439823 -121.89797918290334
441423 -40.80848760756075
441523 -111.83920891459597
443123 -45.30215048413441
444723 -31.345287405586475
446323 -38.56835622715116
447923 -34.61231428662279
449523 -38.907650977495294
449697 -100.71080612007032
449852 -106.93567497289057
451452 -38.52159521068925
453052 -39.55486196216137
454652 -36.02095008730822
456252 -40.36751708320724
457852 -35.57199393428555
459452 -35.44502799570054
461052 -25.805945296888662
462652 -29.025342754155684
464252 -35.499437010962765
465852 -35.0116520017901
467452 -35.93594510190717
469052 -43.61870748562917
470652 -33.683996987738574
472252 -39.2985534118517
473852 -31.482432622180593
475452 -32.98818498844569
477052 -27.73937630545814
478652 -38.01021100597625
480252 -37.01183267628121
481852 -33.88616431880406
483452 -36.81974885257691
485052 -34.036451066441195
486652 -34.70561253956025
488252 -33.008371346057096
489852 -34.04976472982
490049 -99.44624376930048
491649 -25.721367310819225
493249 -34.744238893995835
494849 -34.67005200203337
496449 -30.81786578044482
498049 -34.12680525517124
498209 -99.79342138634497
499809 -31.92145856266673
501409 -27.20143016798519
503009 -32.07336773792542
504609 -26.824472222535885
506209 -24.59851706775957
507809 -28.234396985088768
509409 -26.490276512434573
511009 -28.56054122164225
512609 -21.735216095888113
512698 -108.75867340322584
514298 -20.678989205996807
514379 -118.95587764785377
515979 -30.009693624879237
517579 -25.095987531384463
519179 -22.998759223786795
520779 -27.594880912287486
522379 -16.994497509694686
523979 -25.650345369194916
524048 -108.9674089493379
525648 -28.172842049459135
527248 -32.67487484332529
528848 -32.3766939444129
530448 -20.894150055010517
532048 -27.350569794524738
533648 -25.358284331883734
535248 -29.23864616215861
536848 -25.762097081446377
538448 -21.117540004167786
540048 -24.758943185783718
541648 -21.324713766489182
543248 -22.958408088405157
544848 -11.985463133855083
546448 -24.723259822031498
548048 -18.79654067740713
549609 -117.52784287649719
551209 -20.694103028480452
552809 -13.463850268084084
554409 -24.7057863117568
556009 -25.739144251028033
557609 -13.266551943692216
559209 -17.279980202173817
560809 -13.55137911827691
562103 -107.74521453037298
562491 -94.10322870824797
562596 -99.38252260079359
562768 -95.35721199277043
563464 -103.87950296311018
563579 -104.77962546787225
563670 -116.18603603673603
563731 -106.38334666074812
565331 -28.056536956336966
566931 -22.667558307631886
568531 -27.554174742437578
570131 -17.117066879352112
571731 -11.920537144201182
573331 -16.72633765736966
574931 -3.1822911322567
576531 -18.11823735811031
578131 -17.955234390127785
579731 -18.279454222480176
581331 -16.62855674858767
581407 -118.68535562115721
583007 -3.9559350770823682
584607 -7.7186955449121575
586207 -11.290942669520774
587049 -103.92988236017246
588649 -19.116924300594214
590249 -12.628491248196001
591849 -15.311072890308049
593449 1.8670881475477226
594321 -96.13387432252297
595921 -3.850239659920016
597521 -7.795784173775922
599121 -1.6817135868982052
600721 -11.072919222107775
602321 4.736234434832277
603921 -3.3460661840181127
605521 1.4452188041126384
607121 9.065431570805286
608721 4.833473709301724
610321 5.696036634986596
611921 -0.9351162771888439
613521 -0.4677180806072454
615121 2.8067958380045974
616721 11.235208417334757
618321 16.086147837820814
619921 17.52851082154548
621521 14.284422427025323
623121 15.604787022648665
624721 16.35218326275049
626321 22.69284565319465
627921 30.968416814793528
629521 37.80001726065919
631121 4.5737826723773285
632721 10.303435253575147
634321 47.03154384586843
635921 20.692697482644665
636016 -101.14576564861493
637616 32.684944802025356
639216 29.207638638673576
639296 -104.85296936023607
639354 -104.97792056875676
640954 59.97368533484932
642554 34.40751878411354
644154 30.597881868224867
644230 -104.68871434474147
645830 42.26526382783613
647430 29.622808898936196
649030 21.234482067917476
649136 -105.0241276613567
649204 -104.46513083654519
650804 37.39845501202039
652404 28.81367461656158
654004 31.62268624783175
655604 55.97384988896241
657204 14.633747132670788
658804 44.64649841246285
660404 47.87902020220061
660461 -113.39842411530701
662061 37.57220341454811
663661 37.44698300217815
663783 -111.36224887817167
665383 62.225390779964016
666983 34.62498624304956
668583 45.88362280565244
668679 -116.42259226409222
670279 39.293908446176005
670498 -93.16969609361328
672098 45.107999381691535
672187 -118.54023000025252
673787 38.296515930639025
675387 42.46265813722676
676987 56.34795015150637
678587 16.331222257922068
680187 34.036843547529365
681787 53.752485978598784
683387 29.960705297828966
684987 56.791177169555475
686587 47.20684260770491
688187 32.04097184925743
689787 74.14800383778633
691387 50.815196466565084
692987 50.49405672773035
693141 -110.36457681429573
694741 45.78945828190478
696341 59.22676229831731
697941 55.64656843789267
698023 -95.12282413461804
698194 -106.35786556732157
699794 30.862816911605453
699876 -107.09180066690035
701476 65.95450292390655
701573 -106.5811420393226
701707 -95.75853423176643
703307 59.23197136538913
704907 81.18940927347106
706507 69.1408982111204
708107 53.46322241451215
709707 56.364211442005974
711307 53.62862521199199
712907 55.17620593676187
714507 59.21350151863631
714629 -107.93294057398538
716229 67.53369761112539
717829 58.47341610776464
719429 48.94402519928414
721029 52.88000124305234
722629 53.713943483650475
724229 31.812335822464643
725829 59.745889725319145
727429 31.35559487653774
729029 62.093090319979595
729160 -103.60743798194267
730760 66.39071759925471
732360 76.02826171962424
733471 -68.0513204070851
735071 72.55471311790103
736671 58.564575737745514
738271 67.77693655767932
738355 -104.5777619605468
739955 87.28580587344064
741555 83.59735286138843
743155 88.7692213452969
744755 62.887094044799966
746355 104.11236740400014
747955 102.0681142945738
748029 -104.17926661078135
749629 77.0573028506274
751229 61.419795739929995
752829 94.10631204365573
752890 -110.07083995226026
752928 -109.09204024441851
754528 85.01753216918507
756128 38.85870040335924
757728 53.64807212476049
759328 53.18710170904874
759602 -87.01807517553183
761202 76.75584569897589
762802 63.31898241321957
764402 96.33817556599723
766002 123.09546533053711
767602 93.9249149661652
769202 61.34428270767809
770802 103.9613496420557
772402 94.84446487382192
774002 94.54165233696303
775602 120.08841296668813
775714 -109.77715246548007
777314 91.15771069131165
778914 100.13192953267239
779044 -113.6733359073773
780644 124.75004316736823
782244 111.54624855515027
783844 102.03759381847702
785444 83.94291424809498
787044 128.54496034631063
787111 -107.81141992899713
788711 109.63863824032761
790311 128.22173494208565
791911 118.74700001891576
791982 -103.87559305295349
792067 -107.06013334772673
792135 -104.9293214235815
793735 131.82874196554883
793855 -97.50997849216499
793964 -102.38682251861567
795564 114.66732144318132
797164 128.50645604805928
798764 121.87135449025486
798841 -104.18045696789834
800441 130.21469903509285
802041 117.57367151279213
802602 -80.54562538058651
804202 115.26705604354014
805802 136.6109315411065
807402 95.899031438054
809002 148.95555171171608
810602 137.74701778898134
810698 -113.29108062122327
812298 149.248317817375
813898 118.9889704655613
815498 149.80483643280198
817098 103.41384351325401
818698 116.403032329763
820298 111.8175002024384
821898 124.03366332176458
823498 123.83720818438715
825098 87.67922437672394
826698 140.71055999220326
828298 162.3571286567442
829898 140.27220684118686
830805 -45.551486376861746
832405 138.34035782376685
834005 145.2006257128476
835605 150.65520285755323
837205 134.97033634742135
838674 41.956641814303765
840274 164.04754001705777
841874 132.7249364212828
843474 135.67779480606953
843635 -96.65543302913444
843737 -104.82776445187876
844357 -58.20078698597788
844421 -107.54109375049237
846021 159.56246563427106
847621 151.5439308145092
848769 -9.721535002482511
850369 140.60096313953622
850438 -104.08195141202957
852038 142.19780415206364
852144 -106.34704389746364
852221 -104.33054921597056
852286 -105.42043321911929
853886 141.40857595297638
855486 164.7989985619393
855559 -104.28779032353498
857159 129.32293762256484
858759 120.42441140223225
860359 171.34794427962208
860470 -99.94265400586897
860600 -96.39280120967142
861957 15.309314712808117
863557 136.32410986479076
865157 124.18446268573916
866757 152.89807059500436
868357 135.9399635134998
869957 111.14412499792127
871557 136.07418069314207
873157 130.43510047613634
873273 -117.5817715850876
874388 -7.911935043378691
875988 142.25760119362604
877588 135.08855225438998
877949 -82.09943550789069
879549 143.9053725438872
881149 151.0737043368169
881328 -94.99338617342337
882928 121.86975240834991
884528 124.9647806286676
886128 143.87864094319275
887728 141.91233222043442
888948 -17.41247800718287
890548 117.83624762440301
892148 142.6205641368054
893748 162.70160704204977
895348 115.4858102338742
895475 -104.72157265531582
897075 156.35654342810457
898675 131.90159593146672
900275 145.5687086444428
901875 136.21124907968994
903475 118.40876521667714
905075 128.52968514191528
906675 140.4184050808331
908275 163.7686608856192
909875 165.72321456569503
911475 139.40332064871203
913075 135.4964850399678
914675 177.7693584234516
916275 185.54415119796712
917875 154.0152376733839
919475 152.11761184826676
921075 168.05080107180493
922675 156.45227099092637
924275 159.48090028240065
924367 -104.3556306695373
925967 161.30123882801837
927567 147.94457820425234
929167 156.96962507729452
930767 137.02833908099262
931386 -54.33711455380737
932986 176.40062413260546
934586 174.1859860031229
936186 178.10630032424243
937659 63.42890365842112
939259 116.69715607170406
940859 140.53739824288505
942459 164.35451170267413
942577 -117.7540774328361
944057 51.691567865941096
945657 200.90649868963007
947257 173.50405710318682
948857 151.4283224439766
948925 -104.52146942069568
950525 187.96959413657066
952125 173.717663614586
953725 190.92908483485203
955325 192.52030084029042
955439 -95.83940674769691
957039 168.0859478236191
958639 191.6000296712267
958745 -99.94982523547547
960345 180.26032360561967
961945 149.98359956002793
963545 186.04161785086788
963630 -103.53382953898794
963745 -101.91295584011327
963859 -105.04823158794642
965459 148.36185898898535
967059 175.91958664818057
968659 185.67484574710113
970259 176.15961126026855
971859 148.03995296067225
973459 187.1335857147516
975059 155.50304334030463
975125 -108.61115230527955
975263 -98.98513176917223
975364 -105.28958959513841
975465 -101.13390906465675
977065 178.13617525956224
978665 166.09991161840097
980265 163.0519412135622
981865 170.8393791414586
983465 150.29110717875946
985065 157.77422902214238
985149 -105.58478836578566
986749 159.06544667415162
988349 156.55777986034545
988460 -97.68258333159424
989571 -6.325871908161446
991171 155.77834272622562
992771 111.48204681594314
994371 123.30756593792532
995971 167.7499847326479
997571 195.7000903695279
999171 167.2378395348036
1000771 140.55102960949043
1000823 -106.75222067990589
1002423 163.75619701345127
1002495 -103.50748334026957
1002611 -94.04698211560275
1004211 169.5840302257405
1005811 159.03401512410585
1007411 134.3407754938861
1009011 156.9658500949538
1009092 -104.0525417916843
1010692 184.143844570537
1012292 160.70799345123376
1013892 133.25355540229782
1015492 174.33557124472952
1017092 196.83399455962356
1018692 164.5373714296569
1020292 163.7361646929851
1020407 -117.75806340176706
1020566 -103.05788510185356
1020660 -104.09624465295487
1020756 -103.29518201411267
1022356 178.83653867843003
1023678 11.42289890790586
1025278 175.34890341000474
1025725 -77.05195010490405
1025850 -100.57914680242415
1027450 150.39086002783094
1029050 149.79020913291765
1030650 104.20839346457774
1032250 170.27586706016598
1032693 -93.88603709175067
1034293 143.15848477916245
1035893 169.5994370315381
1037493 165.32540704976242
1039093 175.8989454749495
1040693 168.65440474561436
1042293 140.37945292613986
1043893 178.58230393379466
1045493 171.24463630545938
1045603 -96.95437151100177
1047203 167.30076189674642
1048803 172.71098171624524
1050403 188.9279665230925
1052003 155.67842478152016
1052123 -105.5453313279214
1052244 -98.20264493483678
1052345 -99.07785445588516
1053945 180.92242779621972
1055545 164.50616057614772
1057145 181.79705828789415
1058745 173.09310335276922
1058822 -103.2821759140448
1060422 158.94379439953406
1062022 166.17533974080087
1063103 20.28628245950584
1063200 -110.10676529750477
1064800 165.99184068232762
1066400 154.53801087607778
1068000 187.20283200628324
1069600 165.15833389567993
1071200 162.5068158149642
1072800 160.3902084450599
1074400 143.68319410351867
1074505 -99.98387079668231
1076105 159.49435364308002
1076187 -103.56852148234285
1077787 170.91572534161884
1078685 -51.05468979784629
1080285 173.7925481015155
1080393 -102.20733123989154
1080506 -105.13205954420691
1082106 155.28374656786733
1083484 42.570602866406716
1085084 177.0167064642637
1086684 122.92042819167689
1088284 162.4225552694238
1088362 -103.21915186736982
1089962 200.9114866294639
1091562 173.0884094676124
1093162 163.83456419431317
1094762 191.046343154346
1096362 197.86944887870024
1097962 184.0759320298833
1099562 170.575768642744
1101162 165.5120216936668
1101251 -102.94646495866651
1102851 192.37192266102804
1102957 -103.25476601088357
1104557 167.09226361320708
1106157 150.84309406789666
1107757 168.79739160707388
1107895 -96.72477004088026
1109495 208.2660736318318
1109601 -103.89730476578697
1111201 172.84826645632035
1112801 185.7816909143471
1114401 168.37387136857086
1116001 139.68596706957567
1116108 -108.97072148495167
1117708 185.45005369524108
1119308 169.98673280038355
1120908 177.69905211768756
1121009 -103.53903420162388
1121105 -104.88944067109563
1122705 176.6402344838127
1124305 172.14281972524728
1124454 -95.88360535640456
1124571 -103.54662886636146
1126171 170.76901258246974
1127771 164.39364788785525
1129371 170.21423778865142
1129443 -107.61377164350016
1131043 139.6178820028586
1132643 174.5161926712174
1132712 -104.45681704511867
1134312 188.8064476827531
1135912 177.21922721249067
1137512 188.06425368186768
1137643 -105.05658092005334
1137832 -111.08597417216063
1139432 173.7744262192244
1141032 176.8585864846528
1142632 176.92037111224198
1144232 161.79983961246657
1145832 182.02896232164542
1145911 -103.24321369320838
1147511 155.6461336376383
1149111 162.35633211453805
1150711 163.37629763146333
1152311 165.39007728992073
1153911 173.84234312211294
1155511 147.25573248770968
1157111 186.57600347738932
1158711 166.06280582277668
1160311 180.09867689697376
1161911 192.31065540120454
1163511 205.48167379599562
1165111 176.9082191185558
1166711 173.66297439785342
1168311 166.79454354018196
1169911 191.24786520399937
1171511 172.274387994376
1173111 151.12250249422763
1174711 146.29038022044944
1175140 -89.6414572099472
1176740 177.52327528411982
1178340 178.17592172449994
1179940 183.53420296075006
1181540 183.66116932323072
1183140 193.31397349122884
1184740 160.9623798835938
1184841 -104.13775307115353
1186441 194.30462257287735
1188041 162.58765833887875
1189641 129.69413828585954
1189780 -99.35281913682633
1191380 183.25870701530184
1192980 186.633675870964
1194580 163.7431667447693
1194676 -103.92786838770533
1196276 175.7022756663743
1196358 -104.41387770612538
1197958 160.79969598695337
1199558 179.17411965177658
1201158 176.9396831286438
1201236 -101.70864129532129
1201324 -103.93672721026402
1202924 178.2239935487571
1204524 187.6869079594875
1206124 148.08706204458161
1207724 177.15988794951141
1209324 209.1181874259368
1210924 175.69764138673924
1212524 164.46135968865818
1214124 209.95866843159607
1214756 -31.47997349702439
1215731 3.867071710503211
1217331 146.54791880815816
1218931 211.67499369216574
1220531 173.98168286142948
1222131 208.20421984228435
1223731 213.61316796057136
1225331 206.25208010013813
1225450 -106.28423680988203
1227050 207.71745576751673
1227172 -107.45668103947212
1228772 209.1229445587855
1228867 -102.98304557448874
1230467 170.4880032467903
1230637 -106.68337021292001
1232237 216.93152059952538
1233837 210.5172810292727
1235437 188.58539503298334
1237037 167.68842908539142
1238637 175.6049637458035
1240237 182.16272636023598
1241837 170.89187600132453
1243437 187.22256127576682
1245037 196.16530275464132
1246637 186.53993921327822
1246714 -104.33381209709309
1246819 -101.10260348495282
1248419 191.67058094749783
1250019 188.6655872480357
1251619 167.5683509022104
1253219 168.14738753711808
1253292 -106.48929116379718
1254892 196.5974533447164
1256492 187.3979217740034
1258092 209.4658574791289
1259692 212.39347676129938
1259775 -104.21255895801572
1259864 -105.21880342006062
1261464 193.60184868370544
1263064 191.20684099426379
1263221 -117.82041496477588
1263395 -115.21662074750292
1264995 168.60226247130822
1266595 204.88686579137553
1268195 180.87924105160513
1269795 190.62049671902585
1271395 201.02570815249638
1271501 -101.64008053778282
1273101 189.19066879522074
1273206 -106.65865025451158
1274806 171.4582362346672
1276406 187.2909915731551
1278006 173.45246203728254
1279606 156.8508640051011
1281206 177.73129605566996
1282806 166.10138748533032
1284406 180.12724671704447
1284499 -103.66585601321918
1286099 200.50861929859167
1287699 197.74837409385418
1287803 -101.59616891415665
1287905 -97.37425493302135
1288051 -106.27594452354126
1289651 160.95602319792786
1291251 175.0381192360639
1291353 -117.31213673617629
1292953 177.2280178072065
1294553 150.46769800466654
1294634 -104.5042808278259
1294702 -104.26937008930247
1294940 -110.1811994786455
1296540 167.90964064538954
1298140 191.62939152274612
1299740 180.74395618422145
1301340 170.91752401410866
1302940 174.68636440360888
1304540 173.3060862649241
1306140 189.679966601011
1307740 192.72822650137235
1309340 171.021929744514
1309503 -106.79382562998309
1311103 156.6369095822433
1312703 219.68675435934261
1314303 164.22954833394323
1315903 194.11795327401433
1316020 -104.15173776284666
1317620 187.57191722783932
1319220 174.96380058115525
1320652 10.108757334398547
1320765 -105.05325437995046
1322365 185.4383672710632
1323965 168.195652415117
1324052 -104.58062350137035
1325652 174.29941840357014
1325768 -98.47710032588245
1327368 199.96900792195586
1328968 170.37206045818982
1330568 202.05508232276551
1332168 189.4414866270463
1333768 147.29249007579756
1333933 -123.25769197677266
1334010 -103.82411094867562
1335610 186.04612798791953
1337210 201.27644411737745
1338810 174.98224530278588
1340410 177.21709378889418
1342010 195.7593350421846
1343610 167.4550401307404
1343702 -103.64550215377287
1345302 207.83910521289224
1345360 -105.25968114057741
1346960 179.2257207590201
1348560 167.051019931549
1350160 182.68432199212097
1351760 191.5642797243115
1353360 173.60028412410165
1353440 -103.88735042971746
1355040 190.22787041039405
1356640 176.32988715541526
1358240 123.73281676205877
1359840 175.42580064471366
1361440 187.03450883173352
1361547 -103.35447028120235
1363147 179.61892712153468
1363243 -100.24655710015818
1364843 186.67083664419656
1366443 175.31679666796418
1368043 186.7924931207003
1369643 187.90709728234063
1371243 173.98952804645089
1372843 190.52793985611635
1374443 200.88054693707466
1376043 176.1554107470159
1376133 -108.06541993704934
1376226 -103.81171355254762
1376319 -103.6389345662954
1377919 226.10397834241542
1379519 156.6424989170571
1381119 125.41984244557555
1381210 -103.43385117912976
1382810 140.1155079865057
1382855 -108.57958967698366
1384455 158.78111013001114
1386055 152.65681102833196
1386208 -105.73752789200843
1387808 197.50438299788865
1389408 174.51917027832025
1391008 176.6752724845538
1392608 183.3884212512736
1394208 152.2488719004257
1395808 165.6645432240172
1397408 195.55487665872022
1399008 141.15986321090656
1399154 -105.19357485020285
1400754 142.6775233311922
1402354 184.9972733742207
1403954 183.80059874349286
1404040 -103.82349459820986
1405640 202.50809821401162
1407240 186.56681900073195
1408310 10.299961485771277
1409910 181.9134828999501
1410090 -107.87104047835122
1411690 179.63461629136486
1413290 188.54802073012223
1414890 186.28313834781443
1416490 153.30167701780786
1416609 -103.95819163141337
1418209 184.49581741494498
1419809 194.7501975341828
1421409 154.79063717705301
1423009 177.87119852464244
1424609 168.19543179963168
1426209 170.24670435657853
1427809 191.56033833450516
1427939 -98.84304550875848
1429539 190.0234562823146
1431139 184.85107392861116
1431225 -103.8470982784722
1431326 -104.58329994712025
1432926 150.31566113534373
1434526 168.14283103716755
1436126 183.0459085263096
1437726 184.9019610654852
1438341 -52.45204728312075
1439941 183.31625021040716
1440122 -114.19632590713586
1441722 186.13628032374038
1443322 189.1272411305615
1443456 -105.32189714260772
1445056 154.49266704799743
1446656 183.61325348793724
1446797 -117.98356007999429
1448397 173.59879743229536
1449997 172.1605510777271
1450081 -104.6358109300329
1451681 182.16943475956091
1453281 180.61947207096554
1454881 188.70450258761173
1454935 -104.28686268944635
1456535 212.71947477917033
1458135 177.6199722198236
1459735 163.35550068615296
1461335 189.01008439507407
1462935 204.64411385627452
1464535 181.17916663413044
1466135 179.6293681211002
1467735 146.47959092090315
1467833 -103.98046160920089
1469433 180.5563371858051
1471033 155.7034274727776
1472633 171.69673027320454
1474233 172.2191986115892
1475833 181.21602537090936
1477433 164.98493776356267
1479033 169.65258313915328
1480633 189.825828803841
1480707 -115.10573153478714
1480782 -103.44673346301293
1482382 193.91223450818035
1483982 196.98173677558034
1485582 185.25352565888818
1487182 186.28219309785345
1488782 177.5088790044533
1490382 175.6261666722281
1490493 -104.07696501087894
1492093 184.26572187881834
1492203 -104.58676175370688
1492292 -103.99348106182305
1493892 176.81031409665715
1495492 165.14461142309068
1497092 187.45787266008517
1498692 212.01063847053138
1500292 201.89827969606688
1500386 -103.7937667131666
1501986 165.83239732245056
1503586 202.47999288187216
1505186 196.47787766357678
1506786 138.6424202910695
1508386 190.68304780258077
1509986 185.41704738553565
1510079 -102.99653962999024
1510221 -104.80874451347069
1511821 174.99461591120527
1513421 184.51906159890456
1515021 193.8213326483493
1515122 -104.03007947861124
1515446 -93.40312992815984
1517046 190.15479592304052
1518646 187.14121679321207
1520246 158.12188763899576
1520423 -107.16293158922159
1522023 196.61737456853962
1523623 179.2559606885315
1525223 193.2793681653865
1526823 189.65177562384503
1528423 198.59928804392067
1530023 180.06263706642235
1531623 197.31460294901277
1533223 192.20525887073342
1534823 207.21591072398644
1536423 178.1679886339281
1538023 211.87437000505722
1539623 176.75888892746178
1540813 37.52874702269372
1542413 198.13123468252368
1544013 211.88982954893163
1545613 202.28982959083504
1547213 199.82064386122426
1547364 -105.21109333360754
1548964 193.7907170305157
1550564 208.54135893340282
1552164 184.24469263607952
1553764 206.6192308376134
1555364 198.25921533609443
1556964 192.00180295108495
1558564 187.50610215904305
1560164 186.82788808454106
1560301 -111.89052056121018
1561901 215.32633532713947
1562003 -103.5639732058905
1563603 199.02915968210004
1565203 186.41343312077547
1566803 191.56561692278478
1566877 -103.49870131631381
1568477 195.4070138601142
1570077 197.01287666663282
1571677 186.86205130525656
1571762 -103.50590452519246
1573362 196.24392110832724
1574962 198.56197980313883
1576562 182.91534319192147
1578162 192.3037608647299
1579762 219.69876121014434
1581362 153.99162356980077
1582962 183.87901008277214
1584562 184.11667839861133
1586162 187.24588723086438
1587762 187.76477522050936
1589362 209.55036530845604
1590962 196.21744101696063
1592562 186.30201363165082
1594162 205.80416396644412
1595762 210.29427043181988
1597362 204.46690481596335
1598962 200.81943190839095
1600562 187.22232375753913
1602162 203.69177803595028
1603043 -25.557031447741252
1604643 202.3163589052537
1606243 209.4697567373682
1607843 179.00837675923995
1609443 188.72076736362703
1611043 187.49609616103373
1612643 197.2896839447205
1612775 -104.49486210111746
1614375 215.19612380120995
1615975 152.37048384332596
1617575 180.6364256110753
1617691 -104.42342396907074
1619291 169.1523048956551
1620891 202.80058325772637
1620962 -103.56893440636496
1622562 211.65106543146317
1624162 193.98163347597065
1625762 201.50178526067214
1627362 219.6910041447195
1628962 200.15615981236112
1630247 59.41422606814265
1631847 178.94362184424645
1633447 198.45099360857037
1634328 -21.357443515022965
1634406 -103.98144386394198
1636006 195.01236333156987
1637606 210.8835061095849
1637803 -105.35543880310655
1639403 217.0172193923256
1641003 191.62448034433194
1642603 197.46977701087155
1644203 170.9743599613648
1645803 201.37768308913252
1645897 -99.33639241113762
1645972 -103.58123126351896
1647572 216.56465637532622
1649172 219.69179038837595
1650772 217.66818438509952
1652372 192.8707053610098
1653972 197.61013457097502
1655572 224.44181093972435
1655652 -104.01445775280024
1657252 207.30792535458696
1658852 207.3810102302251
1660452 200.12614166381613
1662052 197.55015385886483
1663652 201.38870590373827
1665252 191.89787532660472
1666852 221.2848387958096
1668066 38.02408389630912
1669666 191.69094094927752
1671266 217.39443434785022
1672866 170.4999651396295
1674466 198.92461266189719
1676066 201.34237813951455
1677666 185.33565751265164
1679266 199.61358210412945
1680866 203.0853152344452
1682466 179.15396743262212
1684066 197.60974392581576
1685666 196.23224937993274
1687266 209.9060383136973
1688866 211.1020651080407
1690466 193.44445427684
1692066 182.1804913483769
1693666 212.7295525201435
1694498 -11.86251201998624
1696098 195.34479100760788
1697698 199.29860967984197
1699298 177.9391380059613
1700898 213.26471281595985
1702498 193.01612215467685
1704098 197.27855330917953
1705698 195.49293600960777
1705797 -103.13277347657271
1707397 199.32846862449122
1708997 211.33935274424402
1710597 205.03104043166243
1712197 213.2425096594806
1713797 197.76647320871834
1715397 216.44527253940873
1716997 203.91595905044602
1718597 230.19914006284384
1718807 -116.38122044770729
1718935 -103.77460101853931
1720535 205.24785579310935
1720610 -103.8171041253712
1720683 -104.00244052970409
1721684 21.302703985509822
1721815 -103.75286563839701
1723415 204.91555748730053
1725015 220.7877849625646
1725119 -107.74207802268117
1726719 216.89719195854644
1726788 -104.53912886667749
1727707 7.403506539740903
1727833 -95.9439146300877
1729433 225.7426247885087
1731033 215.22139045509633
1732633 211.58311616546987
1732737 -103.90571395362417
1734337 187.5209525204888
1735937 204.26117770772942
1736003 -104.32922415956295
1737603 203.95837859821984
1737768 -108.0249171457688
1739368 208.08610236700963
1740968 203.16753632355255
1741115 -114.36601652076467
1742715 200.36857741409992
1744315 201.44704920940444
1744437 -95.96127284103694
1746037 198.25521866418896
1746125 -103.01451592061792
1746279 -109.44152258205663
1746449 -113.79798881607564
1746636 -110.1206921577584
1746804 -109.39132856820338
1748404 207.24469510476072
1750004 207.86628399689653
1750661 -34.32769963098441
1752261 196.00796359803826
1753861 217.9272403149291
1755461 201.5205021183152
1757061 222.64398374820922
1757128 -104.60829244476929
1757251 -94.52650368885759
1758851 202.52370588082738
1760451 193.24125892880272
1762051 206.47746873837096
1762172 -102.01691463686464
1763772 187.22337960688012
1765372 223.14508392647267
1766972 212.70578426348686
1767061 -105.92728015159815
1767342 -108.87820802376854
1768942 200.99839414714484
1770542 189.19415084996763
1770684 -119.28366355544142
1772284 176.88895457583138
1773884 203.31647776833802
1775484 207.63011849165937
1775589 -99.78406553709134
1777189 209.73456058518212
1778789 199.35933947560488
1780389 219.7216908435764
1781989 209.1842415010666
1783589 208.87800055098987
1785189 204.6288691155201
1786789 194.94782466356028
1788389 188.51414001964406
1789989 219.04539581391785
1791589 202.3506666575477
1793189 192.7345425071433
1794789 207.78738856752594
1796389 202.48483670642398
1797989 207.0269009358013
1799589 212.01106331487975
1801189 194.3582945658066
1801296 -96.34736175886728
1802896 211.12622046080463
1804496 191.77834068498245
1804679 -106.76158300296217
1804821 -109.17219999816145
1806421 199.66048933752418
1808021 167.5611188273111
1809621 211.07169703688194
1809767 -122.23500596955047
1811367 203.9974471976385
1812967 186.56738654085996
1814567 188.36130378476966
1816167 200.59548962009745
1817767 201.8864042867385
1819367 198.5793776154986
1820967 216.0139703267641
1822567 221.64256243752138
1824167 178.91115686775348
1825767 212.21622521145582
1825855 -103.61342022555631
1827455 204.05991338831436
1829055 192.8482745327849
1829127 -104.10488422920989
1829324 -110.1221381611234
1830924 187.33144058560316
1831023 -103.6991460765029
1831114 -102.04764918659069
1832714 211.45393442529664
1834314 201.42192992390827
1834476 -110.11501238572038
1836076 187.47924770035215
1837676 218.68453219529596
1839276 212.48398097367632
1840876 198.92045167518827
1842476 184.44725729013297
1844076 227.73400836877101
1844156 -103.80142152507541
1845756 201.92855054306412
1847356 188.52934206244552
1848956 201.56217581224038
1849103 -111.92299600677845
1849876 -21.3648866690845
1851476 196.86946265302714
1853076 202.58677358907653
1854676 198.55013620920454
1856276 206.28033094755284
1857876 204.29795476860795
1858091 -113.70156549826203
1859691 204.65326973373607
1859870 -108.01798945527462
1861470 216.48625344287828
1863070 228.314386675271
1864670 206.0104317208712
1866270 207.60243394466605
1866353 -103.26224901626507
1867953 201.29690434287033
1869553 206.95279446028664
1871153 206.23804189723523
1871241 -103.42632622089299
1872841 209.3476445146771
1874441 217.90876485311375
1876041 202.36256804380287
1876588 -52.59235093267816
1878188 211.7455790687504
1878395 -102.73057757358626
1878580 -109.79935544120644
1880180 185.32165851726364
1881780 183.6409815877411
1883380 220.59772813719147
1884579 57.08502181344849
1886179 222.00350538633262
1887331 39.22708307889289
1888931 206.08637469860577
1890531 221.73287778713618
1892131 199.34095254516362
1893731 221.32313940562136
1893877 -119.39163273659412
1895477 197.93388967692397
1896842 37.689219828682894
1898442 197.7642598821108
1900042 216.38965663985636
1901642 212.99240717559596
1903242 210.2599259857604
1904842 211.92870756952183
1906442 175.05938569445695
1906731 -92.88973591632768
1908331 215.52870488308034
1909931 211.9362399274182
1911531 215.1351275143408
1913131 208.77916012255687
1913236 -104.24066209170284
1914836 208.30233046352808
1916436 202.99556929872887
1918036 226.2602587823407
1919636 227.3661157880331
1921236 225.60234495453255
1922836 220.342591875746
1924436 215.27805223241663
1926036 203.16132590365424
1927636 200.8657460376452
1929236 203.4314055011269
1930836 187.8556055648065
1932436 228.30978980951667
1934036 219.53387608814677
1935636 207.3034694962748
1937236 190.82850728340824
1938836 234.9277496810234
1940436 223.83314659777588
1942036 204.57288276827524
1943636 219.17977842482122
1945236 216.73399816234812
1945799 -53.3756278973045
1947399 214.05760614513423
1948999 190.22116437193827
1950599 198.31974171098022
1952199 178.33041002237687
1953799 156.1340198252208
1955399 178.899108578761
1956999 207.6712783721875
1958599 211.18279795292355
1960199 209.00862954388853
1961799 203.83937868282413
1963399 189.03342079860005
1964999 210.51415437108886
1965177 -98.43773070825077
1966777 217.22323972623536
1968377 198.078748690787
1969977 213.0432716990982
1971577 222.79980077785245
1973177 215.4932344490185
1974777 203.42393920710808
1976377 207.9028102900011
1977977 213.63541101145483
1979577 224.21309977215412
1981177 205.25858316262443
1982777 207.08567915631636
1984377 215.30011087995192
1985977 214.1192965834697
1987577 209.05241078554366
1989177 212.64350893336754
1989890 -29.08422543823592
1991490 228.79455077624127
1993090 211.7841188008203
1994690 210.47918033658974
1996290 223.6696110845474
1997890 222.19793437296937
1999490 182.30868622397185
2000459 3.477692956775755
2002059 179.4622391921668
2003659 205.51849313840793
2005259 202.58313542497248
2006859 213.15278785853806
2007003 -104.58666653363903
2008603 192.56797965271588
2010203 227.4099309358556
2011803 208.19030121817786
2013403 204.55838061741665
2015003 198.69617696706436
2016603 206.70995726262686
2018203 208.2951214315639
2019803 221.36691608311503
2019940 -109.44801934103606
2021540 194.80823436222397
2023140 210.90647701760366
2024740 224.50659002925826
2026340 204.95101255046646
2027940 214.19123210189136
2029540 216.42453113118393
2029687 -111.22102182114558
2031287 208.70618441563104
2032887 201.11969199541443
2034487 220.1068028774808
2036087 207.70855515315162
2037687 205.35918037035523
2039287 226.36600867332095
2040887 206.07156745665554
2042487 194.01978384659233
2044087 217.46745579253584
2045687 170.61961738106865
2047287 201.38397351351134
2048887 212.251728611318
2050487 193.50607191775342
2052087 217.71759164243724
2053687 196.98874281290335
2055287 222.4926707989339
2056887 206.0951374118438
2058487 205.22590234674993
2060087 200.92068814921305
2061687 211.49837410469863
2061843 -113.07148489876403
2063443 208.3226015289619
2065043 203.78201576462087
2066643 224.17887838322847
2068243 208.97331300349597
2069843 207.33454893414992
2071443 213.0952281094274
2072713 36.386042140243234
2074313 212.42517579236974
2075913 176.93105844294902
2077513 219.4574260873938
2079113 218.23055896975686
2080713 229.7091268697312
2082313 206.91061107872767
2082474 -110.09919619683798
2084074 200.57944696512845
2085674 182.7167695025848
2087274 219.94995480472755
2088874 222.76621969804907
2090474 207.35348254309577
2092074 206.85220177143682
2093674 204.67200638863582
2095274 199.37284365352227
2096874 210.44506268394113
2098474 207.7453582640351
2099653 27.982278241363602
2101253 217.24700802116388
2102853 203.42419961178868
2104453 195.06019032423896
2106053 231.85243753722213
2107653 212.11419962980662
2109253 235.21126476365401
2110853 210.53522507082508
2112453 194.0135882330761
2114053 208.58744540233147
2115653 222.29484143718778
2117253 209.85471217586647
2118853 210.99007758509103
2118963 -96.12848370899819
2120563 206.86461662161022
2122163 203.59745715818983
2123763 194.19752525636665
2125363 215.14126355776793
2126514 57.26779822513882
2126622 -101.13948040847356
2128222 192.26209684528558
2129822 207.4277854550951
2131422 222.42699955284414
2131725 -89.78400180673538
2133325 209.51444634469678
2134925 203.15178688658236
2136525 200.3450255913429
2138125 228.46338138839553
2139725 195.4964287447969
2141325 219.350566779234
2141409 -106.76028387106396
2143009 185.7611576534883
2144609 198.0376997239796
2146209 207.48364466771733
2147809 213.76053867822148
2149409 193.35205808950266
2151009 210.71666502219614
2152609 200.96800019907883
2154209 220.28470762157366
2155809 214.19811193809645
2157409 218.48859253874718
2159009 212.128663947597
2160609 206.6876948105203
2160743 -101.62193222615744
2162343 205.69004992936618
2163943 224.68283339236473
2165543 186.70507777923706
2167143 187.28522093272832
2168743 219.24961074076018
2170343 194.04932619057809
2171943 230.70703083692356
2173543 219.55366137544073
2175143 232.83906882033298
2176743 200.03782878300476
2178343 223.57091714392246
2178836 -55.59773730604413
2180436 204.28059092022232
2182036 207.87999806620917
2183636 186.50792401386263
2183788 -110.01481781670078
2185388 203.3289048185974
2186988 209.1296014142491
2188588 222.82207780894174
2190188 207.61016670497133
2190772 -47.829874942135675
2192372 229.35139134026292
2192801 -64.54325438465457
2194401 199.42850604039836
2196001 210.32622307094283
2196609 -43.602912608109776
2197614 12.827007360689421
2199214 220.95095499102513
2200814 167.95888143519142
2202414 191.3324761608154
2204014 228.4577181610969
2205614 211.8187950452282
2206294 -35.52699909747547
2207894 214.3346451587737
2209494 218.16948645268954
2211094 199.15954581059472
2212694 222.05678037828898
2214294 211.6121347802776
2215894 221.04073780376322
2216721 -5.622692859244012
2218321 220.57460244967336
2219921 213.7002835452541
2221521 216.30261001905825
2223121 216.18708279924437
2224721 226.57790259481393
2226321 234.39407988395646
2227921 203.03353093121382
2229521 217.56179862750966
2230599 31.439788186425886
2232199 211.02036007839703
2233799 209.56843444220328
2235399 208.55810640933143
2236999 214.9690822832603
2238599 219.83895044232017
2240199 205.64306449193506
2241799 203.28533032112273
2243399 216.1673075502646
2244999 207.98991487509014
2245790 -48.246078840861706
2245972 -108.58868742051784
2247572 207.39626017519478
2249172 181.53928275844268
2250772 206.43054366261825
2251043 -81.51204395548254
2252643 214.7540027530058
2254228 90.24636076663242
2255828 223.96122970342032
2257428 202.59640837240283
2257590 -110.1190853358858
2257746 -110.22126602421142
2259346 223.74288961141778
2260315 -24.40744359502355
2261915 215.11049213613214
2263515 226.8555727982326
2265115 224.23583470050485
2265268 -111.13550645340048
2266868 197.1864747031007
2268468 221.2931277634788
2270068 202.70180984475363
2271668 191.00569153120065
2273268 195.85150748047383
2274868 199.26206070362824
2276468 211.15629330080682
2278068 218.5012002155185
2279668 189.58368342717625
2281268 209.21289168133407
2282868 202.75081580965775
2282987 -104.77529001598121
2284587 192.5911400268724
2286187 208.21623998047002
2287787 220.21957925747984
2289387 233.52131726109928
2290987 214.6465373237352
2292587 209.19294690943158
2294187 205.13332746904825
2294382 -112.64674422124216
2295982 179.42082269551452
2297582 200.74643886726457
2299182 200.50508243801764
2299688 -45.27284555861431
2301288 211.5024483041382
2302605 50.19622606639933
2302736 -113.91922972007468
2304336 212.0414923650058
2305936 172.71593653112245
2306099 -113.35386411085166
2307699 212.55208416644263
2309299 212.4950594066495
2309444 -115.03522975559844
2311044 212.02216161176196
2311152 -104.35502320183441
2312752 221.11589967610536
2314352 220.8843929880391
2315952 209.63999501303186
2317460 109.55373542582282
2319060 187.007575015957
2319173 -104.35079853724875
2320773 212.50613815128293
2321231 -67.45853448687531
2322831 212.25438570946446
2324431 217.2803240414844
2326031 213.99608967596342
2327631 203.8990031198035
2327775 -111.87347741270128
2329375 198.72897780823433
2330975 198.4404290195782
2332082 31.861636570387816
2333682 211.58760750439177
2335282 225.81959656968908
2336882 181.99624392201025
2337386 -56.115808662801996
2338986 210.7344721991471
2340586 193.62724603953714
2342186 234.89629771816337
2343786 226.11936264739262
2345386 200.03725429654793
2346982 107.59543481098169
2348582 212.13245872911233
2348980 -76.67553872486208
2350580 170.4685526827463
2352180 170.5561546562842
2353780 213.61237821153193
2355380 180.34671022111036
2356980 211.1436339247881
2358580 217.93566632279214
2360180 227.45026975543018
2361780 211.74792098249742
2363380 195.57927367938976
2364980 207.0114702691493
2366580 205.9179805627754
2366860 -123.65823485317767
2368460 218.95404442414645
2370060 223.87737928020198
2371660 216.58995284149722
2373260 223.57116343328613
2374860 201.1393039886189
2376460 230.53417941681943
2378060 199.0579669493629
2378262 -104.14232753056909
2379862 212.4680382084914
2380628 -22.533427852655507
2382228 208.82938953423314
2383828 222.11640276703045
2385428 200.96520386052566
2387028 209.96050852080205
2388628 216.13551455518234
2390228 218.55931883279402
2391828 218.63292958493537
2392041 -99.69880386441574
2392182 -116.90051023721944
2393782 204.77962591807403
2395382 215.4930531567363
2396982 208.98173311785814
2398047 12.487745898952738
2399647 199.79102169235148
2401247 218.4439115587094
2402847 208.17125487820297
2403022 -114.73078298990676
2404622 214.33468504668278
2406222 229.6692581483216
2406386 -119.8407977786741
2407986 210.7863970584569
2408180 -113.49464869874623
2409780 206.78382017337444
2411380 227.08479195625378
2412980 210.7510313469468
2413989 16.686197150728177
2414532 -47.21880501761601
2416132 212.27091284593362
2417732 215.0910601853988
2419332 188.20310959650192
2420932 221.38000928298194
2421108 -109.98253698671671
2422708 224.9951215457926
2424308 210.65598389914143
2425370 37.837871819025935
2425527 -111.63629191438109
2427127 209.21660563407613
2428727 215.77007506630562
2430327 220.63558283969874
2431927 200.0250834897137
2433527 178.81137935680678
2435127 197.4108082229533
2435241 -102.68357643498419
2435388 -117.21194144436654
2435549 -106.10601782347821
2437149 227.560942703861
2438749 215.1995203400364
2440349 218.5432380736681
2441949 220.20718000926598
2443549 193.76975271777823
2444702 25.88752567375319
2446302 222.03292421661098
2447902 237.60243525160433
2449502 214.7575711364253
2451102 196.84938810017508
2452702 212.8241852396618
2454302 219.61103644927329
2455902 211.65971656181102
2456125 -114.00041747152868
2457725 219.59020725708348
2459325 221.18342801183658
2460925 225.64393542824794
2462525 192.6579777674549
2464125 211.83603287648265
2465725 215.892228602803
2467325 216.69753751822796
2468925 212.59702260716705
2470525 195.69466406618076
2472125 214.76053952131033
2473725 224.25469465794274
2475325 220.31331229409864
2476925 226.74110162621275
2478525 225.72380059263398
2480125 204.06724753814242
2481725 214.16993404343958
2483325 211.0084810779074
2484925 205.88173636664393
2486525 202.51778657158954
2488125 224.31546216932628
2489725 219.4938021350276
2490390 -23.5841681927849
2491990 222.55164323333773
2493590 213.72028846709335
2495190 204.58550509014063
2496790 215.23291380371148
2496952 -111.9689116864223
2498552 228.91861362594696
2498728 -113.10982664714878
2500328 197.96496809945202
2501928 224.7654219550654
2503528 201.05064051655492
2505128 206.26146173251644
2506728 223.1404499449319
2508328 212.09732079724742
2509928 206.76434264224685
2511528 209.9302886922202
2513128 219.93785494038028
2514718 114.02155200519772
2516318 210.6701662357302
2517918 226.49354568136988
2519518 197.42104672955688
2521118 208.31770913949234
2522718 211.9700210130662
2524318 197.0542061715092
2525918 220.6965715720122
2527518 235.29360593099392
2529118 191.26939930952986
2530718 220.77575334108428
2532318 212.60736422735624
2533918 213.05221381680522
2535518 221.5645326504343
2537118 220.99268185179278
2538718 229.10053433542032
2540318 217.12807661570565
2541918 238.93460399987532
2543518 225.32758542573947
2545118 216.96880109753872
2546718 213.26439128030128
2548318 213.5017594969803
2549918 230.00208413451992
2551518 236.44863078037778
2553118 235.75944607299266
2554718 202.67819822085886
2556318 223.9042842895034
2557918 233.99848287514453
2559518 206.05333733851538
2561118 210.46709311164315
2561619 -52.5915622865018
2563219 217.19149358113782
2564819 217.3695415136747
2565911 40.09929460111945
2567511 219.01182508637578
2569111 211.8702527264408
2570711 225.38229334147778
2572311 214.57298916263022
2573911 231.7618373482451
2575511 207.93820323044034
2577111 193.43874118229834
2577686 -48.41177216441866
2579286 200.39125696151046
2580886 223.90454155034914
2582486 231.0560926965772
2584086 199.883140161623
2585686 235.67748840514687
2587286 196.94396396905157
2587450 -109.92690058216763
2589050 200.17909076506024
2589252 -113.31706524686516
2590852 231.53747103462587
2592452 236.27634797041654
2594052 225.58507141557038
2595652 213.18217374377832
2597252 224.79393261689174
2598852 194.37746329341934
2600452 218.2379747673213
2602052 209.00080119945108
2603652 220.16938998733647
2605252 197.23757757240472
2606852 239.66868743720576
2608452 201.3238961172433
2610052 208.4683719743152
2611652 174.58376051861646
2613252 210.81965677416537
2614852 218.71061527183525
2616452 207.14427932293492
2617309 -33.90582396795418
2618909 232.01938280727381
2620509 220.41213202144348
2620679 -113.66106487270632
2621065 -72.6840398512281
2621175 -98.10919085854601
2622775 235.14027712033317
2624375 223.91085482910174
2625975 211.92888186282892
2627575 219.243881859902
2629175 214.42420378772246
2630775 228.08592731142988
2632375 196.65222890451147
2633975 199.54783823270327
2635575 179.08013586928794
2637175 204.22068727370382
2638775 223.26632466988679
2640375 225.5126345845248
2641975 202.8151599434752
2643575 219.44807575034295
2645175 193.7848187343342
2646775 210.45517802193982
2647084 -89.61013102139283
2648684 214.10737891997832
2650284 203.36510072034318
2651884 230.28606176750006
2653484 207.32357400628442
2655084 216.45464549563184
2656684 221.46718128937673
2658284 212.16390079596235
2659884 218.16938994591717
2660111 -105.87147401777966
2661711 190.05172802087284
2663311 217.31704061570457
2664911 236.97142949551204
2666511 223.39460057667384
2668111 210.30482396999938
2669711 194.83318776975696
2671311 207.8980949155136
2672911 216.44349951059507
2674511 219.37737211443613
2676111 232.3370091162086
2677711 224.43403804152214
2679311 190.72986160795742
2680911 218.42835521833373
2682511 218.0983556114589
2684111 229.96240056998764
2685079 11.731235315746758
2686679 210.1211052868585
2688279 203.60545874797137
2689879 210.77175239973104
2690038 -107.25741677927287
2691638 210.31533730009815
2693238 199.76718464897925
2694838 201.8926734529184
2696438 197.14307550598502
2698038 226.4501893251294
2699638 222.40186437964908
2701238 224.26737652058452
2702838 230.11298687039888
2702994 -111.85000877866956
2703628 -42.987041646586256
2705228 214.0890224227308
2706828 205.79386950216212
2708428 183.64894851527123
2710028 215.79470728189153
2711628 218.26020296477463
2713228 218.07921912350076
2714828 203.69418136597687
2714984 -111.99683720398383
2716584 224.18300257146993
2718184 199.7597278028134
2719784 228.13402403486512
2721384 213.88667707169557
2722984 228.58100347887478
2724584 218.9517655374304
2726184 213.02335931994156
2727784 206.47795342638526
2729384 211.1222726189684
2730984 202.52753936597026
2732584 201.61033177777955
2734184 226.38620151416495
2735784 212.6239521717079
2737384 214.86319493097628
2737538 -109.74651938373347
2739138 211.47318941416484
2740738 212.9697487421909
2742338 199.51801376607477
2743938 199.89740610086096
2745538 204.99690079147854
2747138 209.48843556500714
2748738 240.10425780812335
2750338 216.34142217227185
2751938 223.70951823538456
2753538 214.27863536098573
2755138 204.07266323724278
2756738 219.37110432661424
2756914 -107.78767731142914
2758514 200.97539448704373
2760114 212.4120336972583
2761714 232.71649003539142
2763314 225.76118858879437
2764914 191.0228164436152
2766514 218.57010491184192
2768114 218.98514363144199
2769714 224.8976849412537
2771314 213.6391009898986
2771468 -109.97400421433959
2773068 201.8628122399309
2774668 215.11640951505632
2776268 222.46890580588823
2777868 226.4760672440774
2779468 221.7015588990594
2781068 206.28643879884237
2782668 215.26950840291786
2784268 217.87709199519102
2785868 227.15665502444554
2787468 213.45070455748328
2789068 202.05447589252867
2790668 227.55365031819673
2792268 193.10242744900813
2793835 96.19011679715337
2795435 200.87415017609783
2797035 241.06594513079003
2798635 220.334512012217
2800235 217.52005384233445
2801835 220.01876184624464
2803435 213.76622521857533
2805035 231.40591864669202
2806635 223.38416395987014
2808235 213.6273240953008
2809835 236.98577310146393
2811435 219.35666459378487
2813035 205.35355265801118
2814635 217.31719392363232
2816235 193.06561129970393
2817835 225.4195731287916
2819435 206.44351881639966
2820215 -10.060745074641574
2820359 -116.26275450960392
2821959 216.97516071177785
2823559 209.36131396818817
2825159 199.14904294116405
2826759 224.5957680862368
2828359 216.60190408156257
2828468 -102.7217644204547
2830068 218.1632227612889
2831668 221.63662812896845
2833268 218.28725320855384
2834640 73.93346985116543
2836240 205.74921161991867
2837840 218.24652275236537
2839440 208.45828660576987
2841040 204.1218303409546
2842640 239.30388973865902
2844240 204.9511748966773
2844397 -113.50663754693667
2845997 223.2687005520242
2847597 203.02155650235997
2849197 216.5555327196323
2850797 216.30583095781049
2850891 -100.92297098929373
2852491 229.89718195413064
2854091 232.1010290881125
2855691 216.64138549328655
2857291 193.23113851903273
2858891 211.57700807008393
2860491 199.20452934128068
2862091 194.18149721953606
2863691 206.15673878798498
2865291 209.82609469932822
2865421 -111.22505250267747
2867021 202.21482472641898
2868621 205.47444727040207
2870221 216.90377659358364
2871821 205.42313818425595
2873421 188.2240025558382
2875021 220.6419001197183
2875140 -96.74569634200446
2876740 208.8323724417387
2878030 65.98003102313365
2879630 230.83519607465539
2879845 -114.56709075216808
2881445 213.10941650585548
2883045 204.8521222008123
2883209 -111.95784201048438
2884809 221.72300973772215
2886409 228.3526646499074
2888009 234.46817605509048
2889609 217.63364433664046
2891209 210.6922963366795
2892809 227.19553196303335
2894409 189.5963741546011
2896009 227.0806644526712
2897609 209.49432193297147
2899209 223.88622999181376
2900809 219.85171845979494
2902409 206.99833329073593
2904009 174.62524123584328
2905609 219.68442290309483
2907209 211.34360456793692
2908809 204.949481937761
2910409 209.3809332786953
2912009 223.97152926911716
2913609 215.22605382608762
2915209 199.05146434711682
2916809 226.6160736889122
2918409 204.11885487159674
2920009 222.02575548922357
2921609 212.8670252127309
2923209 215.33443872039174
2924809 217.6299490028806
2926409 206.32246586914587
2928009 226.66693923616904
2929609 218.9928408038275
2931209 204.97581689254866
2931414 -111.85700665351811
2931685 -96.59561231035181
2933285 234.26744087299716
2934885 203.03316666907804
2936485 196.2935033201703
2938085 218.61107592061455
2939685 223.57160563004314
2941285 227.25919678670192
2942885 183.82383188070906
2944485 227.93640936555624
2946085 223.4776951273207
2947685 208.9408505346879
2949285 191.94927589155574
2950885 205.23953801769315
2952485 225.69900051737352
2954085 227.35699580204934
2955685 207.00033964641352
2957285 204.3002611619957
2958885 221.08874259214554
2960485 233.55220534697216
2962085 209.27370977239337
2963685 225.5140632743226
2965285 225.10143572935397
2966885 216.5616589890575
2968485 217.60000157467667
2970085 219.8942713333695
2971685 218.11400210558222
2973285 214.92169374879265
2974885 192.56946051612596
2976485 228.84822491282156
2978085 219.41753714607296
2979685 213.77603938885477
2981285 220.42213085212518
2982885 213.19937385394624
2984485 224.0042803179457
2986085 187.29936893386162
2987685 208.1792450452835
2988139 -64.50434591596263
2989739 221.9263031367205
2991339 219.1673333637866
2992939 207.63989453450645
2994539 208.29383471270063
2996139 212.51449240655253
2997739 208.56678599007782
2999339 208.1458308713374
3000939 229.33126564848678
3002539 225.41863014998677
