# reward.txt contains number of transitions:cumulative reward
59 -114.90298239724059
135 -109.50612504011889
195 -106.36517700555176
237 -107.06100949514106
328 -103.7445889803286
1928 -111.76691302938629
3076 -201.41461125346527
3165 -101.76735667269553
3239 -114.80872796430133
3301 -103.65120669909194
3369 -101.357724749698
3441 -108.88698132321579
5041 -109.99393477290108
5180 -122.22349863964259
5245 -108.02659546912307
5310 -106.35807812797495
5394 -100.851141445629
6994 -106.20244931586548
7072 -102.68237402783956
7139 -115.02175125236127
7223 -100.59349057211665
7287 -99.95746287424102
7364 -100.12482402307478
7433 -103.1857995976427
7652 -128.9869530742108
9252 -111.81270551499432
10852 -108.35300801890374
12125 -216.7438931309369
12186 -104.68982857264051
12267 -110.61861742325469
13127 -184.7556035888524
14584 -224.2786004739043
15624 -198.15243240687207
17127 -229.12741651372184
18727 -118.16177252973968
18798 -100.03077209013514
18865 -102.22742126487567
20465 -104.35330452332552
22065 -103.42151000964024
22162 -99.73004156785939
22278 -101.55929741169389
23878 -112.77343957677037
25478 -112.56454417496714
25536 -104.82030616958191
27136 -110.2205784939962
27287 -124.62199387993392
28887 -109.66780807862297
30487 -104.52538440593423
32087 -96.65030013933645
33687 -96.35939498673343
35287 -110.33110799996004
35337 -104.0394894295223
35413 -104.05380900800539
37013 -97.95069346853687
37069 -110.84798345573495
37159 -103.42962798219193
37243 -105.5503510917155
37301 -101.65333910410479
38901 -99.54688183557332
39021 -120.07887186455417
40621 -97.96983658292608
40687 -112.08809847277092
40768 -101.00904936991384
42368 -110.65306846786586
43968 -111.7059705893313
44057 -102.5290110944258
44163 -122.97392180208118
45763 -98.45517690423974
47363 -104.75507512929579
47479 -121.65992939638828
47584 -129.3712591365627
47663 -100.84132000805795
47735 -115.0524965791845
47845 -104.69727201330227
47921 -116.92277440235516
48023 -102.04951005886899
48101 -119.86932171969364
49701 -91.5251103063235
51301 -104.24997987272445
51366 -115.22746162855626
51426 -106.49401148819675
51491 -100.39384000332716
51568 -97.99571833286961
53168 -84.82037831248284
54768 -108.09713477191173
54834 -114.75123307807806
56434 -106.81058912524249
56519 -118.25091533626059
56577 -104.91733073771682
56631 -113.28820927444598
56711 -117.46234289799956
58311 -101.66693340349448
59911 -114.93061703139198
61511 -123.42578974560408
63111 -124.28300042395593
64467 -216.3749258416497
66067 -109.68269075257658
66128 -115.80450497255785
67728 -120.7370636645055
69328 -107.1451259535935
69439 -102.04507882375208
69529 -104.30946667913906
69641 -99.6979123059356
69713 -103.19250644159068
71313 -104.6328571043375
71384 -121.56296532841276
71445 -118.82022966978514
71542 -98.94184796538143
71593 -109.65547040365078
71660 -120.57467949869609
73260 -123.25164443386903
73331 -101.63230362461616
74897 -230.3598252147639
74934 -107.04805274416941
74993 -115.32017900411226
75056 -116.78696466826585
75150 -100.43561321709554
76750 -107.09967528820603
76797 -110.67856240312817
78397 -103.77435552815525
78858 -160.98129665613789
80458 -111.96348419818985
80545 -102.71288135335347
82145 -104.81317391474043
82226 -107.56524737989312
82345 -117.79323840375858
82419 -101.45876442099363
82463 -110.97714925134058
82585 -121.12997086198504
84184 -232.85021133161513
84247 -103.2886491589391
85847 -109.91307050777857
85887 -109.58420838773546
85980 -103.03011970814038
86064 -104.74653659864452
86102 -104.16817548582641
86174 -101.60380680739073
87774 -106.45023674747594
87888 -101.95899665159283
89488 -108.4591833014871
89554 -114.10031170814733
91154 -113.3928814898733
92754 -101.73669734173144
92827 -104.92822452073824
92895 -106.22935694847007
92945 -110.69991820122613
93006 -105.53593327494866
93061 -119.95711037861928
93132 -99.80124802406877
93204 -120.6193879342787
94804 -104.04608624556595
94874 -102.9539295927429
94979 -115.38099122856867
95059 -118.26253304078305
95163 -101.27455971596079
95222 -109.6775398518617
95273 -104.02380590717432
96790 -228.52011882577784
96925 -113.76501569446549
98525 -101.23475312822981
98638 -130.41861626635617
98723 -122.2918648763268
98780 -111.41217976353752
100380 -99.00470911498321
100453 -113.41264125521575
102053 -112.53842049829039
103653 -104.05459767739983
105253 -108.73898003421469
105317 -118.26318829685636
105372 -113.70147128781117
106972 -115.22930172587725
107039 -108.33649696428438
107091 -102.76943257830106
108691 -110.6486831546221
108767 -103.1508781524046
108838 -103.13484506522926
108925 -99.81558987089433
110525 -114.54150143385372
112125 -113.26921062726693
113725 -112.5482608270986
113773 -112.60679993786911
113842 -110.43374576076741
113899 -112.16141174676952
115499 -116.15634698713455
115570 -101.70191781728776
117170 -105.82095145072093
117245 -99.80125279341824
118845 -104.76449903621649
118920 -121.80031792450231
119008 -99.43843428357317
119064 -105.93552357615127
120664 -112.68481161333939
122264 -108.94389299735504
122344 -102.69039389528582
123944 -102.4694089379188
125544 -106.67978451918546
125641 -107.1997728980168
125724 -107.13304038347553
125785 -112.06242492492497
125944 -105.33617323411629
125992 -112.51069855729243
126043 -108.48264794975084
126500 -149.40633774769987
126596 -108.45200656457804
128196 -96.2246623057141
128256 -117.15286485893589
129473 -202.24517088707466
131073 -97.61237166781041
131183 -110.48477695961576
131228 -112.01257372566313
131316 -109.68544634704851
131497 -103.90295393282672
131557 -103.24848226961183
133157 -95.04162423612215
133300 -103.56684266028616
134900 -120.70615980429983
134944 -109.27391002256547
136544 -98.79333139118177
138144 -113.73924173363957
139744 -98.34479457797472
139841 -102.57429636046787
139901 -114.50048909638201
141501 -125.5606172449467
141571 -118.10507564935834
141649 -107.83092520022703
141730 -106.12451508948517
143330 -93.69791624367727
144930 -94.59180974416445
146530 -95.15877462771775
146612 -114.02836152835873
146680 -114.79397204758786
146775 -104.77248001500965
148375 -106.71408362647966
148426 -110.612771339586
148483 -108.35128199982395
148545 -99.60392648829583
150145 -104.60953310962675
150197 -107.06849864614102
151797 -85.0978085619123
153397 -106.38598421634937
153477 -121.1662877677468
153596 -119.68032383354193
153676 -107.95656414746121
153735 -111.19595882419621
153802 -113.92176009293645
153866 -109.4352392083065
153931 -114.98622488894561
153996 -108.21700944362301
155596 -113.2670626349066
157196 -115.73136813800048
158796 -105.68645603792703
158864 -115.86503946728881
158916 -114.09860923134349
159033 -115.16355029310037
160633 -100.6364621501074
160712 -104.96850381757257
160779 -101.27895354967285
160859 -104.98996447011581
162459 -119.732355592792
164059 -113.27173575265508
164140 -103.69431959030467
164212 -109.1153554137014
164313 -104.45558677221524
165913 -102.21486200080012
165964 -101.81968925522392
166007 -108.77399018169629
167607 -116.08492482111988
169207 -104.00910893404611
169299 -108.83086325623157
169341 -105.2446192019501
170941 -98.57190596879197
170993 -104.42243180759655
172593 -101.10298169508386
174193 -97.18791314692963
174266 -114.24591887929166
175866 -105.66579802530804
177466 -106.86532072583827
177526 -108.77404005946343
177600 -102.3472354808206
177661 -112.15044472796563
177729 -113.45748267966944
179329 -96.58000084127048
179382 -107.57647416980502
179452 -114.52763231482544
179616 -128.0338584652003
181216 -101.26788917674487
181285 -100.4735793084049
181343 -105.21822449258343
181429 -102.62643623193415
183029 -97.80727080943186
183115 -98.74353737174611
184715 -98.78829051942988
184791 -101.09619822991453
184884 -100.35696293652182
186484 -92.56583927080229
186558 -117.62423431838863
186641 -103.0072192757049
186710 -104.71750170146728
186819 -101.33389509678881
186919 -101.49125519405989
187012 -115.96143614662563
188612 -93.77331324891803
190212 -88.79110216776714
191812 -88.13355373344815
193412 -100.3562503678767
195012 -91.42773865218932
196612 -90.0862151744875
196740 -122.71553712928107
198340 -93.29331367844456
198383 -107.5881131949167
199983 -90.97648989915226
200045 -108.50688175926854
200098 -110.0601095411349
201698 -87.78262925515148
201764 -121.5958415776485
203364 -92.26343565928269
203436 -107.77188533290786
203500 -120.86824423811336
203605 -120.69864313494415
205205 -94.65917177077166
206805 -81.37017129506056
208405 -91.75124772927724
210005 -86.09934153970616
211605 -90.74878006126549
213205 -90.65225429034045
214805 -88.87639581701032
214878 -100.63255604008151
216478 -74.10582250516799
218078 -76.35103221183005
219678 -77.94456380615618
221278 -77.0023681425038
221360 -102.54841141148408
221422 -107.43603787096963
221494 -99.62351536125007
223094 -72.59765766115615
223172 -105.39014134608023
224772 -69.4307249499969
224847 -102.79512544809592
226447 -87.22840563932047
228047 -81.67765455602365
229647 -74.10761589632398
229748 -122.34785934957924
229817 -117.12158248489537
231417 -69.66343074598467
233017 -80.53689254913857
233092 -104.90058498371206
233167 -101.4546078633281
234767 -71.18948391227116
234852 -102.84805831814433
234926 -121.24833242138817
234989 -101.39121013947018
235086 -106.64851076231835
236686 -75.41386633507648
238286 -86.20648293656605
238372 -108.25525062587113
238436 -101.45122356746904
240036 -71.04248986541921
240118 -107.95070891996721
240175 -108.81545128333879
241775 -72.82411861717081
241839 -116.92068614248497
243439 -82.18838101108591
245039 -80.52578711053168
245112 -102.07464796151096
245178 -102.106356827156
246778 -71.7910892374373
246832 -101.83594008112885
248432 -76.05767306036341
248507 -103.11762327611322
248567 -101.67031719865525
250167 -75.08591292221647
250277 -103.40561126833099
250360 -102.77758757947882
250420 -104.71333002062453
250514 -105.86362677909372
252114 -70.33094800770343
252179 -104.99938690708764
252330 -126.56610082473482
253930 -76.21291214963672
254006 -123.00209478000366
255606 -79.34715779731295
257206 -76.94771361310593
257304 -123.7475721604228
258904 -82.50949689719658
260504 -75.52997261531644
262104 -83.04082501152287
262209 -116.00257805710596
263809 -78.26087833064666
263871 -114.77530571295135
265471 -65.14112721443986
267071 -78.59333050121927
268671 -80.74782890607733
270271 -78.67480333284237
270331 -107.56929547362154
271931 -81.07238371754993
273531 -66.02663228252771
273630 -120.52478990305588
273679 -110.81830885741736
275279 -68.89319240113974
276879 -75.44526520174985
278479 -80.90796825959227
280079 -77.21455634821827
281679 -73.18347759484132
283279 -70.9816104210198
284879 -72.89833157138285
286479 -66.76381436661816
288079 -63.72723713536184
289679 -65.99622327783277
291279 -65.91115083942685
292879 -65.80172135344426
294479 -66.51501761938012
294547 -102.72439152835868
296147 -74.63697461512942
296241 -118.26041830053865
296304 -107.95624473153178
297904 -60.319342147216204
297965 -102.42366440949962
299565 -68.97896938889531
299677 -120.53718397910924
299785 -101.90243918519405
300712 -182.42963876441857
300766 -113.40198471081133
302366 -61.6305853084753
303966 -62.071286898600476
304036 -101.66444037409127
304107 -127.02836698926241
305707 -68.32093100846569
305769 -114.46637744723881
305913 -111.02320593783011
307513 -65.49831540569664
307673 -128.21053297527615
309273 -57.3651424860924
309357 -119.53064408874015
310957 -57.31881342326626
311098 -97.0151431431792
311183 -101.11658380747772
311253 -107.12685827245687
311326 -99.39206521560128
311440 -118.85154385836918
313040 -51.87456517171076
313106 -113.85484555559916
313187 -103.89378347580818
313325 -122.9349623866705
314925 -52.192345119036744
314974 -114.94973556314207
315036 -101.74214500503118
316636 -66.83064003789576
318236 -59.98790356789826
318302 -101.94592428714844
319902 -58.38324341435854
321502 -66.77946376460602
321608 -103.04252011626339
323208 -72.67471681875699
323294 -106.70362198469105
323372 -104.349017893387
323450 -116.91265323416454
325050 -49.31934347193318
326650 -64.85605476875163
326726 -100.26443782906856
328326 -64.43531387801215
329926 -57.96612029401335
331526 -61.11962514243515
331593 -116.80185207322116
333193 -55.55299108212271
334793 -60.0969491013624
336393 -58.50658123213799
337993 -59.43570823239533
338052 -100.8712855532292
339652 -65.11439923696526
341252 -49.30233413681082
342852 -67.30281041395925
342907 -99.2737465072895
344507 -55.68019732217675
346107 -47.082601997209046
347707 -55.690868246472476
349307 -57.947330986284996
350907 -53.827023284077704
352507 -55.57681817112248
354107 -28.211364018320438
355707 -44.58910801963384
357307 -36.00813057881836
358907 -47.29178891794696
360507 -28.331473723429546
362107 -40.93571871230512
362170 -102.30394979496735
363770 -20.354375836464268
365370 -32.98497554597934
366970 -14.649852539441895
367032 -104.344295145041
368632 -17.512260393535364
370232 -42.74823815857495
371832 0.17447746563329525
373432 -13.784512694000593
375032 4.1234605428818565
376632 -7.5969134518653085
378232 8.179834298863376
379832 6.747865081117171
379892 -100.39822525225827
381492 -0.7033554957564951
383092 -0.3789334502450094
384692 18.719433901604262
384783 -109.53180830188779
386383 17.307602867364277
387983 9.367684540256239
389583 23.051841500854714
391183 26.60044218822941
392783 30.07428886627778
394383 31.727101301057875
395983 33.31908368639588
397583 41.35203864288574
399183 52.26727308338813
399257 -98.89665518710079
400857 40.89187851696155
402457 46.724440232731766
404057 69.73809930533487
404990 -82.40979622958906
406590 72.81222084650658
406660 -102.81715049498405
408260 58.222846974907974
409860 67.94882990842311
411460 79.92428581870227
411516 -112.70689489248706
411579 -103.86042446427606
413179 76.51719004120247
414779 84.93337956388658
414887 -122.07717387147187
416487 83.4575189475248
418087 59.16236320694979
419687 80.66810060959929
419826 -143.55241653282442
421426 78.44134503446428
423026 74.95838754922715
424626 72.82325420052359
424715 -123.67808377470263
426315 80.52683226029946
427915 102.49030259163236
429515 108.61528230202009
431115 102.58679314931862
432715 95.24095575017913
432826 -121.85204816504071
434426 101.78252651663063
434554 -121.52802474268091
434793 -98.5663944095963
434853 -112.36045998668112
436453 115.47128815457897
438053 119.81329969061453
439653 -79.69803751288536
439762 -104.66832471912664
441362 129.82471751804093
442962 119.23534531898368
444562 145.74933850388516
444648 -114.45796635499472
446248 115.16195070007203
446442 -114.100421067254
448042 119.30017816535779
449642 131.64199815874548
451242 135.15829432823077
452842 137.96616986622553
454442 120.58752964942398
456042 117.73404541861895
457391 3.7429221402332047
457520 -106.428825892696
459120 107.88507682235478
460720 108.28017281456111
460785 -97.46391063069427
462385 141.68714079077122
463985 153.72386716553908
465585 137.88748829967983
465979 -86.8570524686339
466067 -104.02596607968212
467667 120.19448505466103
467748 -101.61199809146424
469348 148.48483933319125
470948 133.93757500467385
472548 157.7162229844753
474148 126.70078169713051
475748 125.75078939391985
477348 148.45420396316672
478948 134.39204500279325
480548 148.47133042783807
482148 160.59825177923207
483748 183.98897885430918
483828 -103.10898326023916
485428 158.34643323439934
487028 131.7623106544942
488628 170.1979880276048
490228 167.12580390327904
491828 162.9181881726519
491958 -105.63611333211823
492049 -106.46569588675102
492160 -113.72147863093889
492245 -113.7286409389414
493845 179.3078285561857
