# reward.txt contains number of transitions:cumulative reward
6 19.11608462884178
25 13.111838827986503
32 16.84231763174903
43 13.202618946779696
57 12.432346347210112
76 16.48677189564478
93 10.746546203074105
115 21.305730710759235
123 12.503857691392477
132 16.31463393567683
142 10.610775426418694
149 13.16622814053262
158 9.175195111993524
169 9.350655403475685
179 10.631052711841768
195 17.927868522437343
203 19.215160386383648
211 17.228416070264938
230 17.397357517301863
238 20.21357308394654
246 6.374514270795043
255 16.29715857908741
266 14.988447823177557
271 13.512072489883575
277 10.694206507928904
282 13.683698226600246
295 17.373533739587586
305 14.091518676214037
317 18.79845645343739
325 19.51742710303515
332 16.868823235052695
339 12.183124531144859
353 12.805220782241667
360 12.818711264400918
377 11.58738841111335
386 13.510598240399851
394 11.281919904438837
410 14.64102094808186
423 7.104855574207613
447 11.213986332189233
454 19.166573447216066
465 9.767676586615565
477 8.872577348802587
482 16.49862280413363
498 17.985900939755087
509 7.995161502795236
520 15.486535052023829
531 13.047334685115493
544 8.86231976758718
559 19.744826308381743
576 24.450351762509673
582 14.16619828252733
590 19.220558000502933
597 15.553219605736377
604 14.787628648489772
616 12.391512503661215
626 17.485377937043083
633 18.96419088810362
642 20.25493638720655
650 12.459067005582618
659 18.199181800507358
672 10.578149187433885
685 8.501628288291979
692 13.334291875707278
702 1.8654689447968846
708 11.251207211936709
719 14.16189308255707
726 19.509270464314614
739 11.700214184228388
751 15.930584683676717
759 15.64646855675237
766 12.818113154791353
779 11.835176980713731
791 9.936072745089767
800 12.16756013162667
817 8.649200497602578
832 15.048652948770908
842 15.620457301929127
858 14.434057030225816
870 13.89376717716659
890 17.581222623694334
903 -5.147112184822618
916 15.743352085686638
927 13.308260342731955
938 17.869563514778566
952 12.701597619372478
958 14.187145845709892
964 17.245482758463183
987 21.367243447119833
995 19.356479312528972
1001 12.41848659538664
1006 12.651859449122275
1025 20.580317801010096
1037 14.117914485977963
1050 15.564584427057707
1059 7.657702316268114
1069 20.874286420292627
1076 14.055764781897595
1082 17.940994967421283
1091 18.320661051881324
1106 18.460692226771787
1115 3.017874611978185
1121 14.45754157661722
1127 16.26135913892358
1136 13.415098537068115
1144 18.358804203453474
1150 15.155882286031554
1161 16.378553861861292
1167 19.478218628070316
1174 12.366438946504786
1182 10.599125063337851
1200 15.56210530915414
1205 15.463780198343738
1224 14.655995641063784
1234 13.51121895047836
1241 16.15187722816772
1248 11.828578283582464
1268 11.058444455050628
1279 16.323838214321583
1285 13.025811828246514
1316 -4.802429294270409
1329 13.872810258789102
1337 15.395918555716344
1346 11.815616450256496
1357 3.3023606932823895
1366 13.510347109437863
1371 15.36664200672967
1376 8.212447795063781
1381 16.837954200866807
1391 15.991430528169438
1400 16.16045897294971
1406 13.861240764214017
1415 14.344910734667792
1425 16.53959144877299
1431 15.9906510685003
1442 6.018040068155092
1453 17.63916822152678
1464 13.120654769163227
1475 5.292183481986284
1480 16.13568656938587
1486 17.585109549392655
1493 19.22390315488592
1504 14.38620704756031
1513 17.953818027357922
1523 15.274321078423235
1536 15.38110077023739
1543 12.725354927775335
1554 12.473279561914389
1571 17.610896881831287
1578 13.365660275515985
1587 9.618904157960785
1593 18.807047993883316
1604 12.625919568986863
1613 21.490847542845586
1626 11.926024787605273
1634 18.493781906861113
1647 13.060046219681682
1658 17.073188916308574
1675 25.545637776159854
1686 19.637208741901848
1701 19.155309845264128
1716 14.180234514489712
1726 14.273016083877884
1732 17.12202283415245
1743 11.220325734063225
1751 15.819456039844955
1757 16.90211104652408
1767 18.793202224012933
1776 14.845098781264097
1786 12.761654694617025
1793 8.099268549375118
1815 21.794294479052766
1822 8.341647076395748
1830 20.366864445428654
1845 16.781236521730897
1855 14.119209394078643
1863 12.885738024741295
1875 9.813262873035274
1887 20.546256026615445
1894 17.372602872639256
1908 23.050256874357
1913 11.735154886668896
1929 18.360462341691886
1940 15.142518554419803
1951 18.128976622353367
1966 8.916925233966323
1986 10.332762491494941
1996 8.745963511728041
2007 5.759693789015
2015 9.903856414099572
2028 11.911474912040283
2033 16.05228854327579
2043 17.759880531214
2052 19.58487849881785
2059 10.680650075961605
2065 16.269179360714045
2076 9.935670699620095
2091 23.17291844406136
2101 17.173320313893782
2117 14.723108596394013
2138 5.4379585924936675
2149 14.284566920984071
2160 7.3037331550731315
2165 16.140111325570615
2172 16.019757681140614
2181 16.61704403916374
2192 10.779433078100558
2201 7.028207102183659
2212 6.976228550818632
2219 19.21176504758041
2234 12.448993253344089
2251 16.33306183970126
2261 4.310721634076617
2274 6.735353935632156
2282 18.600891033408697
2293 12.959837358130606
2304 10.626081672700819
2311 18.02318831213342
2321 15.84230570071377
2333 15.181145891647613
2343 9.571128205505373
2357 11.17099896604777
2370 17.99842552393966
2382 20.13827245517168
2392 15.804751904592559
2403 15.54732482276886
2412 15.97984425918694
2424 16.476512625417673
2429 16.847105954743164
2436 8.607019711774774
2441 17.59568204474053
2459 14.09308766428876
2466 12.120024380719405
2486 -3.3963223369704787
2495 17.68314141737501
2503 14.14331119749404
2518 6.941818996163783
2528 11.570276289190224
2541 3.395682871386816
2554 15.029179343195572
2569 9.584274300791732
2575 14.196433863358106
2583 16.773565726650123
2594 16.023589416487084
2604 20.39699697981414
2615 17.939136794641673
2626 16.81156042834918
2637 16.12683548189234
2648 11.623637309407057
2663 14.34750830740086
2675 16.5881147007487
2684 14.968364633002782
2691 16.3524370323561
2704 14.859043165149343
2711 13.168538662690843
2727 16.80573066606739
2737 19.01137826509948
2748 18.113668738405977
2757 15.931243551771331
2764 17.935368372016818
2775 10.815231782916818
2781 12.335382405850396
2792 18.35710499118577
2797 15.61716251446487
2815 8.436618444249325
2822 18.823715807311235
2830 10.936428787220212
2845 2.441077877055794
2853 15.385535982888541
2868 13.948186497981077
2879 19.107199259368645
2889 13.12215507863293
2898 11.258919317579421
2910 19.980139853117002
2919 15.69976376329578
2932 15.720765303439112
2943 14.098446106353368
2955 14.510287890583276
2963 14.867563966303715
2971 18.4624262625628
2981 17.602954107955156
2997 15.160625006027116
3010 15.447961544479769
3015 15.112103826501697
3030 15.608074099458463
3040 19.775157005524672
3050 4.9192594075968366
3056 16.764224755196484
3064 15.151733552705263
3073 18.281993238320865
3084 9.196871722575452
3102 14.718514850588686
3111 10.446456034103173
3125 7.021417098572417
3133 17.248350676015253
3140 17.98842789131304
3148 16.763763735786778
3156 15.229379385526409
3165 16.61833091784647
3177 15.393642063850711
3182 11.547613607073435
3190 16.6015029268121
3198 20.418425394110095
3217 14.378298100884418
3223 14.43928631097224
3241 13.326486214104802
3254 21.91386376000446
3265 12.26010866490251
3271 8.174023089995899
3284 18.97375019921892
3296 16.624538117894552
3309 15.536271032995137
3316 18.99321378591558
3326 16.049495159926302
3350 18.78688659355539
3363 13.302419443003599
3376 15.08457161784172
3387 19.859220440260835
3401 15.845914019399789
3415 18.04477285463217
3425 19.999885624647145
3438 7.806361292598012
3447 16.754866945682444
3460 10.402868206994027
3481 7.492580331116911
3493 19.68468369044276
3505 15.125241729682601
3516 14.654571523261257
3521 14.478684773556598
3532 19.2942633268045
3539 16.865660737144935
3546 18.053042807918974
3564 6.268542499121395
3574 14.407828950838304
3579 14.73079857908451
3590 14.573040229313484
3600 17.26746858725237
3607 9.259098434609768
3614 14.07826368354581
3624 13.986437329855107
3629 15.553848460382142
3635 15.314908655296312
3652 5.787692430939932
3663 19.895040363504084
3671 13.15124485626875
3684 11.606928728474303
3690 14.100186625456264
3702 20.045733417157315
3707 18.035666830462286
3715 19.885947296251835
3727 15.172140001959633
3737 10.432358766059043
3748 11.453219223469203
3760 19.819722540740624
3773 12.20248089417437
3781 15.627043106920608
3792 19.011200922628632
3797 11.603111072294997
3817 21.933732619148213
3835 19.68123655775853
3841 17.338860777480292
3846 15.26861467960698
3859 15.040602442903038
3869 19.634455580440406
3875 12.153347858895723
3885 18.03106979758304
3894 18.404746652046743
3908 15.50312183702772
3917 19.82599570971361
3924 16.903552214113006
3935 9.662430595442128
3947 18.715800519165352
3956 14.459859390117344
3965 11.258875697864278
3971 13.446196447502007
3976 13.502530374536581
3982 18.97726823347912
3988 13.41185808404989
4002 15.305726221477377
4009 17.417674185046053
4021 19.01932276709704
4035 14.795802401323451
4042 14.675626079256471
4049 14.345988751722325
4056 13.796875383182485
4063 20.10515321120474
4073 15.85441756523942
4082 11.434370072181627
4090 20.07660079065827
4099 12.2056352343905
4119 18.328030553775896
4127 21.278662550865555
4138 17.728259890743356
4151 19.47352544980822
4161 15.916735196477386
4166 15.335975051275454
4182 19.459867907094303
4190 15.254317743022694
4198 19.17191121504293
4206 12.634112366220505
4213 15.721901277780125
4220 17.22704424496478
4232 16.876244622755618
4245 19.56447150074819
4257 13.71478211792564
4270 12.918722142314072
4278 14.705979142371508
4285 16.37270127809752
4290 14.03567880157934
4304 9.402703518167254
4323 15.554105457315744
4332 14.959949492586022
4346 11.226507746090647
4353 15.5766732393211
4364 10.556084581062896
4373 14.405607215766215
4378 16.73036786504963
4383 15.376249483259745
4388 18.0766236104173
4409 9.471581528708336
4418 16.135853709276123
4429 6.0098283281811735
4439 16.183998112153493
4449 19.89464880612213
4458 16.009568471882083
4465 18.151804372882175
4470 14.724846159841398
4477 15.829245640103181
4489 16.414339657271924
4495 15.2530709108265
4500 17.0436911539422
4509 15.039213212944743
4519 18.57294108703063
4537 21.731117879640074
4553 13.59728984997491
4567 19.934535024681825
4576 16.52361707275413
4582 14.387248593993718
4595 13.63997189143556
4612 20.139142397475368
4623 21.90891614801367
4628 13.697377943583707
4636 17.74676513758168
4648 18.544075958624312
4659 18.9544183407168
4668 15.783337815545382
4676 19.885290299449114
4692 16.70715941575472
4702 15.063175683078589
4721 12.028295528623858
4733 16.511184458869685
4740 13.915937051853689
4745 11.619854578374362
4751 13.472989350742136
4758 14.717344583377416
4766 21.250987849560623
4782 16.454428809022644
4804 29.051163123986047
4812 15.440789713223058
4818 14.08160880394571
4824 13.123208997855544
4831 14.023484048442334
4839 14.035847829421984
4845 16.306380629689375
4853 19.74086949504417
4863 11.178488117481175
4872 12.107493165260529
4891 17.808729311179196
4904 8.898452103360615
4910 20.8299830949094
4924 5.000260560684545
4931 14.847297116885601
4940 19.58321107225056
4946 15.597163962491324
4957 8.085964810076984
4967 18.214999929495388
4976 13.14206383160199
4990 12.247761727952456
4996 16.636230196419636
5006 17.53509340232704
5017 20.210324551525993
5027 21.123606019541334
5039 11.47346990425722
5046 16.319211800713674
5061 17.761436893952485
5066 16.669185329614265
5073 2.7253071339859156
5084 16.349256723417785
5096 8.205662857482094
5105 17.41993956088409
5110 14.051353464770363
5117 15.47453982251318
5128 12.925974610369304
5141 13.58826454496593
5148 13.202821430636687
5156 15.017608827867662
5167 -0.5329170189273986
5179 20.428747026238124
5189 18.34349237853894
5197 22.350597823892894
5205 16.906752475175015
5210 13.183243786319506
5221 16.63351929518685
5232 15.869431157496
5247 18.507469432624926
5252 12.138887217598676
5259 17.169694056457953
5266 19.128472183624396
5272 16.428808015467073
5277 13.954874064860633
5289 17.56928833440616
5296 17.21572131622961
5305 11.769407916170895
5317 9.545276636467316
5332 18.651765308788164
5338 15.386804927677442
5352 11.37851722144551
5368 13.847119365472464
5380 14.689460874398353
5393 15.00868306241027
5402 6.621029577702576
5418 7.049763639233424
5427 13.808179299761832
5436 10.67065549142426
5444 19.118435030916586
5456 14.43716907703347
5481 14.101206193440884
5492 11.695783968998876
5503 14.091411905529094
5513 16.96258946559829
5520 14.680956991863786
5534 14.175440092274219
5543 14.059556290248292
5565 18.954202898962826
5587 11.300504290664684
5593 15.546278368005005
5603 16.69517638309189
5610 15.973142182780428
5617 16.279658616747476
5624 17.738213268893013
5667 23.972519775586253
5679 19.91225572664698
5685 15.785033649081017
5697 15.439026209447182
5706 17.24985021669272
5712 13.166870608554747
5721 19.199004785319264
5736 16.523853017725926
5751 12.722102150270073
5759 19.952549629435815
5768 17.739689096662918
5775 13.947011014888993
5790 19.48299774799525
5800 8.628317984909518
5807 15.169394847950025
5814 12.265231244413007
5822 18.14053763011907
5830 15.083172649952758
5836 14.823187905519447
5842 18.6332715746641
5861 19.775382694217843
5888 7.518211220315424
5894 13.509194002820006
5901 17.113033784588332
5908 12.712201253804961
5927 11.366924341296542
5935 8.135663042029773
5952 14.995016474045407
5980 1.297589716358925
5990 16.953633552127574
5996 14.507250817667227
6006 17.30601501102792
6013 10.16614148854569
6019 16.51677619286347
6027 18.301764445027217
6047 9.699754075483359
6055 16.10816259345884
6064 8.014540294584002
6070 19.998070738228854
6083 9.387776982941432
6092 13.218296524461767
6099 12.32437269752554
6110 13.680038026919648
6122 12.612347759303514
6129 19.071464766924326
6136 16.375227408976933
6143 19.358874891798767
6151 16.129499085072894
6158 16.33960827803967
6165 14.942539375871998
6176 9.962713742729104
6190 14.750219887832644
6203 8.892157593194861
6220 4.887992502034467
6228 12.678868436654739
6236 16.302715810207882
6244 21.6962081269623
6252 17.14255079576833
6261 17.024917774183265
6270 18.614904120848223
6278 15.335845796813373
6283 12.162555573234567
6296 20.108257519220935
6304 21.091732180540564
6309 11.774615203242865
6320 10.520552746641624
6329 11.062454555566363
6336 19.242284099747483
6352 20.114160411959165
6360 14.937237714476941
6372 21.51488778248022
6378 11.886884194318554
6385 14.469334636359418
6393 14.568196163055838
6399 17.873715059245296
6408 17.16348084728379
6415 15.628657155703694
6429 12.424726438027573
6435 16.30876403643633
6446 14.790560563614417
6455 10.031225570825338
6460 14.494653825179558
6474 22.355882705231487
6503 29.88610264153394
6512 16.87707913995837
6519 12.253875866354793
6546 23.544064472628815
6559 9.6509588805362
6568 12.440712517463544
6578 18.144187826405688
6583 18.02087544166134
6589 12.062746155024797
6595 16.67976536828646
6600 15.928896815882762
6611 15.560866455892388
6617 16.01630702273542
6625 17.902445544737567
6636 11.982829478722122
6647 16.074310553839315
6653 21.101211568574946
6661 13.043927082885057
6673 16.37259760075249
6680 15.67905547740811
6686 12.555876932376123
6692 14.167615198243585
6699 17.613195483083835
6707 17.935061727782887
6716 11.13925349355268
6721 14.526838648712147
6731 9.723481097312469
6740 12.230457312462386
6745 16.448023490750344
6753 11.470725840204977
6780 12.64855577393464
6787 16.78396726660867
6795 19.685645879739603
6802 17.169494544932967
6814 15.015778791399498
6822 17.0532725627796
6829 14.51412455614336
6834 13.877538839651969
6843 18.132163372325884
6850 12.1628343212622
6856 12.194020129680577
6863 17.353819281436152
6875 10.26294361397013
6881 10.466062062824495
6893 13.801517211399915
6898 16.51389348991652
6905 12.650878615626427
6916 14.966493846473165
6924 18.580397108379113
6945 9.826030894868016
6950 13.523113613385068
6959 17.37301701979741
6979 15.70215598314389
6995 14.4875854736194
7005 17.156748843361857
7020 9.310686205416278
7026 11.420316531571734
7032 18.097238882057717
7048 14.477660307844053
7058 16.64421139710903
7066 18.428742318406872
7078 14.763376223979863
7088 14.33826334266341
7097 20.283121525772728
7104 16.73395671418257
7123 11.864870680037711
7130 15.856797966369777
7136 16.143680206956923
7149 11.094256574843895
7155 16.832840837567346
7163 13.360384052091103
7175 15.80576607387047
7182 16.754240750362804
7188 12.964670411965926
7200 4.1016817419309515
7208 21.666141340541074
7214 17.396536238539557
7220 18.412035806823408
7230 16.581330695240467
7236 14.068577547090534
7253 15.988395812005908
7263 20.25684274984378
7271 17.888092034027796
7284 13.508335075357172
7296 17.556076027081872
7301 15.699934019149804
7317 16.254548079783852
7326 15.102635584073141
7334 7.4420122579962475
7344 7.069195025895897
7352 19.805211340126696
7358 15.282052526930055
7365 14.770965220985815
7377 15.343629941243853
7388 13.105469987555988
7394 18.806497208868677
7403 14.615284159050496
7417 18.943376297426582
7433 14.82137613403611
7446 18.704586429357008
7462 20.570337251602908
7471 15.0309254515334
7477 18.330117268399043
7492 12.754554892514715
7510 15.69268946908123
7524 16.624369339243277
7540 11.772931991542281
7551 16.031800714747806
7569 9.37555586585222
7576 12.374485003211884
7585 17.07352205822099
7593 17.738036024382744
7601 15.957275022209796
7612 9.578770489699671
7617 16.63127278691827
7632 12.965244585504117
7640 20.92788733374473
7652 10.822374899494754
7661 15.322309745913662
7668 15.702646590571383
7682 19.244395809658453
7698 16.875896964590357
7706 16.500330044736618
7715 16.792022097112206
7723 13.590497819647137
7734 16.209441692369
7742 11.637018033183995
7753 12.88036106640502
7763 15.69854995592614
7769 17.558994965250893
7777 10.440795438642091
7788 17.30656564233359
7796 15.337918441281364
7805 23.020682463170665
7816 19.64353725797991
7822 18.675220799357337
7831 17.633050719134918
7837 17.848753332217168
7846 19.380408109142444
7872 -2.371907581048435
7884 14.621598023941623
7891 16.746845579078943
7901 16.636691221073853
7907 19.817533675160668
7915 16.19667619211832
7924 18.121914734751044
7931 19.516735846069057
7943 18.27523937509832
7962 17.331490240943097
7971 20.23386710454943
7977 16.94464339646365
7989 12.700102250190685
7995 15.316065460974642
8005 20.062446826645463
8012 17.387326194977504
8020 13.528297689471218
8029 13.528673124861962
8038 17.66299192908482
8045 16.488236273343503
8053 18.6435709253361
8061 13.711483409868379
8069 19.885590408371353
8080 15.535554139129818
8096 12.173748663150764
8104 16.53274526399473
8116 12.44126566718769
8121 16.326693982863798
8134 20.036424706292745
8140 17.478708766543424
8145 12.55980120391905
8157 17.242471787663813
8165 13.683325764919575
8177 10.119703091308473
8189 15.974263156723461
8194 18.118491318794256
8202 18.140034600839137
8217 18.637167509342543
8232 6.147529502751423
8245 19.18568603155436
8253 13.713001572809297
8268 12.835356534302992
8277 19.919523487027618
8291 12.278812434642168
8297 17.64968133651855
8308 19.62118686705362
8323 15.674442570241805
8332 15.166223760852882
8340 16.010489106032765
8372 15.42240019623423
8387 11.588817017467226
8401 12.674271055709688
8409 17.097034109191735
8419 14.705647409299853
8427 13.859712826021132
8441 16.27212076611613
8458 7.287881239425045
8469 10.703304239361023
8482 14.776199290620571
8490 18.459406554780436
8504 10.953099623329763
8513 17.973543327418156
8534 19.31797389518033
8541 11.6426025331617
8547 11.416187290822563
8563 19.03359646725148
8569 17.73483493544045
8579 21.88962653100025
8586 18.389972064421453
8602 16.54050886613695
8611 15.433804356676411
8624 11.456030546812691
8633 5.956127696567273
8640 15.954353818854724
8645 17.36230379901972
8652 14.648315938909944
8664 16.61543358251802
8676 14.71034113518399
8684 22.325185530554155
8700 18.1070293809913
8709 15.59630915584712
8717 14.203266721397814
8729 14.187679790366383
8737 11.466064139326043
8747 6.246260676563543
8756 13.657563217388812
8762 18.880123147563424
8769 17.699696566189232
8776 18.50292447254469
8785 17.316713145878747
8792 18.779841464795755
8808 5.830306652127183
8819 12.194189285549509
8826 16.86958938120806
8841 16.593130763708903
8852 9.537653861573201
8860 15.867535872301955
8867 15.874126840637473
8879 11.571721139248982
8893 18.175296532272476
8906 16.651997367285365
8915 15.916039643296973
8925 14.295903493571679
8933 7.594908610936546
8952 17.68494722920004
8960 18.49051362992177
8972 16.135947292785566
8982 13.205876140885813
8989 20.2241278478934
8994 17.39518315123714
9000 15.78694902503339
9006 16.932702552972476
9022 16.8436062489287
9033 20.8250258847067
9041 16.847448494538547
9053 17.678097843528665
9060 19.620352807406746
9068 19.958704351400954
9074 20.22005707895878
9080 15.334655970451422
9101 21.302259914310703
9108 18.389301777831864
9122 10.113598726353667
9134 14.74486330790096
9141 16.806738673699147
9151 16.05501701876201
9157 15.515221430148811
9163 18.61512682852772
9171 18.78052270365879
9178 15.909019426084704
9184 14.496052211767527
9194 19.556945193318825
9210 10.499007460488064
9218 14.333687055579503
9229 19.25377588989941
9248 11.027699072097313
9262 12.644932541872551
9274 17.91915861110174
9281 18.188688529425416
9288 19.119341975347197
9300 18.568605461070547
9308 19.419816668883136
9315 17.249191243645328
9326 20.440349541904286
9332 18.806180888030212
9340 13.0923978158753
9349 18.276880194320988
9355 13.298859143155276
9364 16.49314727660676
9372 16.204371283414368
9382 18.659618902580405
9391 16.850449108908652
9402 21.99388191722828
9408 11.771483001457819
9415 19.060839670429417
9428 23.436999744494095
9434 17.692270879278656
9442 11.780714415157854
9447 13.226601251839021
9456 18.852303716925963
9468 17.312785260107194
9491 15.785945296705178
9501 1.9097289623066893
9511 21.920412563446735
9522 22.760621464860737
9532 12.413208631007002
9538 13.23800030813145
9549 16.210203197001828
9562 22.160905885952523
9573 18.561946219595846
9584 13.720491888212564
9593 14.886759229017482
9603 17.357644206173426
9611 18.665518103013163
9622 11.67560969741753
9630 17.20756088946655
9639 14.086142207149532
9648 16.77947493372776
9653 16.43148818307527
9659 17.379682001133915
9681 11.583790956278971
9690 17.62227412874781
9701 14.14077617600851
9709 14.340837262122658
9724 25.474253084392693
9731 17.81605684098031
9748 15.48591828359786
9760 18.8042584434952
9768 16.469149167495196
9777 13.723019036493497
9787 20.166062483092535
9793 15.583970148605294
9800 18.635850592251522
9811 19.848743907999598
9817 14.024073446783586
9826 18.373702992372273
9832 19.128085419253328
9838 15.260741124238121
9848 19.100098357794923
9860 14.471292987131164
9871 14.461322440142975
9892 27.11855117799132
9903 19.43303709921747
9909 17.004506993689574
9915 14.073728160158497
9928 22.84323427382478
9943 9.097991076558536
9951 20.17175648652774
9960 21.168814936827403
9971 17.52000483623124
9987 15.90717776274687
10000 18.246642048963984
10009 11.9349091193857
10015 17.720676020885
10033 21.058511847065535
10039 18.210336732014547
10048 15.266532265255229
10055 10.528947665447777
10071 16.6879128004206
10077 18.23969337597373
10086 15.665582017593259
10093 14.902320513120502
10105 20.256559629265393
10117 19.58483089694055
10128 18.32685871732683
10138 21.65554863958678
10144 17.056577696565363
10150 11.999821858292854
10158 14.887927438897897
10167 15.532571308230398
10179 17.566769731004023
10196 19.22381200334785
10211 19.74219199798681
10219 15.583461474296927
10230 18.624371114809765
10239 18.001299081534672
10244 15.724374278774484
10252 20.954834607562223
10260 17.165975509762937
10266 13.745387671605567
10277 19.450184914257264
10289 23.19335142889904
10306 19.107134517483065
10312 19.010933492780897
10323 19.849958665989107
10331 20.132832666049943
10354 13.476379672549953
10364 18.53108729765081
10371 16.48151432134182
10383 16.507577346298785
10399 18.78513801994704
10411 20.60732036201953
10422 21.746798835073424
10428 15.757017820207693
10433 13.966668301298341
10438 17.257603567370097
10447 14.2230742805521
10456 15.34650508581544
10465 15.694418090338877
10473 17.131662015330225
10478 17.89932252000435
10484 15.08728487326589
10499 3.877318137853579
10505 18.466579147818265
10514 13.090942173592339
10536 25.808769513614248
10550 22.844586322772376
10558 15.037946566948085
10565 20.55594194832229
10584 13.62973817285383
10593 17.463651551186924
10599 17.27264712716569
10609 20.299489609767626
10619 19.491309031272248
10636 14.45645429520664
10645 15.821699432698368
10660 15.735886127888808
10667 18.662803972400432
10679 20.831933752856276
10694 22.09366891678801
10701 16.69206287515699
10709 17.79562258878432
10719 19.99305054250144
10724 12.771171365298507
10736 17.018928603710084
10744 15.148500883742233
10753 20.014940501628736
10758 19.081677425450472
10768 11.811254392330012
10779 14.675526209911911
10790 24.640724496876647
10797 14.57624536090734
10806 16.374932561843885
10815 17.28924120654265
10827 19.8590118145672
10845 21.23585902037739
10854 15.67267559246102
10867 7.131073374739208
10877 19.99650569875521
10885 17.73455392998003
10900 19.751141249304048
10909 16.459901361519588
10914 12.904244028247195
10921 16.22857837190968
10928 18.60093305742921
10943 9.31517282325658
10954 20.667437326662185
10980 31.05940038744011
10987 16.740423951741832
10995 18.986856938237906
11002 19.035745796716945
11007 16.718192477989945
11013 18.39701759965974
11031 16.916605665888344
11045 17.29820014244615
11052 18.47743938828644
11061 16.967957285996818
11069 20.473093077683004
11082 21.82251694457809
11088 17.7327408445286
11103 19.134190479909012
11111 19.700100762021613
11118 17.155664894449
11125 20.50950783106237
11134 13.302234190856689
11147 16.52812151189428
11154 16.61467277316406
11166 21.48545849686052
11176 18.704515168111534
11188 18.396136524884785
11196 17.67796221970202
11204 18.900457885603828
11210 14.711192640743684
11219 18.09000538711989
11229 19.418819591494685
11236 22.214943441326614
11243 14.250045182580651
11257 5.673365349987579
11266 19.111755650956184
11280 13.682581783716161
11294 15.281412380030089
11303 19.005435045679043
11309 14.146652589646692
11318 18.079561073523656
11343 21.91554644593707
11348 15.599577267261338
11355 17.546599007055917
11365 10.083220884426556
11372 17.553442808738325
11377 14.591196346466313
11386 16.414615927707928
11399 13.646199535035704
11416 6.650536713686599
11421 17.723829483259763
11435 22.654553672691694
11446 12.713403660016773
11455 19.871662848883716
11465 11.028158409314347
11472 20.30753212349664
11481 14.318932273364043
11495 20.40521290681645
11510 16.497167195488874
11525 13.363051421685666
11536 19.859866861600313
11547 16.396957814703637
11553 17.122550182833216
11561 16.156034173080116
11568 18.55504502890544
11573 14.610266684067028
11580 15.320534303483146
11587 18.510534088929127
11596 22.217881382416817
11607 19.738846602334526
11614 15.593430208446808
11622 19.967643831772147
11631 12.93731428852916
11643 13.036499290734353
11661 25.74988382753363
11671 18.87888568453927
11682 17.79430799792608
11689 17.424240777877277
11696 16.84683563158615
11704 19.510034373876987
11712 8.166385154941237
11720 19.146316703033516
11731 15.087530188988604
11751 19.55335280209983
11764 12.839717866593858
11771 18.102585865973378
11778 20.12180620891304
11792 8.182909478397049
11809 15.437316915999693
11827 18.20015921166196
11833 17.621877131453946
11841 17.084037653831185
11849 18.57387099682819
11859 15.506488733922016
11875 13.545079407225419
11884 17.89197825848969
11890 15.857838127217839
11899 19.248990703794696
11914 15.390592222283885
11920 15.850878876888599
11926 14.660106108938635
11940 13.803735582709486
11948 17.082396182448427
11966 25.64919438505749
11981 17.24558000462857
11989 14.259517043907545
12000 21.027772039837146
12006 16.620482032949806
12018 21.60323796121811
12023 17.517548110338975
12032 17.767917524474612
12048 22.057839942449938
12057 17.33224765238847
12065 19.147088981204433
12076 18.40432322143024
12092 13.56238652237662
12097 19.698664241246295
12104 19.792463623988443
12118 22.59124548396503
12129 19.12481830140314
12137 14.433263171649015
12144 17.13174595417804
12154 18.41292623270856
12162 14.640840530784045
12175 14.124631779766059
12189 20.973635800188642
12205 16.66902397031227
12226 18.058902187692002
12234 19.909215917238907
12246 19.83448480417137
12256 19.052929491312536
12268 23.20179193948279
12276 16.488515148511212
12283 19.47618892648461
12292 18.829005348811915
12301 14.024140814927522
12312 18.68632146745367
12325 17.074843742811936
12331 18.417548346493273
12337 12.726860634307377
12347 13.680105960427317
12356 19.171824773245316
12364 19.34333382894838
12372 16.73078340893262
12385 19.108644152256602
12392 17.930338386425863
12398 18.176351815657107
12410 21.624544924750808
12416 19.36739022756374
12424 19.17785762576823
12432 17.725249537477794
12446 23.995025058367172
12456 20.92326046162052
12463 20.518240977308597
12472 17.909215408953607
12482 23.004341154565914
12488 20.786679778760302
12502 20.912207227374896
12515 17.650963241112187
12524 17.72664982703864
12531 18.405766360914278
12537 19.410882001472054
12542 15.981164527559304
12565 19.649507166397235
12574 19.433881116996055
12580 17.104104173506496
12598 17.997446793233394
12608 20.658187218449893
12614 18.18835943514423
12622 18.6707928154603
12646 18.082881782643387
12657 19.31183185128466
12665 18.379595231187707
12672 16.99962990187923
12681 18.632839618311845
12690 25.086314997832233
12713 17.435250478640956
12721 16.036997150884417
12750 27.36150812088308
12759 17.192120146659725
12767 15.229238220509433
12776 20.69629387025634
12784 21.133963844731625
12799 19.327428440259244
12806 20.775837857308215
12825 28.110014044775745
12835 13.017371295012708
12846 18.993145700114834
12854 16.508397496187534
12863 18.048169811643312
12871 21.254805366214715
12880 18.435083510597174
12899 18.014000092631616
12913 17.300485992351604
12924 11.67314317392447
12934 19.199699122800666
12942 19.182297599139563
12956 18.067299622794962
12965 19.02320506149263
12974 16.00384860318445
12983 17.784121552274154
12994 18.282079195723053
13003 19.702289314824156
13009 21.722484664950752
13017 10.130325241875838
13030 18.64016339262016
13042 15.783062256933771
13052 20.389302331172804
13060 14.985925085592317
13070 12.999052136355022
13079 21.110498303794884
13088 19.242635132349097
13095 17.47283846606297
13113 27.64199156398827
13132 26.52698661973991
13138 17.151035721249354
13145 22.50170873513125
13159 20.272082675658744
13168 19.04928579061525
13177 17.3283619112437
13187 21.625821720654493
13195 17.034550690255127
13200 17.519352308167434
13208 15.452333588176407
13218 18.59680811519065
13234 15.325488122896061
13240 20.741585005803792
13255 17.698289696648132
13261 21.9505608190404
13275 17.615192131393993
13285 11.523445373050343
13296 5.825637980326427
13312 26.756041587404614
13320 16.702590560201497
13332 20.318779302986513
13338 15.031223673568457
13347 17.308589796329034
13356 18.58234204360487
13364 17.759584918363544
13370 12.656598705197394
13381 21.137045824114466
13388 16.261008574768493
13395 21.331091096774617
13404 21.298125465548946
13421 21.019516729984026
13434 18.055744311914896
13450 18.44358114302013
13457 12.759998218293186
13476 16.704044824243457
13483 13.673187923341175
13492 22.661996905673
13505 13.358842603153608
13525 26.510904057355948
13532 13.525224964323572
13543 18.444934007531263
13560 28.372578421627985
13568 21.614100383270127
13584 15.112189975699584
13600 15.372025112845584
13607 9.444909074547468
13616 22.717179967455742
13624 20.680371952065613
13635 20.614204919312034
13648 22.371876982139657
13659 16.374003104046277
13665 17.051926217408617
13677 20.305612149112857
13684 19.281443114980355
13697 21.973674029819083
13703 17.00586986914277
13719 22.901129964871508
13731 18.296156246741884
13737 16.325033340181108
13746 21.946328335673023
13758 19.07953942780732
13773 17.36733000913955
13781 18.44028633972921
13789 13.410916983516653
13799 19.180652117778664
13805 18.72421599131194
13814 12.874881817691492
13822 17.97630932224856
13835 9.355435163722722
13842 18.90782193436753
13853 19.949031081485742
13859 19.402301402822197
13866 17.183600519207538
13874 19.26161515089043
13882 14.394258758025536
13896 22.77184761924728
13914 21.635297385104057
13923 14.278667738882357
13932 21.783461510458434
13940 15.274523674587545
13947 14.185821897737334
13964 19.112627459608486
13972 16.972799112476057
13993 25.692256374613493
14005 17.66458266363188
14017 23.481230390700514
14024 18.136243391953755
14038 14.385575142587188
14046 15.211345307166633
14060 15.96826943659107
14071 20.791740011599906
14082 17.24098712147825
14091 20.099091853002026
14101 18.63568380356737
14127 22.98624650495913
14136 20.082053159676434
14142 19.42804216831282
14150 18.52997681187408
14173 15.554098635031549
14185 20.95500330237119
14190 17.84426766647084
14196 17.408180837368125
14213 19.95074339323037
14221 18.800297991684058
14230 20.042755640007087
14236 13.165361342564573
14244 16.20392431427463
14252 12.685594417087849
14268 21.39007288788271
14280 20.135928909960786
14291 16.29045422884956
14299 17.99753286399355
14307 16.085898670366443
14312 17.61757075219502
14318 18.428031276002002
14325 20.738955726317364
14334 16.498135376861317
14349 21.3881545694414
14368 24.745698870610788
14376 18.732020022481446
14385 14.455429989674304
14392 17.473933135917466
14400 19.71686484200618
14405 18.3944911875893
14414 16.170318215740554
14425 15.80058273527393
14436 17.761367159748623
14449 19.154284757413556
14461 19.722694272779336
14472 17.17714077415876
14479 18.658160927587595
14488 18.470024663361254
14494 18.021966994632386
14507 14.564686186707691
14515 11.160905654040105
14534 7.492565837300208
14543 18.29885742074839
14552 17.111256104511266
14560 19.34117199631437
14568 18.12391203299776
14578 19.955476358157465
14585 16.071450861770426
14591 18.506630639069773
14617 30.57908700549742
14624 14.116831042997363
14634 19.40002288906981
14642 21.36468269567704
14647 15.939234782516724
14661 20.120908324098853
14677 11.166054927099323
14682 15.94161030830437
14704 13.74862788106402
14713 17.207713188635534
14727 21.352294971812807
14733 14.709739691577852
14739 14.506902857188834
14746 15.073915014808883
14760 20.789065225684315
14768 15.866829864852479
14775 15.06416068897379
14786 20.97917829056678
14795 20.573222977714615
14801 19.547940032363115
14812 19.232930651452627
14820 15.793877776448788
14833 13.372454244107942
14843 16.217248551263765
14854 21.791111364073004
14862 19.923139806745166
14872 9.286996121139964
14879 19.442797599476762
14890 16.470597080443987
14897 18.698402584895664
14910 17.980573864997133
14925 20.860566467935858
14932 20.793844091320352
14941 17.257533273335138
14947 17.72388899586658
14955 11.744959727479726
14964 17.68538703792874
14976 15.70025159359793
14983 9.985927372677542
14991 22.078459811286304
14999 17.86805367782217
15005 19.443928366831095
15023 16.15526500263077
15031 15.598178350781383
15045 13.689770377484093
15061 20.352117735909996
15071 19.036255729882395
15078 20.965812688707956
15091 15.501842582780228
15097 17.518951333509175
15104 19.082637020997936
15112 19.33020274175069
15121 17.558410515527065
15134 20.63706203401816
15140 16.098498563756582
15151 19.915349841397255
15163 21.85980988186493
15169 15.758306367415935
15179 21.63019889773422
15186 16.864300609160274
15192 17.403691143787
15209 20.637452089482395
15215 20.30551182355848
15221 16.692138953307587
15237 21.59401051276364
15248 18.235724576917708
15261 22.730718700279247
15274 22.69019992442336
15280 15.602806217772013
15286 16.175665260819372
15298 13.165004463508378
15309 23.049525003465533
15322 14.233920598370604
15331 16.49510427393543
15342 21.00962700570817
15354 19.338831402553474
15365 21.928322163739356
15376 21.5608336999052
15385 19.95397368288395
15395 21.768837615328085
15416 26.076836872755656
15423 20.14739115786215
15432 19.44512298497575
15443 22.09464649697038
15450 20.16362932797638
15463 19.256555360170022
15477 18.158090752079442
15491 23.646971934146126
15499 21.837873176870925
15510 15.610363356153538
15518 18.063730649968782
15527 20.26028350929846
15535 18.914506046008317
15552 15.523549835551236
15558 17.626766755760766
15568 16.592668684884845
15578 16.091412975889398
15585 16.858782126446023
15598 17.94056022249715
15604 17.250765812332975
15611 19.445674687559947
15625 16.372396141618083
15631 19.788540752677363
15639 22.556975341895306
15647 17.22830811750755
15656 21.906053425217394
15664 17.833470003520777
15676 24.341281716086087
15716 31.83614331408753
15727 21.424607739510247
15755 31.135053698022958
15763 12.400637801921404
15781 15.07801526394178
15789 19.445837282369027
15796 17.49679904437653
15805 19.528902897758236
15811 17.570882133491978
15819 16.236604302281922
15829 23.555778513297263
15836 20.81521084975975
15842 18.67116886125004
15851 19.362293726026834
15860 21.493497288909566
15868 16.763188952796916
15876 19.436721286672398
15884 18.2508318108783
15893 18.25284842942201
15909 9.302712625481945
15920 16.750516853501903
15930 18.975665174647293
15945 22.46394782694988
15951 16.49418428948702
15969 18.569651239863017
15983 14.513228911336046
15991 21.110843446137732
16001 20.753976848188906
16010 21.150120578474887
16018 16.68924740425136
16031 11.304309535532958
16065 36.82904389995528
16075 23.833185634219262
16087 22.028254873040712
16094 17.479785377011286
16101 18.70420159296191
16109 18.84165748473315
16130 21.182325275684704
16139 17.075634501819145
16146 19.376398731318474
16157 18.783681584849546
16162 18.291107387478405
16185 23.746507166721862
16190 18.83406793831382
16199 18.932766275505127
16220 26.687990442999585
16225 18.15015766024444
16234 22.8562989533355
16243 18.84044699124206
16250 16.81523388201749
16258 16.76821006380633
16278 17.413823471071375
16283 15.937806139378518
16299 20.648900522416803
16313 15.023884755228934
16323 22.779801520303586
16332 24.22208890574693
16337 16.41567536747898
16345 23.132171562644363
16353 20.935845184577918
16369 8.01287806793989
16377 18.248228174792892
16388 22.552661855470795
16402 15.083025092478781
16411 14.929609290626832
16428 16.8821585742553
16437 20.040071977763727
16443 17.996240399988892
16458 25.079834844086143
16464 18.866965756930583
16474 23.243271790219296
16490 18.656165021358177
16497 23.591569568523845
16503 20.4520649411832
16513 15.642149251997763
16520 20.497798214503565
16527 14.275206314225214
16536 19.017937586721384
16543 19.776341509031774
16550 18.22118316072592
16562 19.099002989988367
16572 17.631568363294353
16582 14.127657515987812
16590 19.837530448906183
16597 18.226718100751167
16616 19.33285879254544
16623 21.03511430621584
16631 18.949941587496138
16653 30.30856195236702
16664 18.803511823505687
16674 20.966187351515693
16680 19.41574664806103
16695 14.288111641598517
16701 17.100793469899507
16717 18.416447667624745
16730 15.413001782287031
16737 17.529285630783125
16746 18.933089916221796
16756 17.430537513778837
16771 26.48564048454719
16781 18.981746464726164
16792 15.351759864832275
16799 20.23224010851263
16806 19.149723360405186
16814 20.01251674755331
16826 23.23318942690821
16832 14.085511742602101
16844 23.522285080056463
16851 16.349489291850478
16858 19.10335000197374
16871 18.138550064712764
16887 13.3179746292255
16896 17.62849536195281
16914 21.619418681661774
16921 18.684292801572884
16927 16.525723169805133
16937 19.453777899738633
16949 15.56106350977352
16965 16.916764992875688
16974 21.079306100796384
16982 19.38129022390349
16988 20.80618675031728
16995 21.52475802939152
17002 17.688843807358353
17009 17.3649905416416
17022 22.41568260974309
17031 20.735310702447894
17060 0.15641768893983787
17070 16.156436855171343
17077 17.335177889533224
17085 20.59803632347757
17091 18.65692819151882
17099 19.806675475585507
17108 22.481910027503908
17115 14.784393949521473
17125 20.718846979671795
17134 20.721103132364806
17148 15.358447145337411
17161 23.19872902174684
17181 18.931004926844615
17194 24.842380408095778
17205 13.122226263427
17221 16.120743636612314
17228 15.821946115940229
17234 21.68592174748628
17242 17.847224054161053
17259 22.281591229152397
17264 18.388450347389153
17275 19.065264996116454
17284 20.91446300043317
17292 18.55257538439182
17301 18.579640581777493
17318 19.070378950366283
17326 16.487490412358603
17336 21.799336176077485
17347 17.47992073240166
17357 20.71051539838809
17367 19.53413322027918
17376 20.513469447256647
17383 18.76597930801363
17392 16.976218760217307
17403 19.27410476038203
17414 20.100194626749726
17422 20.45833601718041
17434 22.461936882954614
17449 22.632266245257053
17456 21.67722064060363
17463 16.63511507618678
17472 22.901593971320835
17483 19.459704004120432
17499 20.01484108888835
17509 18.322214449716554
17530 25.96394342869462
17537 18.828740931917856
17543 14.422737613512437
17554 24.301904753019333
17563 20.065385202672044
17570 21.81967206378904
17580 23.22617715069064
17585 17.673489012903882
17592 17.938922573461603
17600 14.664969881177239
17621 27.297820230702932
17635 11.407358570814537
17643 19.32458686486352
17656 19.34447658453719
17666 19.57032592620526
17673 18.287195687076018
17686 25.890588407615724
17697 18.545538405403203
17704 17.30075343290082
17712 18.784964385027706
17722 16.450791883120836
17733 23.43171052874095
17743 18.97547980564559
17757 23.530388315794696
17768 15.358715419902
17776 16.455210720894684
17784 21.076267950306644
17813 -2.12739294650674
17822 22.8733778243346
17835 19.49104970357584
17844 17.520110265105906
17849 15.223154768483072
17858 22.96887587923411
17864 18.64594223359454
17891 13.552567909371284
17904 23.39914691647282
17912 14.334225108200917
17920 18.39843853097991
17935 18.975433047175464
17940 14.117146103241248
17950 16.30181249207235
17965 20.13018131293647
17976 19.257687842217276
17988 23.621845256359666
17996 19.416245633749348
18010 24.12435771706223
18020 13.8852957586103
18030 21.874812068921166
18045 24.806936005630995
18050 16.48459180451173
18065 19.346469944545245
18074 21.8558288133805
18086 22.462273643472873
18096 18.74701455021859
18105 20.989822695721525
18112 18.82517399093631
18126 23.10219590332126
18136 18.20005106720928
18146 22.274156296656294
18152 16.01404875788867
18168 26.202339448592102
18178 19.37923883018229
18186 18.318937607394766
18194 19.97712608020811
18200 19.712438938752168
18205 15.233790033962578
18217 7.163645215940777
18224 20.448285948573904
18233 20.905254195147425
18242 19.813759372878124
18250 19.429344168069658
18264 18.5405357646523
18281 20.214914857811525
18291 19.41601924764982
18309 22.942201663163722
18317 21.424311894306445
18328 18.613968456223663
18338 19.665225041174562
18358 26.79299288337061
18364 17.781125686696033
18370 15.379528570473486
18384 17.311799152601452
18397 23.212913841492266
18404 21.09355414858728
18412 14.87513024687796
18421 22.730180558018034
18430 24.95047802069457
18438 15.78330931960809
18461 30.3463545557097
18471 22.025233391043724
18476 15.487861042804434
18490 21.319838973041623
18501 15.757681753279758
18511 19.858049378897704
18518 12.936432180461996
18551 18.81808298459946
18559 17.973671596904747
18569 18.05759230050462
18578 15.275519513587643
18585 17.367457466457562
18593 20.03448582972051
18602 18.978033647341363
18614 21.521724820477537
18622 19.767486349961835
18631 18.062334036498214
18643 23.930559847285622
18650 20.089670625420695
18657 20.523834964048
18665 19.994913315668235
18677 19.67817257369752
18682 16.47902779161959
18689 19.588762225293614
18703 21.16823229478323
18711 14.501024412263359
18716 16.166223158623325
18728 22.515448165585987
18736 17.406912858747816
18742 19.16942266782862
18762 15.025073298216741
18769 16.586818784321075
18777 17.292329141378286
18783 13.757765067108265
18790 21.737516382482134
18803 20.686079662268458
18811 19.072499268894898
18818 19.47768348308455
18828 20.848895812955742
18838 16.972159596424902
18848 18.79461512509879
18855 18.8327067840306
18872 23.293070048936354
18883 20.09518213246483
18891 18.6280095090362
18901 15.012476015032734
18909 18.79791670962004
18921 10.8817685168804
18934 6.1946741242427406
18959 11.21321140710352
18966 23.280297879985298
18977 23.037314314141987
18988 11.912633164737782
18994 18.538386002805783
19007 22.503974431641108
19015 17.88836023298354
19026 23.47019369062473
19033 18.201201028154173
19042 19.179856190383724
19048 16.57283958505286
19055 19.047826887240806
19062 18.25247158734128
19069 20.746965885742974
19080 22.222893875927547
19092 24.280327767085694
19101 19.564744801622876
19108 20.91909922368213
19115 19.17509132644336
19124 14.663684232241938
19142 20.87541799660539
19154 22.03775079201295
19161 18.265259043833066
19174 20.989744946503194
19181 20.856961637431233
19194 17.396263774558612
19200 17.32622200219921
19207 20.45980459002749
19223 16.093467307229
19232 22.898866852090578
19244 16.080090502437088
19251 22.077251370277374
19264 25.556891291624922
19279 18.530030270734276
19286 21.61053649421374
19312 22.82382818059268
19325 23.615862416800518
19338 24.419170162730737
19348 22.02513795642444
19357 20.96297031271388
19372 20.78650389648247
19390 18.92994448512036
19402 22.77618280240567
19418 16.264790728030498
19434 18.65680788244499
19444 22.20003898592695
19473 37.48509785269271
19481 20.314220407619725
19496 19.5933246542525
19503 17.35390794921404
19510 18.980203934373275
19517 20.544530934617793
19528 22.613867404252225
19541 14.576764605985955
19553 23.102871940517797
19562 18.514583324651177
19569 20.570513346984807
19589 20.144363539699405
19600 20.40583650859335
19610 18.339832952788857
19617 18.045511545306365
19639 23.037856296870448
19650 24.42269864800619
19661 24.018500888843846
19667 14.570509569614659
19686 24.78260292369669
19694 13.383183135384751
19705 23.712601449478825
19713 22.409437857485315
19722 18.35954953762994
19731 21.43150896285806
19743 19.465709662035806
19763 24.871588213335784
19768 19.744684832176425
19781 22.631941991591884
19790 19.22182786613266
19799 21.297715226576834
19811 16.39261661371129
19821 20.227254723288933
19846 23.855849141516956
19857 22.489897363104685
19867 19.15702108471596
19873 18.78910647330776
19884 21.63921117505233
19890 13.483538808008598
19899 19.086909047642255
19906 19.152056892703694
19914 20.815991016596673
19936 26.148349261457042
19942 18.711762091533455
19952 22.310924075174263
19959 15.88360134990071
19965 18.880979150252823
19973 16.835924615350088
19984 20.206318151015147
19993 19.7803959661047
20004 20.65108260014531
20011 16.586730705064834
20019 17.769107756554153
20026 16.429131705977486
20035 17.756555739471512
20044 13.760824443897583
20054 22.2578501829732
20063 18.950734683006885
20075 19.988405525209966
20092 14.875493284467662
20103 14.0908452282325
20124 30.324796981719555
20134 23.48627165066137
20142 18.26104932667804
20152 18.244571779127
20159 17.42339025281835
20167 14.76454353267909
20176 19.302508393139576
20182 17.627953724244435
20194 25.875602712979887
20200 19.177091707667568
20207 19.68923305014032
20216 18.67679642841831
20228 22.891996979218675
20237 14.664627018163445
20245 23.11748690937529
20258 15.033890252579296
20267 19.327911117214533
20279 22.82738069840561
20288 15.121972247585655
20303 19.00990184811817
20309 17.981207651033763
20324 22.10699609934527
20340 20.055489011181635
20353 20.600404907135818
20361 17.258609150721167
20375 20.27288011521741
20388 20.627253382555498
20396 17.689952787222865
20422 24.10968467536295
20443 21.0421923060916
20459 27.570567082300844
20466 22.16697609536932
20484 16.049230960290874
20494 20.035719561729636
20503 20.394742829397725
20518 19.70828016674641
20530 21.450065400156014
20540 18.141760961007094
20548 19.623756075045097
20566 19.92661973136273
20574 18.989102438132974
20586 20.488020728074478
20595 18.185921502538257
20623 26.71937589761511
20633 18.96591225371376
20647 16.879909852291167
20657 23.490444653214947
20676 18.760737626138145
20703 36.09589776514331
20710 15.744924221122346
20716 17.260855033883125
20723 19.243814167138773
20728 15.525836619452457
20751 33.75952099203714
20769 20.528505142936776
20775 19.912113248079546
20786 20.50660992110788
20798 21.565740174966052
20812 17.953128131206906
20817 14.973947074750322
20839 27.858673076130803
20849 21.313259621553883
20862 21.577718003869812
20868 19.06090082862793
20876 18.01174842683977
20883 19.24889991270029
20891 20.139621267434265
20903 22.870172147570702
20912 21.147042189730566
20921 21.92273277795757
20932 23.77658632579551
20942 19.802384646753488
20947 17.09715409292985
20956 21.291281180217627
20965 21.760396828482044
20973 20.753661674947946
20981 20.492152531727335
20996 15.362576371199975
21004 18.979412353385122
21016 17.983521495862806
21026 22.77430658577359
21037 20.830026527498553
21052 21.14446252065682
21057 17.641824208610338
21073 24.270235797773054
21080 16.73071301668679
21093 22.31775856184104
21104 20.79277564029617
21113 17.624429432050963
21133 24.69478600893344
21140 18.98333027774206
21156 23.25695173597196
21163 12.549812891507464
21179 22.639320831463557
21195 21.93135021234921
21204 23.41163339784398
21218 19.635023529754836
21234 22.48179162287997
21252 23.736974014606673
21262 24.62827911728964
21272 21.472464533605674
21281 20.32436414707627
21290 17.95371920727193
21298 19.503965215571228
21305 21.76995585741242
21315 20.3110249014062
21320 17.392005684717148
21330 22.367852010810747
21342 18.52931812104798
21362 24.810906880581754
21388 32.33091798016394
21395 20.68128902409226
21410 24.179658149248283
21423 16.573057125312335
21440 31.95355540832243
21451 20.606034272650138
21460 20.434064689905792
21475 17.01609789725335
21482 15.985619811672949
21501 31.932228527743426
21509 20.441258618466964
21516 16.585752612118085
21534 29.731711304487547
21554 28.949442897895644
21567 20.969223571832117
21577 21.436331873445308
21585 19.222139278997197
21615 25.379970628824957
21622 19.419002233406353
21634 24.97009133485699
21640 16.749610339208445
21659 23.955772376869575
21681 24.905741498389393
21700 31.662844681789288
21713 21.56512038160872
21730 20.876297871868886
21737 20.372592279991657
21766 34.05608755534776
21780 19.885216377970934
21794 27.176572725988805
21819 26.34427645356045
21830 19.294492606680432
21843 24.208069256096497
21849 18.106876406409718
21864 24.550982805999226
21878 20.48432019797037
21888 21.847849526871865
21922 40.65566064857413
21939 26.155624387724675
21952 23.15109108223114
21975 32.893036520111494
21984 16.130862407304814
21995 23.592397373288986
22003 19.93942581326264
22013 21.90751455791469
22023 19.699540554964916
22035 10.65213662792521
22048 23.973385504283943
22062 26.871175041359677
22073 19.730858775984963
22096 31.982063326827486
22108 22.69317492490663
22134 30.297136608143045
22145 25.013293224228253
22155 23.557319221012587
22164 25.09837903324369
22172 21.842313585356166
22194 32.2994547890019
22202 21.352035553098535
22211 20.758492139012375
22221 19.8910463003951
22237 26.149679480897607
22244 17.721453020851186
22257 27.09706967534148
22275 18.857892565391385
22288 21.638031061048967
22295 18.963443958800053
22317 19.89814784526679
22327 21.06380825713277
22345 25.664042471753785
22357 21.964428063182275
22382 36.20120056879823
22398 24.08258916361665
22410 20.76594271306967
22423 23.50727069341956
22433 21.031033561121145
22442 20.096832285207345
22450 19.350994119008828
22464 22.67131907487201
22473 19.684123858751263
22510 35.042277960809585
22516 16.168256644217763
22524 20.55189422405965
22567 42.653154716386055
22574 20.996922999992965
22585 17.21821748627117
22591 13.703199736846726
22602 19.451344537379917
22610 22.457413211026868
22620 21.112690052554534
22648 22.561425944554504
22668 23.006721302433288
22679 24.939255904362653
22688 22.742714541376337
22704 25.50911679036217
22712 19.602707841899246
22729 19.944212538735886
22747 28.705995374385385
22757 22.205662414230755
22766 19.50817858064547
22780 24.23707853835367
22789 21.49858572574594
22798 20.36219984345662
22816 19.218945420859377
22826 23.76114611955272
22832 16.601905124564656
22860 26.018873180758966
22875 24.335482042284273
22881 19.9622281302989
22893 24.51793556595367
22909 22.475279824501193
22917 21.30475882811006
22928 22.81228903632873
22935 19.520206078575573
22952 16.85572880517139
22959 20.778181025547383
22966 20.21841892601951
22972 19.767047806776826
22978 17.98290409841138
22987 23.011711068189467
22994 20.178576188320587
23006 23.922315232454274
23013 21.805934619443722
23034 28.751041049486957
23054 30.96911315713805
23064 15.174007346085274
23072 20.421531340543876
23085 20.81294189189794
23093 16.418776686460475
23107 19.019594262666942
23117 19.66449721173267
23134 29.22630412890285
23149 16.739807757489327
23169 21.683117223640142
23184 23.393389465124347
23197 19.29824320290791
23216 21.066301637930156
23223 20.896086052084865
23233 22.16752379248937
23243 23.13520637465699
23259 23.15733616677608
23268 20.133635562926067
23301 39.569244303846794
23308 19.518787041641186
23325 20.864283648900166
23342 23.586199824036157
23353 21.70577258145786
23364 22.621898113437055
23371 21.261218590826317
23384 20.86313722404739
23393 22.252270664107346
23406 22.235856798215536
23417 20.899780334100072
23427 20.602354122123508
23446 26.068309253673945
23456 20.264674575769458
23479 25.3844108289486
23501 20.37651906813116
23508 21.934542992911883
23516 20.039283829730994
23524 17.679602831722875
23531 20.732476887467783
23537 18.497771413796
23544 21.489917374645298
23560 28.90094074545777
23569 22.412897221512686
23579 23.00377245568088
23597 22.757343595448766
23613 21.00253124057053
23622 21.7359772836091
23636 14.946349278243725
23648 22.243881446617888
23662 25.64023796839465
23668 18.684439127794757
23681 23.55417374626995
23692 25.43200928033475
23703 14.223834309999075
23719 19.06589353992458
23726 20.192975491254767
23737 17.891835740485114
23747 16.210706149770704
23765 24.461791721470945
23779 21.690045967725744
23789 24.396280413398927
23796 17.823143953844557
23811 19.727022009000944
23824 21.80331980415358
23843 27.320882337683
23850 19.25192346820404
23858 19.88854008792987
23870 21.98168448766373
23880 20.867124326668268
23890 19.35153356392984
23900 21.89047430947685
23915 21.85432982471102
23925 21.727062147518154
23932 21.33970494353125
23943 23.63567625738942
23955 26.151987729474786
23966 19.851414984089207
23975 20.910223533581306
23985 20.693801651491956
23991 18.911883326890532
24000 17.750434645742644
24006 18.326618907932424
24014 18.930203409821843
24041 36.56313698149606
24052 16.75422139883449
24065 26.745748184404512
24076 23.422754356477526
24086 21.59729825409158
24100 21.881444638920943
24125 35.491204764724536
24133 23.759014503545767
24182 58.73312054948328
24196 22.267478312314775
24212 28.06603086311516
24221 20.173966883824324
24238 14.452206538009339
24254 27.02627897203929
24271 24.51740092832333
24279 23.48287522352475
24294 20.629889895489036
24310 23.82948112106242
24318 20.576197854807834
24343 30.106678899709365
24357 24.722795344625773
24385 34.08638252449309
24398 26.28856749856495
24415 23.361644739644543
24425 23.101127652346623
24436 24.10128220857732
24448 23.116845068038675
24475 26.75932237539528
24485 24.905522618576647
24497 21.214646528285808
24506 21.01977551483433
24518 23.0071140241198
24527 21.04399288824061
24569 4.354348901171758
24580 23.912756251351674
24610 29.01745571448264
24647 28.65562680178263
24676 29.644871764640268
24694 28.34028813288169
24711 19.196980495736355
24736 34.20477382204844
24744 21.793623117472453
24750 17.650552662649716
24760 20.050709239530256
24769 20.106490657135147
24778 23.307745454902758
24784 21.793681578586984
24791 18.949322939604464
24797 17.715431223060296
24807 20.941052817521264
24816 23.016659311723195
24827 23.26704349431093
24840 26.06336962727946
24852 20.2646768683102
24865 24.583762880328862
24881 28.376421631881385
24900 27.890314323813072
24957 39.83599960432184
24964 21.373933664517246
24974 24.186903009650994
24981 18.339869862461637
24997 28.308670214393352
25003 18.348495796698263
25015 18.92422086529841
25034 28.230200197358503
25041 18.66651962562173
25057 25.047597626670907
25065 20.71662361604249
25087 33.96376896849979
25095 20.886326681041098
25103 20.867917865060736
25115 23.322692374030886
25122 21.785915214166742
25130 16.800479035083843
25151 29.837828741077097
25174 32.1730101886569
25192 27.24404631875223
25221 38.85174247484684
25230 24.290325764122827
25243 23.78279845829966
25256 14.920861999253972
25276 16.220411878723827
25291 21.93486314589536
25303 23.86094186220871
25312 19.343508542884955
25327 25.509809452365154
25347 33.2357114891216
25371 34.040354918414955
25387 25.301855953825
25406 27.82362227093691
25413 18.49047088214138
25425 24.795209062687356
25449 28.32730027959478
25458 22.35075447946583
25465 20.05433497459744
25479 22.17420495335391
25493 24.938402738068543
25507 26.96397876970586
25515 18.76787855642178
25525 21.12985991840833
25545 26.263470198563297
25569 30.37894266277435
25579 22.981560438712766
25591 26.702831931164837
25604 21.63844429418241
25614 18.542862316443646
25629 24.185175182849346
25642 27.496668826827957
25654 21.49510196128831
25664 22.773975710170635
25673 23.83236992342281
25689 26.231243533585804
25700 22.33308598753792
25709 19.386900594629694
25719 21.302137100059188
25728 19.99972475029062
25744 22.639643078176594
25764 29.403857230924764
25788 30.956645745174324
25794 20.86908217093587
25811 18.548793721123367
25829 -2.366863443156763
25849 25.87842080733244
25858 23.67052014244982
25875 29.264851261084548
25890 28.477799651958048
25899 17.69420331696892
25928 35.89747069662699
25938 24.281194740964565
25953 22.33949426201725
25965 26.86927486166678
25980 17.765698372240877
25989 16.612084889196556
26017 32.671517124745876
26030 24.672164134202465
26039 21.356740647678087
26053 24.81878957660519
26063 20.053016069070143
26078 25.560679272488052
26095 23.68965892319539
26109 19.14089278925967
26124 23.212126133743734
26143 22.54846940652787
26157 22.997942618753584
26170 24.8670618535034
26182 21.45600460667774
26191 20.234242770506533
26201 21.04342872791312
26210 20.720820231002286
26241 37.406066720749365
26249 19.356718201670446
26266 19.978143095278938
26272 18.891412047104676
26284 21.46904625977622
26308 36.25769924518973
26315 22.03119641851663
26324 18.53106625911023
26338 21.292899384412156
26355 24.812716837196785
26363 21.939417412811597
26372 20.207487390855384
26381 22.06910428689443
26411 29.295128475554517
26419 18.901777868017962
26432 21.178499279203244
26448 28.43859282647754
26472 28.822699852590453
26491 17.60841579772968
26509 30.702442892342514
26525 27.361043429095297
26535 18.464039416046578
26546 20.3596689059108
26553 18.446619026456027
26577 26.146910546709837
26586 22.60694778470497
26606 25.98691534737154
26640 28.9065570158753
26658 28.31492349574401
26693 43.06708796713793
26704 18.805162667688275
26720 25.035268497596554
26735 23.685348018463994
26744 22.873751063153033
26774 26.535291989834512
26789 19.811982021440052
26798 21.203485861168883
26814 26.388160095151395
26826 24.010384042879743
26841 20.209499879204667
26852 22.784198622895925
26882 33.06009872703289
26888 19.302867967450585
26899 20.69520455960883
26910 20.850507897611536
26927 19.437337726342957
26938 14.090099876710156
26955 24.458391015567756
26966 22.503519552820944
26973 17.895366589492188
26990 28.48487653155171
27019 37.35704402170377
27027 19.641080677740682
27033 20.74677302157943
27054 25.66785860064556
27095 33.899900612649795
27103 22.485443879009107
27114 22.111706134660928
27123 23.039569473080338
27136 26.048656530330483
27153 29.95881293510756
27162 23.205888215330198
27186 37.55247640264715
27200 24.84920316532225
27223 30.244109589385335
27236 21.388906680600485
27246 19.086344936363457
27255 20.566781527752756
27296 14.078591547775435
27318 23.12147399355599
27335 28.101838760965617
27345 23.55020502139378
27368 25.238087782364165
27385 28.57660478312464
27396 22.7218966015309
27411 27.613635975998477
27437 24.233433819223137
27456 27.60629823771887
27472 23.877120486446074
27486 26.358579207047296
27504 27.174917536706197
27513 17.47252131283312
27527 25.271362917238736
27573 37.012665289793226
27584 25.651549151736255
27621 41.46480343255825
27643 31.646523506085217
27674 34.424231669500294
27699 38.945181327598405
27706 20.27460345852014
27721 27.156685345416186
27736 23.826919027247644
27759 29.75510064853442
27782 31.510368515289162
27791 22.914764294227645
27805 22.53146076540288
27811 21.033856834421748
27825 19.560998306363764
27842 23.80844767225644
27877 45.61550672799349
27898 28.44463107680203
27920 30.998047194705578
27942 20.088906947980288
27960 19.038775983266532
27987 29.73932906377886
27994 21.320571747486245
28008 24.862469042390877
28025 30.181291886017423
28048 33.77568200010574
28067 28.5204130737693
28084 25.81065342254442
28095 24.4747965243223
28104 18.225723078275042
28124 23.42198191391508
28133 20.805600884174055
28151 23.000851100617727
28165 22.58723897553864
28174 22.377048614318483
28194 17.689978585149216
28204 21.293147039614265
28219 22.477398033940695
28232 17.578261049289722
28238 20.08588473747659
28253 22.64421275747736
28275 26.962078408530218
28289 24.573825740016765
28334 31.988531491761385
28343 21.455294048231735
28398 43.36352030156558
28409 25.136562400503315
28421 23.32168829450966
28435 25.521317842985443
28444 22.344471894163867
28470 29.083731361413076
28484 18.998114981556135
28501 24.841752041871953
28517 25.357819966769608
28543 34.51474819833675
28555 24.297768002162044
28564 25.257598446661724
28574 16.29661668628978
28588 21.055830035172402
28599 18.380274171972996
28613 29.28034510278812
28624 22.237414334810452
28633 23.365444210114948
28652 25.994762723179882
28663 21.35893059692462
28672 23.854078949407267
28678 18.50116445820895
28708 40.10726076503634
28730 22.851018715099784
28768 35.35549636788347
28800 40.31462367182393
28816 26.732240506543892
28851 35.6052201428829
28864 20.809855666627115
28881 24.14827337198367
28901 21.04918340358563
28913 26.653881873535283
28920 17.058000413296394
28930 22.24428190343169
28938 22.280421251369987
28963 36.12890038678306
28978 26.928318503769695
28992 25.46439312477596
29000 20.870498181601576
29011 24.57950418452383
29037 29.70434208939405
29062 26.8182139438999
29070 21.649605450326636
29079 20.531731226730333
29093 25.89226269893843
29100 20.709327130512975
29115 26.50613047422958
29128 24.992851677356516
29150 32.673639002630075
29161 20.039985707908635
29187 32.023338676895946
29197 22.87639813747228
29227 38.67559937775805
29237 20.555279849089857
29253 22.809538102135413
29287 21.84756950930459
29294 20.196882924715464
29303 21.063289278882436
29310 18.454243287596906
29331 29.02900254253473
29339 22.276499440868793
29348 20.01365346859966
29384 39.053910502739015
29403 27.44916870662273
29412 20.738488774569124
29426 23.1230336184497
29451 23.415123790509828
29466 6.039160277222981
29480 26.978091037261763
29499 29.66319951976184
29504 16.53438988261769
29529 30.560879815609944
29538 22.693720007143565
29571 21.883874951940378
29579 19.09338441125146
29604 26.77014843551296
29650 38.16348941785256
29659 18.44658823366044
29692 38.413763471049606
29700 18.465767447015967
29711 15.518005203542996
29720 21.31118956287246
29738 22.335382070502966
29747 23.770545963653422
29756 21.036815866845426
29772 27.327214872730835
29789 28.50154446827655
29805 26.158798845583807
29821 27.381920442201956
29831 23.19220309366501
29856 27.691735655863887
29880 35.72577329731721
29932 49.09286576276064
29943 25.14369591154973
29955 22.577086608488756
29972 27.362600516018574
29984 23.250261576783668
29993 20.22614832944091
30014 34.024098100414264
30028 15.157016345740704
30050 25.492289576653274
30086 35.67543241062231
30103 27.157440511588355
30115 25.25142887284601
30159 24.76644601741428
30170 22.65463865118363
30183 20.080050263597514
30242 47.62365324376151
30252 21.759833951885227
30268 27.410064442452857
30289 33.37581557912345
30303 18.366827375984577
30337 36.37549103299244
30357 34.17390591804579
30369 21.86239164269646
30393 32.56733522323629
30414 28.365652843480348
30433 25.50880780015868
30453 29.608832509977223
30468 16.701192590538994
30505 44.49828730438603
30520 28.588355243980185
30533 25.66701829210797
30541 21.602204151962358
30561 34.665929007914386
30574 22.14845980561804
30593 32.49741548828024
30619 28.664322882093256
30635 26.760758262983295
30653 25.704315051851154
30662 18.37720429144101
30674 22.56694043061434
30690 25.87909671539383
30698 20.623864088933622
30757 70.39059007308245
30777 29.066001726817916
30798 33.44051257647661
30807 21.70276549150876
30816 19.142098957240524
30852 41.02334859805706
30887 42.78946889992512
30934 10.917718580122164
30987 46.39707268505006
30996 23.060101400210986
31025 40.92936842864292
31034 22.80488735516992
31054 33.363729477196465
31075 26.32676128204767
31082 20.409119174243823
31090 18.92891352067818
31132 27.89698149565083
31147 25.663719247958213
31157 23.51818512378668
31193 41.96791319409385
31253 26.572962236250152
31295 48.30699041845365
31304 19.75452225879271
31317 22.310068981234505
31331 23.87653659883799
31338 20.109155982636732
31371 44.51118542375189
31412 35.917171822836096
31421 23.31664748599287
31440 27.737810269022887
31472 34.320158730490945
31489 28.424657600137287
31503 26.206599408731563
31549 59.122376227937636
31581 47.03129951092705
31596 28.026740470227377
31630 39.54259045908257
31639 17.916559070801302
31656 28.46892678522563
31685 33.1955732766335
31695 18.094191580488406
31712 25.49422846109082
31741 43.01652768863715
31752 20.704104785875824
31790 38.304418821996656
31807 24.657804665043656
31833 30.537245157809227
31847 23.920637260297372
31867 33.10339384793042
31889 28.99148302311805
31903 25.87786798279267
31915 25.15053956246993
31933 27.028417138061194
31959 28.15726027229248
31988 46.869468798811425
32003 25.601450162824772
32031 27.264307479157285
32045 22.68519548217737
32067 29.323526335299537
32088 32.718691240935
32112 30.959176450737875
32124 18.724931968456076
32155 26.626854019044547
32171 23.736036091545245
32212 33.1460548187606
32228 26.15113162254711
32240 24.873391763138354
32275 45.65895694248756
32295 24.690653003167245
32314 30.102898635544985
32327 25.344964251571216
32355 23.13842886917991
32366 19.599464572039142
32379 24.67311815428693
32391 23.677952860963707
32405 21.788114441616923
32426 26.845553494090566
32475 41.31062264272623
32504 29.597202749639113
32510 19.311633287218864
32521 21.8401936081922
32532 21.90490954851993
32552 27.351654044975298
32563 25.020972607714068
32574 22.695600884013402
32597 33.85033601527539
32617 32.43825051120948
32630 26.61076864548086
32671 50.86169218607393
32688 25.535195280352486
32698 18.366263790935044
32743 20.002356930478705
32786 51.93986769883341
32798 20.120946648324026
32808 23.893143054615937
32827 26.41199182884884
32877 22.696668731106914
32895 26.252808534745412
32905 16.89113522150874
32940 49.18111059762305
32955 23.418450964287327
32984 31.26637958034844
32993 22.72981884256005
33040 43.238094852308855
33049 20.89232097889908
33058 21.13623734798166
33069 15.964692683517931
33079 22.248744073914715
33092 25.775941380721633
33125 43.575879139160676
33155 31.08871660243894
33162 20.24618092710152
33189 32.18300226389111
33231 48.65538527844329
33245 24.756285650466456
33253 22.04981922782026
33303 37.342622781312095
33322 30.649196569551712
33331 21.381820662503014
33367 41.456141468224814
33384 23.532384275394723
33392 22.654896350510533
33421 32.610131453631034
33440 28.513592812979187
33467 27.8967509629947
33494 28.212028088180528
33521 39.495509836020936
33553 31.440101780809343
33601 46.08978867630939
33656 52.77529966069561
33676 20.72168922232522
33718 39.90828673867946
33741 24.181400596893223
33755 21.141024189016026
33796 31.106053450323813
33822 32.35826358705672
33846 40.64762268412159
33872 33.23820960918238
33909 35.7314111296786
33936 39.651058627816376
33996 38.80022715219092
34003 19.675547309171815
34011 15.424834963303875
34039 34.828313452690786
34070 34.372828122273496
34113 41.185376686108064
34139 37.16615057609015
34160 29.175445335565016
34202 33.12414111624966
34238 22.735664476511012
34251 23.842166994661966
34293 17.26355099407665
34319 24.020067529850344
34338 28.261628506312263
34371 38.57512556410947
34412 20.35350529305869
34451 40.457040439908454
34487 21.924587838126172
34498 21.451976141713388
34506 20.73081961828284
34515 22.560222077817887
34529 27.39338705763221
34554 36.58410826572362
34593 50.202655852286256
34610 26.862779258734374
34622 21.664290390277166
34636 23.338780163487534
34648 24.82891946531745
34657 21.08616032389691
34677 34.2995757517885
34697 29.373423169291346
34738 43.53820229871634
34761 34.30509011169634
34770 23.18354091396759
34791 27.315862150590693
34812 21.474462751013924
34841 47.347027514665385
34881 47.013707845554734
34896 25.641275482813942
34921 39.40877327669732
34949 42.27078674816002
34960 21.318834863236408
34977 22.938604934836622
35000 29.90729926845961
35033 48.98060869799665
35055 27.958789908367912
35079 30.439089808826974
35108 44.60531758750149
35132 35.677943689584204
35144 24.573192003220903
35171 42.79445951329253
35184 23.588491095149948
35224 22.810862077533965
35244 30.077518146355576
35294 42.352242420900424
35330 50.9446490253904
35344 21.25038511255989
35368 30.65977127894002
35392 32.1609316534421
35424 33.511456142974204
35446 32.84002165593847
35469 31.69183968011203
35482 23.850350494726445
35522 26.346142526445327
35533 25.758896693323912
35552 28.65889153231546
35594 49.97797236612969
35614 31.22911495681619
35643 42.99334063630522
35665 30.391294727203785
35681 24.334347420136325
35699 32.48039459723223
35716 23.27725870690338
35734 30.7256968769856
35753 21.28443786840071
35808 47.41249546259788
35847 14.018227872434363
35893 48.23751590871106
35933 17.627656366208974
35951 29.731059649580857
35968 31.8003024757767
35992 31.85317206891777
36027 15.321031857866913
36064 21.942517971144117
36076 20.980840871305553
36089 21.61931397541921
36102 27.419897822095663
36122 24.931223339019926
36143 29.96590380207053
36190 26.836072336370123
36215 33.510722851412716
36255 41.395294155483136
36285 44.36468257410307
36321 14.896238685089335
36336 26.892043592636764
36355 34.342076446852296
36389 51.853683154194734
36403 25.15280330410751
36433 28.843833438743605
36473 27.419519542473438
36495 27.18784543648508
36535 50.72223730517436
36556 28.67165718959441
36594 21.75725659839081
36611 28.224878476206506
36636 36.3229827602292
36677 52.895919088473605
36721 29.37436739643454
36754 35.50345030793977
36782 36.502698705879446
36799 24.028005625132938
36829 34.80228085280104
36872 49.3302264216967
36928 56.3321917999012
36977 36.064372920586905
36993 26.331192806335455
37005 25.530259820520584
37040 40.869932501448794
37058 31.13278759072127
37104 47.70990945397935
37141 49.2245042815659
37179 24.931882523860256
37220 27.939095162639568
37245 32.27235095912184
37257 25.992278894851914
37279 31.01615534760203
37291 23.72619300708611
37300 21.50625156619353
37318 30.48255345003854
37333 26.01908722759108
37359 33.01972321624635
37419 35.57632972128921
37465 42.990261916021694
37501 42.048144214824426
37544 49.11964802255098
37583 24.612932027298662
37618 37.332715414412085
37642 32.56224657416315
37681 44.27491708718444
37709 39.5870123419867
37758 44.1953201330718
37779 26.651487583121337
37823 50.69884124167584
37844 30.192008160246772
37853 22.61640470835846
37869 30.22325905506295
37890 32.155614674933894
37911 33.17311073105811
37948 53.53150941772036
38008 54.2179368622499
38054 33.75739727994077
38095 46.70114107048139
38105 19.889487301417102
38131 32.1898586827665
38142 23.457700741212467
38163 32.9211134617246
38179 30.00532704865327
38198 28.41825387206336
38216 30.70724680912972
38228 22.03083184026327
38284 61.228440823484576
38305 23.36491355461767
38336 38.627308535345946
38390 28.899798888908126
38409 32.50839243192749
38434 35.74040650980751
38488 41.53953077258921
38528 40.19314479541209
38576 32.95999889667727
38617 21.139701918876373
38647 41.25522251461662
38677 37.803862282510096
38704 35.03794660067798
38727 35.596428687064325
38742 23.74477452594438
38762 25.95025508658
38805 34.803395041578916
38830 40.93776649951614
38862 45.5850841788284
38877 24.76442909313482
38893 28.082039365483794
38916 29.226418887601188
38940 22.119413101249666
38952 22.372343932163492
38993 26.455261800494913
39037 54.05438993845018
39075 40.387068265535355
39092 29.172707001633533
39100 22.292922071659994
39118 26.820142972788016
39162 59.267783478833735
39209 25.745533821113348
39268 41.113785939688384
39291 40.06348963234923
39325 42.714951929821105
39344 24.88654780740762
39395 46.1520215301949
39442 36.15528531710879
39488 56.777890110813296
39519 35.656927757030644
39538 31.60400317397871
39584 32.76507947734061
39598 28.24191941320896
39646 21.20153863942687
39673 24.991088770311038
39726 58.45728208881047
39743 29.982276713063758
39784 44.10890395990719
39834 53.94903612010822
39872 42.70967252558475
39886 24.080101986935187
39904 27.109190625556217
39957 53.93579764766619
40004 27.009005099452043
40032 27.899430291881437
40062 27.020120415993727
40115 70.15608386802485
40138 33.32523559015098
40185 51.77105983247894
40235 50.74723452336621
40282 57.64003390972067
40329 40.29065752232855
40354 34.08377503629308
40407 51.54520693162777
40431 30.435473829842522
40451 32.87371046033368
40473 36.25601703489228
40501 29.480883814753913
40537 49.869637738955504
40557 33.42645428805699
40602 55.10793456052052
40655 22.438072948355686
40709 14.634609473214368
40734 33.00106793587912
40757 30.249496018320503
40771 26.159093769015453
40800 38.60397298926546
40827 40.21371493954211
40880 39.62463858247792
40925 20.524661748524526
40941 27.115666237144612
40959 27.49930060553306
40977 25.261015479129856
40992 27.35408793517272
41015 28.846051247772994
41046 44.6330256622532
41110 45.225238940153204
41158 33.444440407399085
41203 53.48807114166703
41227 30.277959397259107
41268 22.505078834347664
41301 32.7833882951003
41351 34.05158627950005
41369 28.991034555502118
41390 32.08024657448696
41409 29.31595151844667
41453 32.2524964347409
41474 35.09587029735558
41517 56.14671885908756
41554 35.78466979436488
41607 32.49507218397484
41624 28.73257196061023
41668 54.714535397416334
41683 26.000728334861925
41694 26.154253523949592
41738 23.82876645912038
41808 47.89097857726301
41822 26.984637135706727
41859 33.25028543906082
41915 35.05745353348176
41963 36.193503639816484
41983 26.053975239026478
42000 28.330661070554928
42024 33.34687902414735
42032 18.37879112046794
42053 32.892080228400296
42070 29.170642710529503
42090 30.065307108810522
42145 39.030749875071336
42169 36.71150327867216
42211 40.00392664577667
42269 48.53356692631933
42288 32.33120595414075
42308 30.74994069311069
42351 36.545567371309154
42382 43.583448458633214
42397 26.507221622868386
42414 30.59922710034298
42475 45.58097705615655
42489 27.545603638226748
42534 29.949962765356744
42592 45.90625340845873
42629 46.34667563911208
42649 34.27180543593131
42673 29.261830333484983
42714 56.84765976283961
42759 34.6893601083284
42776 30.621120669599623
42825 29.784275432444705
42852 40.13327126460207
42902 33.618835954117834
42924 28.710715693967355
42943 30.29221258595499
42992 60.08232989462705
43041 44.61336182478989
43065 23.587467655347428
43116 60.06192165644605
43156 58.0140064907755
43188 43.83247279630886
43224 48.651318728618214
43255 40.43769144371327
43311 22.649452177251796
43322 24.650060270346877
43335 26.283430475486966
43347 22.593688790158193
43378 48.622388866070835
43387 22.58173864340352
43398 22.928393889259315
43417 28.11165952516021
43428 26.560374391621735
43485 40.98623914907075
43507 23.53508214332542
43524 30.32887338263681
43548 32.3576601431676
43588 38.0360372973635
43620 43.91976427202026
43643 32.290166402210886
43666 29.43214774494699
43708 51.983999351978134
43731 31.28022460360953
43773 25.451687377954656
43788 26.335268323456695
43824 47.46983272459039
43850 37.81581795964011
43867 28.778538287863196
43907 31.24437719317648
43925 33.86441348028166
43939 27.34989072101162
43983 17.148562194698027
44001 26.457683349787843
44050 34.11942064622126
44087 40.698662109013824
44101 27.048591443209443
44126 31.29410679001885
44164 50.22153633866694
44189 33.71044202751946
44222 44.00280867128168
44265 51.64405323645333
44286 37.31053665361687
44302 26.547604179102933
44321 30.145006466504128
44356 47.099936093833804
44399 51.51254718411802
44408 22.42395617061993
44450 49.28208001502353
44458 20.67446485466644
44485 40.80717122098576
44507 30.0455111254254
44539 38.485800227391884
44558 31.527442464459455
44606 56.617535528680314
44620 27.581039163169045
44662 55.27629313546641
44676 27.221230525648572
44729 49.88059347301604
44762 41.2834521849436
44791 37.237471555767115
44829 50.10842088101781
44877 44.415644535192406
44923 69.93139531511697
44940 30.443802567395323
44975 48.414795655183845
44994 28.588983789958
45018 40.14642299242987
45065 29.826407963151
45081 28.158231034557687
45102 31.657046119612637
45136 45.608657770704305
45163 35.941215738106976
45182 33.89973749777419
45221 47.51918830512295
45265 60.28330331533652
45289 31.675054569842175
45303 25.562057583774735
45352 51.24359147122595
45392 45.54730231470602
45414 32.83992220964864
45441 42.25852944232465
45462 27.73326241303585
45497 46.02902833372645
45523 33.66075133061095
45555 46.23022658315749
45600 43.25107861868892
45642 47.88262248107058
45656 24.74526153648476
45684 40.710089722283016
45701 28.516130322268875
45746 58.47004118271143
45772 27.09065439113765
45789 30.520747078933343
45823 52.00442393107369
45861 52.6509188877826
45920 51.407152988597225
45959 42.857117900473526
45977 32.56350427410216
46000 38.70897354040645
46038 49.19397353880049
46075 53.66270427404962
46089 26.0135306743221
46123 45.81527053559984
46148 30.628432393858386
46191 26.60726055381384
46241 33.88594613829773
46290 50.13178825760114
46339 64.88248758166883
46372 38.79861424114206
46407 44.76375187715458
46438 35.131927887229544
46462 39.65009880284342
46507 27.388757362682362
46545 52.454409863858025
46572 33.2786991020359
46619 57.585941853430974
46649 45.68831937724899
46667 29.7768373132043
46702 50.34054761676234
46756 39.57150684308435
46766 23.628325199287794
46807 53.307850383689214
46821 26.267136614270562
46835 27.374257652116654
46876 45.159576857753564
46914 54.89716884068912
46950 50.8353539819116
46967 29.428841566946353
46987 27.16746510295052
47022 49.510727322919415
47048 39.720496277051275
47090 38.613635033550956
47133 51.451513855156364
47160 41.25584235654532
47188 41.41726525829145
47224 35.08986242844695
47265 46.12602864030631
47308 36.42533563464095
47338 39.814758691393955
47383 57.37083574120189
47422 44.12452168821327
47467 56.84215267058461
47480 24.17529937204818
47519 13.36147985864809
47546 33.987038433046834
47587 29.638317930583437
47630 51.32252191746811
47647 32.469362423750866
47666 29.507031834166263
47715 41.567582326839336
47736 36.194044510090315
47768 27.309222494138524
47815 51.15769359000552
47857 33.930187064244826
47909 66.76102997054696
47963 45.017599129703015
47978 17.942728443992383
47996 27.723777434462683
48009 24.70371230064193
48063 62.3068965677987
48079 28.932792116560446
48129 55.53291799009749
48141 24.533228419747317
48187 29.113033499641464
48211 35.5233741283475
48227 27.67668592631526
48261 56.32192765455694
48284 27.886512074011257
48303 28.019206718369972
48339 36.079774052735594
48363 26.95138024055923
48386 33.55718458512274
48413 37.601107258540296
48430 31.257282321395177
48448 31.372289179172363
48495 24.304462481550583
48519 30.409504744480365
48575 28.806392702728044
48619 19.490864686865823
48659 60.934032503791975
48705 59.9167345378024
48751 33.98460635738302
48805 28.700650056036842
48844 38.809048525807164
48883 46.78391390294855
48931 57.34665343220548
48968 52.50490593655705
48991 32.38858772994281
49025 39.61525038851104
49069 34.04087688586298
49119 45.345569650364624
49135 28.91706121851748
49155 34.17869898507779
49203 62.823001114255746
49240 47.76259444314056
49294 72.53606885708284
49311 26.85384498587955
49354 56.49956136726395
49381 39.3599009252328
49423 34.62748056815763
49455 40.22191594211327
49498 57.055364668468236
49570 53.360438110069666
49584 29.00817610507365
49608 39.47919046943861
49649 40.95409961883415
49694 44.61179830495385
49718 42.05608759162424
49728 23.01532326862216
49744 29.078738671138126
49775 45.64656915038357
49816 55.54645698184323
49846 42.13414982930263
49870 30.074901934013177
49891 26.301486194401512
49933 12.36904593782674
49973 53.01807967955684
49988 25.472310006078626
50039 53.331308630551206
50090 44.15610458757291
50118 33.97735417659423
50159 27.508582396690322
50186 36.709997805433524
50265 63.950216812275144
50290 38.23068244118039
50331 60.03509019922204
50371 27.817603506337033
50401 39.50683322394905
50441 55.4796840595256
50464 37.14632963492332
50499 41.23207811075991
50524 34.709970946285466
50570 48.614525895340165
50591 32.984298123819464
50609 31.42659093920374
50642 19.064451478303816
50670 44.005820225380006
50720 31.740844396133614
50749 34.407460978513704
50800 38.60912976655526
50835 48.25454209862363
50877 20.977553326303305
50924 48.92896969777794
50953 28.93579787724738
50980 36.68146801594703
51018 35.08645799764344
51068 36.10682951720519
51107 58.999468087300194
51155 57.94651147291879
51165 21.23717828786757
51174 21.346130596696455
51212 46.14462123919366
51244 39.510099871146664
51272 40.44384069040826
51309 39.38835087105399
51352 53.21838611064014
51378 39.386410642103876
51396 30.236811632246827
51430 13.079629488907806
51460 9.147681054560241
51505 59.027543305157444
51550 35.179832903719216
51607 31.96304804078245
51620 26.6949562649912
51642 38.079929041927976
51688 31.153053599105622
51708 33.68967159986205
51756 36.64622629530349
51788 40.856177379435394
51823 49.63323986080358
51862 43.74788793965854
51919 46.69056564518394
51950 45.10165233990556
52002 44.07190227339743
52041 42.008856742113124
52086 41.65357948010497
52107 28.9907934282397
52139 48.34145820994453
52152 27.277347036401626
52196 44.95816160871764
52216 35.80008031194593
52256 41.61486147259565
52281 34.11140964606893
52305 37.6196308666098
52332 43.940598708506144
52360 32.73130403149698
52425 72.4987903996065
52476 56.89617538106831
52503 43.819316088929185
52541 41.81137321190763
52590 34.48198731132289
52604 28.45118821395881
52616 22.543344005091058
52639 30.535956373468796
52664 39.83912959002337
52711 64.55851186492508
52762 50.46893753394833
52816 56.29982201266684
52856 36.61056399668595
52897 15.461922963774125
52931 47.73919250965118
52954 34.19028573806281
52969 27.101841878892447
53004 49.421142548450725
53026 34.19005465301016
53048 29.413945229616363
53066 30.55779625879222
53103 41.337131934527136
53122 32.51898766513768
53144 35.51806290648383
53188 59.84034431234322
53203 26.891763775618163
53252 56.08748067612033
53281 40.818481336676626
53327 50.37600907705054
53376 53.732704795412424
53437 50.22625249174016
53488 42.32901724193216
53530 51.36943032064155
53606 75.10427573846245
53642 49.95310509681294
53687 36.725236502612816
53706 31.19747953210317
53750 48.418887208384696
53784 35.24781974895013
53804 25.258529724384427
53827 27.19544715345546
53872 51.67843084355263
53920 51.038937704208365
53960 46.899293308131746
54008 63.716045972498236
54051 59.829189166655105
54076 35.26177458881138
54114 46.540810020652124
54131 29.29145136773586
54143 24.962640797589845
54197 15.825397613069802
54243 39.7207821183154
54300 50.320348430708684
54326 31.512026940600478
54338 22.68340178854705
54384 40.27371944827029
54400 27.34073708890937
54422 30.941907704748154
54464 56.48841167089414
54506 36.534053715568746
54568 70.77085130165214
54610 54.63018579967028
54666 66.55453281323719
54752 49.93583235879049
54799 32.956352710501235
54826 39.984480744395114
54872 35.032541737832084
54916 48.981230118576775
54947 37.59106436853909
54997 44.38697299145276
55041 50.69198465042573
55059 25.480881972231142
55109 71.99625293985153
55148 58.151036202569955
55200 35.93820805114811
55230 46.183688924614394
55273 29.704783376364503
55300 37.722215908483484
55351 56.39532475058221
55396 60.132794946867214
55412 22.464068326899728
55438 35.28885329047189
55457 28.712148298355167
55513 71.73817287722922
55547 42.18472415601718
55574 41.09584126363479
55612 39.24098708785896
55651 57.71291488698189
55687 48.51892592781914
55749 61.28030356833915
55779 47.95364073883102
55834 43.453026347211555
55864 43.18705858201428
55925 72.09973882259656
55937 24.145000199398783
55956 29.63762801971606
56001 48.44039926459809
56022 35.22929364664742
56082 48.411892571678614
56099 28.812444520664577
56133 45.32938412949007
56168 53.47301108468382
56193 33.37459536451788
56227 43.74175447078014
56279 38.15045248388487
56302 36.46957617395237
56338 48.390604883259215
56380 43.452004066811064
56423 60.24849051316996
56450 40.507523927967114
56489 45.84768145831332
56537 57.84649442005904
56563 30.852721685095457
56583 25.902267523466435
56606 33.573258133033235
56661 50.57769990070082
56685 29.997829445666866
56704 28.204532926582033
56723 27.42486211165233
56781 34.29621426653031
56799 32.24610815759952
56837 43.33709407269925
56864 37.675888696726176
56906 56.03238211700663
56945 54.73333487162017
56993 49.94547664436251
57025 47.350377748337635
57058 39.97800230185531
57111 63.522883898481076
57161 50.330753807158914
57192 38.775426370896454
57236 53.30787441490684
57264 44.030787503205644
57320 62.79204835354176
57344 37.533452987216876
57388 33.04964140094526
57416 37.46529932118137
57452 55.16104444669764
57494 55.97092969535297
57533 35.303481941588686
57596 53.718308671348495
57661 53.6604879541861
57700 40.66476681132771
57759 60.64144482080304
57836 79.6501951700906
57896 69.48871195942775
57929 39.59567265667137
57980 52.39784163575969
58007 36.372148128421394
58056 33.6263856851001
58077 29.312821072289083
58111 45.176655258015664
58151 56.10661630876275
58192 52.746261275664445
58221 38.88368198755779
58254 32.56092334214773
58287 43.29516028906363
58359 60.01288912479649
58433 66.49736133423283
58483 38.7609532748349
58501 25.762108828945202
58553 69.99688415156562
58615 44.92242659632611
58663 54.163122395885864
58693 38.67077644302335
58742 53.52509395356755
58778 43.607289730933545
58821 32.63659843697824
58845 41.36349932534213
58898 54.0063805893413
58936 54.32452578083902
58984 54.55809619947975
58996 23.189342485400267
59057 65.52862360361614
59120 56.26994424158185
59183 64.3895251392998
59234 45.48267671203357
59250 27.488983569692937
59291 49.435290324219366
59328 50.93200372667488
59357 38.41468270578043
59402 31.409506970935034
59421 30.27357736824779
59472 47.38133335614985
59512 52.657239820779076
59550 46.99185704510601
59593 58.82743387516965
59668 71.62981973224669
59719 66.04906955702465
59761 46.68754538872162
59782 35.75235745083045
59829 53.482181455945835
59866 35.58824531772262
59891 36.46719626907143
59971 75.82493379652591
60031 55.14831998054143
60067 49.941998319984116
60102 41.877113921023565
60126 35.44266839334741
60172 50.499881307507145
60212 57.7703641131142
60236 30.587750708815292
60256 36.41495527994412
60299 42.52599236091918
60333 41.36324327117181
60378 58.17157174892054
60415 42.0525294645442
60460 51.10123262537237
60519 72.46254409817485
60558 36.16319333487045
60598 44.96072319966186
60620 27.08462370169146
60668 49.40531623587011
60698 41.90403776213207
60720 23.945638599294753
60776 64.61461231444846
60824 46.35522218402184
60847 28.945988658562424
60878 39.56431558534968
60934 43.47216190145845
60984 52.51654283336829
61016 37.167404429054294
61047 47.31337393596623
61097 58.86977151887406
61141 56.19899041124883
61183 31.646548519100172
61266 57.39011745209573
61300 48.46797895707278
61349 51.10182500330122
61393 48.810910527745726
61416 30.927942075356263
61473 71.12893635195653
61495 33.037272962907444
61547 65.64426923903228
61612 65.1330437290235
61657 48.40509695528598
61678 28.642495624387813
61740 55.1500981717516
61784 56.902045257827574
61835 43.52134751688865
61884 45.7378444758142
61929 57.525032277377605
61973 59.27790046516311
62011 60.87289432500693
62039 34.029381603482754
62092 53.115374377885026
62140 55.42340878796822
62174 51.19848737353604
62235 71.43883775571159
62257 29.22062942873599
62309 65.63186080584126
62333 31.134189701818105
62397 64.67502105823658
62457 65.39281296672854
62487 39.68214513606799
62545 65.67459955048544
62598 64.07296180195263
62651 65.5643098436165
62693 47.11985668970883
62752 73.80113291541636
62783 31.990790783762346
62812 32.333129492793525
62857 58.621392935042984
62883 32.45079908122425
62912 29.78234926477744
62968 56.652083021734136
63001 38.57083231543511
63044 63.78080975267948
63064 31.210675333855036
63113 62.99203607550153
63151 51.626944923005055
63197 55.62691504717222
63226 36.78349281934933
63281 51.85937010501511
63300 27.4065954422651
63313 24.308168936545556
63364 48.805030793146564
63398 49.715851915261005
63446 38.44837983375618
63503 60.20381630709745
63531 34.08583973312925
63578 58.65434993415257
63627 35.5941310806491
63719 59.835989386752765
63787 69.1842424293587
63825 45.027006590436216
63903 73.20001410372208
63959 44.19946378560124
63997 45.53217949087701
64041 46.22279700973158
64077 49.3301776224369
64106 35.09419138659578
64150 51.8137587741905
64200 50.62345813376015
64253 54.323050117107044
64306 56.410999768810875
64335 32.0504008974167
64378 51.73777627321542
64429 48.0822006574308
64484 56.92471006351842
64554 74.01514769004278
64613 49.208326531999035
64656 41.59795394347458
64707 51.4410689766839
64752 19.62686526910839
64792 48.116157496845716
64840 47.750516457053884
64895 58.85488496039179
64940 64.92320450999688
65001 61.80595297513064
65053 60.72927018623741
65074 31.650809223735994
65148 83.26937624345592
65185 51.7245145022418
65236 55.441135949427554
65247 26.041800847178088
65283 44.7512436669058
65339 73.10018044367463
65357 18.509048081807858
65401 61.53514676752238
65441 46.29954985391669
65492 57.39900461210635
65546 29.686598597356348
65607 63.29148451038928
65659 38.94915124279941
65703 50.38252491436725
65758 59.03058947534881
65799 48.21907189650084
65840 49.228015301738914
65906 71.08857693475144
65971 58.74580701126396
66024 63.705092949766545
66060 50.78640018164297
66119 64.80417513079155
66162 55.68968951288553
66189 35.464214695530245
66232 53.80461577689565
66307 78.48373982474295
66353 57.45225926434213
66396 48.37900446686544
66481 81.42109900058422
66511 24.682761527421828
66562 53.64284571071038
66599 45.891538181506625
66658 61.35989005287701
66713 71.02830674362195
66751 50.306189029916986
66817 64.62505292196145
66895 83.93225643728223
66940 50.635485768245424
66982 46.591032427466416
67043 56.628987737081495
67079 48.5310543193962
67126 64.70217320811643
67184 51.35165134408307
67230 48.38230545064288
67287 71.737496507552
67309 32.525525080920474
67362 56.242472802462004
67430 79.44402200370969
67498 68.18772234085338
67566 67.46728546316592
67592 31.97908016534638
67670 81.18786162174219
67716 32.6087947721855
67759 42.071658782457234
67823 52.77640509756311
67878 64.17566607015179
67939 49.366273267798555
67981 53.73596654743741
68041 71.33721026295389
68066 34.76220132847811
68109 32.3601439006845
68161 70.11299715601199
68206 47.78841779299982
68256 64.0802435388483
68293 41.83276884656806
68353 59.52565360540175
68408 52.820858127332755
68472 67.4998766423887
68521 53.12334853394422
68568 47.8650937621278
68597 28.988195534460825
68647 58.82513718648696
68683 51.99129740158678
68733 42.281622869758586
68784 48.87977074053051
68834 51.438133694055445
68870 38.87877215789485
68910 43.49649800356857
68952 51.26194101239089
69070 98.55853274136172
69132 47.183325869977125
69186 63.120531425491215
69227 19.525471556132832
69284 72.8833721906325
69343 12.77088081078546
