# reward.txt contains number of transitions:cumulative reward
1600 -110.49622497519688
1697 -100.77322113642562
1741 -106.29178922860139
3341 -111.895021209431
3404 -113.30734279196275
3482 -115.68451679139335
3536 -108.62722439466417
5136 -110.50644763550878
5236 -116.46471087808781
6836 -110.11509640100167
6899 -115.82539618326754
8499 -115.69881516682233
8572 -117.36646814342464
10172 -108.86971609786457
10249 -108.88702285912757
10330 -105.04155215798878
11930 -118.640317986377
11999 -106.493028449346
13599 -100.68220430072134
13672 -116.42221883365885
15272 -119.4976881030115
15436 -119.22719622019133
15526 -102.83929367460807
15594 -113.61710656207117
16928 -214.00722157653382
18528 -109.36128442523321
20128 -108.02625953455139
20195 -103.67781757162821
20261 -107.50114802424082
20329 -103.51753026139177
20393 -114.48505132245334
20462 -103.41618499663659
20537 -113.66027643044882
20605 -114.67096278448527
22205 -114.55077077218832
22309 -123.22827550698119
22373 -108.20063435643353
23973 -106.48309199017191
25573 -113.41762930270848
25632 -103.31390453450071
27232 -112.30717062207631
27293 -113.43464417112432
27353 -110.41590088932278
28953 -112.38088678989905
29084 -106.17451171424146
29129 -109.18600012656954
29203 -107.24069768943886
29382 -131.37984284958986
29462 -105.51611747323474
29522 -108.82827054772153
31122 -111.44114814383225
31183 -115.02463184990113
32783 -106.41022557685402
32876 -117.75548512603281
32954 -104.89344546664817
34554 -111.30659729729653
34651 -100.48285216379662
34716 -101.08672562708644
36316 -82.62029091467514
36382 -105.73383087945791
36451 -105.05997788461484
38051 -113.65166764396066
38132 -116.3479521358094
38203 -98.56977912657335
38280 -119.20223925927095
38352 -113.17921013946459
39952 -87.17900534130568
41552 -105.83549114826376
43152 -106.76895250095188
43217 -102.84875370451186
43284 -116.46214497620488
43413 -98.70089316947944
43479 -116.3739168425668
45079 -86.22784669657217
45129 -108.76985784348659
46729 -78.71301459747542
46841 -101.21580396157069
46906 -106.62879206862921
48506 -108.50468662060301
50106 -105.66000881706809
50166 -110.56031161961145
51766 -101.21272834698436
51909 -126.44657985037736
53509 -104.01134664539553
53600 -101.3039755667653
53691 -104.42259095419197
55291 -101.32090553912943
56891 -105.31128456353963
58491 -104.24684707154216
60091 -101.77899178353127
61691 -109.18696695846387
63291 -107.32959149261141
64891 -103.41306101761354
64951 -101.572896737673
65005 -103.3736208643578
66605 -99.08656282677478
67004 -141.3672557672939
68604 -100.69796750647266
68676 -104.36524867100579
68761 -110.62846438058901
68825 -113.24717293061813
68879 -103.33868327324713
68940 -104.43086759812137
69022 -104.48538707089672
69099 -116.93626868765429
69160 -106.23762695775677
69232 -111.18783188407744
69327 -100.56916024435623
69409 -113.32990415305335
71009 -106.49350363706348
71096 -107.89045601828956
72696 -97.69570349712603
72817 -104.19150781307928
74417 -111.33103632180216
74491 -120.61550962491893
76091 -100.81494366746212
76162 -99.98773102295212
76245 -126.83266005886657
77845 -105.44118572618844
77906 -110.99235430834443
79506 -99.04677662049544
81106 -93.82452469243049
81161 -103.36054392929934
82761 -105.84841684858885
82850 -106.96375611499325
84450 -103.40330232543552
86050 -103.13564747500409
87650 -108.9108534549351
89250 -96.9360609738628
90850 -100.46734566662973
90910 -108.33727351989721
91024 -124.88950325545731
92624 -103.72606306946878
94224 -108.18460263751894
95824 -107.10559202464906
97424 -107.24664356485634
99024 -102.69106621913683
100624 -101.57850218348014
102224 -96.29121924133844
103824 -104.60050035439458
103897 -115.81073606977301
103948 -108.80611026142662
103994 -108.77554450219249
105594 -108.39659863693382
107194 -98.91167926340671
107247 -108.32656980957836
108847 -101.49181646829723
108939 -100.3137302473501
110539 -107.9543741206923
110585 -107.86881808659993
112185 -103.12587589169534
112258 -105.86553129186916
112378 -108.62702924492578
113978 -102.23835927851972
115578 -106.28644852404358
117178 -95.72017589881094
118778 -99.49834940279906
118851 -116.10447965026833
120451 -95.57565413010772
120515 -116.82189222525494
120560 -108.2706650585023
120646 -110.06424385458914
122246 -98.86791994820535
122291 -112.77009165352459
122343 -106.34701060786223
122391 -106.52038079562038
123991 -102.64712254129978
125591 -104.90339789378854
127191 -102.55713053211373
127245 -109.98176422808072
128845 -102.43858662691649
130445 -104.40843951337585
132045 -105.38715618201273
133645 -106.54334746322904
133716 -103.66736884763806
133787 -103.32872770147584
135387 -104.43196025934611
136987 -107.86904211708527
138587 -108.1684841885103
140187 -99.44185247572945
141787 -106.44979107684408
143387 -94.22129579062943
143464 -110.12601604125898
145064 -101.10645968781417
146664 -103.597228068731
148264 -102.3397386973288
149864 -90.76367086649554
151464 -100.34287598264306
153064 -93.45405988271152
154664 -98.36422217548291
156264 -95.58877006759917
157864 -89.38751026372684
159464 -93.68818609957695
161064 -83.39249930528176
162664 -92.14910458582892
164264 -93.15683661785145
165864 -91.86056408651675
165943 -122.48415220161402
167543 -88.96905335670264
169143 -96.45962414129959
169200 -111.03763831626996
170800 -91.73391548570862
172400 -84.64403868014622
172449 -103.55025222390022
174049 -93.48241887405153
175649 -86.3283789778854
175705 -109.39015620771546
175792 -113.68638965256264
177392 -86.68465215510557
178992 -92.45668052565559
180592 -93.27131641462006
182192 -87.96035311121055
182275 -129.47547231187548
183875 -95.48117490619421
185475 -83.62954696164459
185542 -116.51804452593935
185613 -111.95474030112662
187213 -91.17449594004569
187302 -104.732482098169
187375 -106.17336503402454
187479 -107.36640317085633
189079 -90.73110554655086
190679 -84.64635504734898
192279 -90.16788484789035
193879 -95.30066489398793
195479 -93.14813504471687
195542 -124.53026819822254
195642 -119.0658813524507
197242 -90.3031184981496
198842 -91.50955243747822
200442 -84.33213867486688
202042 -98.02445828359328
203642 -93.04298928272988
203803 -114.97079508127273
203873 -111.48084595797087
203953 -125.89865240480067
205553 -87.44428963687905
207153 -87.39996540158424
207229 -106.65937225272444
208829 -89.12434346711173
210429 -90.43157890780344
212029 -85.92930954357477
212094 -104.10350563133757
212203 -107.08493174958974
213803 -89.36381158339452
215403 -84.8716165881604
215466 -105.33227007613641
215517 -108.01372924728753
217117 -78.50601730535115
218717 -83.18187681153606
220317 -85.9370004284213
220378 -109.10995283199722
220457 -115.00571967227944
220599 -110.59091614044954
222199 -84.4702123419103
222268 -108.8090458178011
222345 -101.76551037544074
223945 -84.75909178481864
225545 -90.38426110991828
227145 -83.24641389062869
228745 -81.09402902344038
230345 -86.76871781296894
231945 -89.99266699976654
233545 -74.52590103362134
235145 -77.61702566000326
236745 -75.94479517627876
238345 -76.39674127904979
239945 -78.78913501027053
241545 -79.04762980519402
243145 -81.89558021368653
244745 -88.58308307740334
246345 -78.09936570618493
247945 -83.46679348355651
249545 -86.52037484052659
251145 -78.91848315957125
252745 -82.09454361494605
254345 -80.2010577502854
255945 -77.14005774906343
257545 -78.60646991460402
259145 -73.57429913612125
260745 -72.21155840494238
262345 -70.0087788672167
263945 -69.09162236839536
265545 -73.69822063841546
267145 -68.65353333117385
268745 -68.6161202099285
270345 -70.93439029197394
271945 -70.31799532893125
273545 -64.72251736972908
275145 -74.74126397810248
276745 -81.28618739754364
278345 -64.59040828475813
279945 -57.46866623218541
281545 -60.35208825038728
283145 -62.65593100285508
284745 -50.974494472365144
286345 -56.76767891982449
287945 -50.338617544769065
289545 -55.705482001341274
291145 -52.818022091552564
292745 -55.5083254479982
294345 -51.79221265036048
295945 -55.55287380227202
296088 -101.42702382690645
297688 -57.26221334870538
299288 -54.565381744225746
300888 -60.3603621944806
302488 -45.93643290531142
304088 -52.28319209806401
305688 -48.531965575892194
307288 -49.12882092662496
308888 -37.76727933141334
310488 -49.82471703129439
310625 -100.32792439229476
312225 -49.03855581189883
312316 -110.2311176132538
313916 -46.978566064640894
315516 -41.08200563055093
315605 -118.45131077819566
317205 -47.239206458469845
317337 -104.24373825726845
318937 -64.37225797340149
320537 -45.201207256182364
321227 -116.42123283594597
322827 -46.95959070518927
322891 -113.39753325827296
324491 -51.514441124226245
326091 -45.12031945119618
327691 -42.645672916437206
329291 -44.315210146783585
330891 -46.72914478017889
332491 -42.814128035187714
332594 -120.87913528849309
334194 -63.83164773082085
334321 -97.8662464790872
335921 -51.93536143834395
337058 -134.89207367450277
338658 -36.274901303283876
340258 -47.77430447906005
340348 -97.90055791826919
341948 -48.72390909871438
343548 -44.78810366090079
343677 -122.2246257991406
345277 -56.402215246058944
346174 -129.86062906368699
347774 -42.64743749524339
349374 -37.09595593104494
350974 -43.81522734519627
351068 -100.29944012437203
352668 -41.932981198271676
354268 -38.2748017544926
355868 -47.53614133344931
357468 -36.94145869061724
359068 -37.41708547937809
360668 -41.72057734007537
362268 -70.36362226912486
363868 -38.95017787992209
365468 -42.40171537417046
367068 -30.91788128445452
368668 -35.37701658222237
369355 -127.73854747258312
370955 -32.31096452528734
372555 -34.280691956491516
374155 -35.20602694129385
375755 -42.40808074479895
377355 -27.90178361486892
378955 -30.901697421088183
380555 -40.8497194648658
382155 -30.200778115260448
383755 -38.44694620688905
385355 -26.853648657658454
386955 -17.502245777924024
388555 -31.49448086797944
390155 -14.89121329543614
390228 -99.97412341735884
391828 -18.327752831786896
393428 -19.258088638358778
393478 -108.37745955035959
395078 -24.96678727431225
396678 -23.864473377752436
398278 -19.200360031276333
399878 -14.14792778219469
401478 -20.609657091519477
403078 -20.56093771756412
404678 -18.303691031350464
406278 -12.377257024658219
407878 -14.895952135904386
409478 -13.407774229135363
411078 -10.588678266355759
412678 -8.969169301584984
414278 3.9695845861734567
415878 14.455043353117807
417478 -5.455498434590785
417561 -112.29764317299612
419161 4.345141284712278
420761 -12.060162480642411
422361 2.9728927711639552
423961 -1.3349919853809677
425561 10.515516309612767
427161 -1.1833961920576719
428298 -109.1047569088731
429898 -2.287501852156607
430034 -95.211205953829
431634 0.5242782095881887
431686 -105.04081419220132
433286 -7.640018247187762
434886 -8.435105204212167
436486 15.68804050678386
438086 -11.696023077343906
439686 5.82745103074609
441286 17.404531335191443
442886 -3.087904912903285
444486 5.5443615149799665
446086 18.767499663771943
447686 30.986828156790374
449286 20.674415836101108
450886 45.39924650896518
452486 24.872471623466616
454086 20.42251868259472
455686 29.471682205236522
457286 40.54651212109753
457343 -106.89433918245571
457411 -113.04962394610669
457489 -102.96566361900295
459089 33.7765173439595
459197 -121.9037253375966
459271 -114.27410842949587
460871 21.07295013668328
462471 66.15432066680857
464071 35.92979655606668
464186 -98.69423012937791
465786 29.965027333500437
467386 63.4798604808354
468986 22.325115330913373
470586 60.28080109129724
472186 54.9130727821303
473786 48.673484952155576
475386 24.200808407438902
476669 -75.9618526169441
478269 74.72128017731009
479869 50.29667226167955
481469 56.030190172072466
483069 46.33669671676931
484669 42.875828137997864
486269 38.41271768801527
487869 43.03316990979132
489469 70.21444211503724
491069 75.83373275064413
491205 -96.85666145134158
492805 62.56824520631762
494405 68.37937372898612
496005 67.37010827687446
496080 -105.70691053257262
497680 71.37676559628235
499280 82.21596049169862
500880 78.52576461696506
502480 73.86947479576678
504080 53.6682393024834
504185 -101.7912476592157
504653 -54.309588771902
506253 69.63080967884582
507853 71.70779039616166
509453 58.47300268725428
511053 50.69668608687568
511174 -96.29539076337093
512774 51.95654950368848
514374 60.47244889150743
515974 57.084036564981545
517574 56.81933371867178
519174 94.66893444406489
520774 58.74813769708979
521935 -49.19193472968503
523535 66.78025831765997
525135 74.14262361200589
526735 93.95150018573288
528335 84.8160301347615
529935 69.56628864267647
531535 49.367728351734556
532723 -34.53405237721982
533193 -88.78156792851537
533266 -112.84371803981998
534866 99.76107280114543
536466 109.24013167754137
538066 116.28678958844509
539666 109.63846753988291
539740 -122.06372277203886
541340 98.6401170914542
542940 100.73497428775366
544244 -50.5622140851772
545844 118.76054662638462
545923 -123.71476950430869
546036 -96.72478076151883
547579 -17.227958720253213
547716 -93.55876725970457
547806 -112.13339361180489
549406 122.52501286546268
550560 -28.90592282223578
552160 95.73434216356152
553760 81.25574567021806
555360 115.13879372798593
556960 121.18554635763248
557553 -88.41558258436805
557624 -120.32813754585013
559224 122.46805846757381
560824 118.33443164402439
560894 -111.83753345913192
562494 137.25543166829453
564094 91.00443566923028
565694 88.73928685184113
567294 114.09242060897513
568894 116.13186647930564
569043 -135.53879085885177
569121 -115.87998932921887
570721 126.03247356131732
572321 154.48152140781824
572751 -76.67705472433444
572822 -115.70248441382311
572902 -119.0553071530064
573765 -31.390353577358113
575223 -11.38740530995645
576823 136.40989126961875
577312 -75.71513585523203
578912 100.64171707667197
579524 -44.71985377155927
581124 143.6010332909402
582724 98.03159951284536
584324 118.58672429211559
585924 126.38459122473947
587524 121.12506399464348
589124 117.21190659854894
590724 134.01888728361655
592324 129.3128084883945
593924 142.05098738414983
595524 146.33814715193736
597124 122.20152599666949
598724 130.88240188054456
599563 -27.831016086770205
601163 116.20050072770567
601644 -66.75058577953342
603244 140.38935901215967
604844 124.92786868592616
605858 -17.824034276702847
607458 137.73591368013325
608773 -3.3510482763436755
610373 119.35107171629518
611973 143.18916499646772
613573 122.90274157568561
615173 124.58635833254827
616773 145.94655267459223
618373 143.89413520697227
619973 138.05936391855576
621573 112.04239287576286
623173 157.70414205011411
623359 -95.58143389694082
624959 138.29504073207616
626559 130.38237369854235
628159 145.14576751405517
629759 170.66324592255052
631359 140.24938952217056
632959 128.47992457733386
634559 139.42295838151534
636159 140.55059771872104
637759 149.55720409214095
639359 171.03346115007258
640671 16.942123687438027
642271 158.18428359542966
643871 159.02446011110038
645459 22.622624295541527
647059 132.42472359229433
648659 140.94477374601502
650259 139.10431606876543
651859 171.41329695245255
653459 136.77081540167788
655059 156.920535951759
656659 164.93595161320897
658259 149.4699782122524
659859 159.93832672135483
661459 133.28866806020153
663059 158.99168032716227
664659 162.18936897194158
664849 -86.45793482553773
666449 198.16746305792518
668049 146.4775075273708
669649 164.0652408545799
671249 144.84898818150856
672849 178.63625865255656
674449 175.29290042673034
675961 5.576916633142886
677561 183.02127088152662
677710 -91.17992434475758
679310 155.65142567086332
680910 174.8697636737996
682011 9.597337253876518
682242 -88.38774967079083
683842 174.5954567800346
684173 -88.02354790647081
685711 50.66150651898954
687311 178.50085045963831
688700 23.446884349739804
690300 148.27153969490078
691900 170.46062477454964
693500 170.07382803574563
694355 -7.742334615462127
695433 5.188653602232549
697033 172.66440419375337
698633 156.77874913863022
700233 167.80183947301893
701236 -3.293802343279168
702836 177.89728957120775
704436 158.39163805193402
706036 154.51703650774957
707636 153.9020668761695
709115 60.353245636401624
710715 191.26470347429344
712155 61.158121462965084
713755 181.92115134167608
715355 160.9910277188019
716116 -37.581843980062786
717716 153.99549316300713
719316 180.96115511363078
720916 137.27849358580644
722516 169.52423037501308
724116 150.891361145732
725716 179.93717244401296
727316 163.40248759418745
728916 166.96314215182096
730516 171.12117389882542
732116 170.46605222239538
733716 184.97357025603463
735316 183.56747059240055
736916 194.80267144229958
737426 -78.17443060735613
739026 173.15270883559992
740626 207.44444222484287
742030 65.55735664029726
743630 173.58449845241674
745230 150.53109698695454
746830 196.80259446410304
748430 222.52446247682988
750030 215.6948952192316
750900 6.619065489647255
752500 169.96242728751403
754100 180.81142169138468
755700 184.91911026178607
757300 210.46790189715685
758900 190.61246378408606
760500 212.09852141391193
762100 199.7716899670224
763700 208.97178041224637
764660 11.746156228828497
766260 196.43624460098138
767681 54.129850543847596
768606 -3.0707348428971386
770206 188.83780634806885
771806 180.4463784942379
773406 193.63709099207827
775006 201.2591216561169
776606 186.33119364328508
778206 206.56948659669186
779806 209.2577893698784
781406 223.0004418013107
783006 199.61836578528468
783563 -60.13219987423779
785163 185.68846139280006
786763 198.8118783615552
788363 205.3417303043864
789963 205.28195514830458
790253 -71.58122149467283
791853 214.5718535756781
793453 193.49070972189847
795053 181.2609583182068
796653 197.52057702434834
798253 217.1770407435393
799853 193.78833802994663
801453 189.0039808835382
803053 174.72460787915108
803804 -14.584064570136945
804966 26.963103818381924
806566 226.38644898498222
807479 -8.043294857156312
809079 219.7054410676085
810679 188.21591496547674
812279 193.14365401600617
813879 199.0422602951598
815479 181.9141954822669
817079 202.20599608688067
818679 190.14892989217594
820279 181.90033698896383
821879 195.97473739520564
823479 214.43220402254877
824432 18.975235729303364
826032 192.84626034900253
827632 179.8737814624005
829232 228.52786413716893
830832 220.68821377321734
831996 47.233696143184176
832838 -4.716786271449067
834438 216.03254689725205
835602 51.84683343966938
837202 219.40466051634093
838802 205.3289630403011
840402 218.71454208184946
840781 -52.03867620584684
842381 198.6508326246127
843981 187.02563940555845
845366 56.559441199266615
846966 189.59527319165613
848566 224.95743655048076
850166 164.22969421198397
851766 205.48862492873954
853366 171.27780248667597
854966 234.8137056898193
856566 241.4655829228812
858166 218.45074837903638
859766 195.71615786737215
861366 183.9946015348063
862966 194.30784163659155
864566 215.50862714683004
866166 211.2268393866429
867766 231.96471943505108
869366 199.26707872841203
870966 224.16851026302564
872566 214.03150800572604
873844 83.7014529217982
875444 210.67291211718765
877044 227.21472506224464
877132 -97.850378149461
877410 -72.8727468546207
879010 227.51710717284791
880610 227.59742507879994
880979 -69.42686093772174
881970 22.43063528237319
883570 224.18796582044868
884194 -25.378006750820248
885207 40.62553319539859
886789 126.37837389004761
888389 209.26508232045904
889989 227.46607126330852
891589 214.34939192593527
893189 234.82326780456464
893711 -46.2880041748422
895311 236.05012849551255
896911 250.87257626223732
897028 -92.09893968121584
898466 96.64038575205765
899533 52.56893789524719
901133 221.33581568099112
902733 231.57922241250887
904333 229.42516598854718
905933 222.60419097341443
907533 212.24381493434515
909133 193.34974347329424
910733 216.06898209181938
912333 232.32497073008133
912462 -87.71795099003675
914062 220.90345748465506
914293 -93.83155515506988
915893 229.90652143800037
917493 198.12668736144835
919093 216.33241958531852
920693 205.80725338674364
922293 234.62854124862142
923893 219.78214814597715
925493 217.354699294237
927093 216.49444355375869
928693 229.17640366676
929566 -7.577920514384417
931166 220.0103078261673
932763 260.73858926465516
934051 85.1087094477912
935538 116.26441038823597
937138 244.2061568573059
938297 64.6169310306056
939897 220.5645495035037
940921 42.776575647803526
942521 222.34862519360152
944121 220.98314047707143
945129 45.451996586173806
946729 226.5936233909625
948329 224.82756706764607
948766 -51.92322656183633
950366 216.20131680747167
951966 229.46324200613776
953566 230.70063628752047
955166 240.14539424765243
956508 93.33169427709359
956695 -87.26185175217253
957198 -25.45685921575071
957640 -55.321690163622925
957883 -77.5697357062834
958726 -26.69035540532134
960129 96.0075177782459
961729 228.444858610463
963329 228.94216050741608
964309 48.63748984072046
965909 244.49527248089814
967509 244.12274354685383
969109 251.59326834925787
969377 -81.47065076431508
970977 229.5263687618707
972577 225.8542693056114
974177 204.8909524492797
975777 233.62355206342409
976013 -74.75550956527889
977613 248.1518828600679
979149 103.6380574443034
980749 246.53027967718944
981274 -32.836676989945374
982692 93.18094611640001
984292 252.07867600392274
985892 233.60592396955155
987065 51.71906348815435
988063 12.711074463748417
988388 -75.24986177761792
989988 247.36897719915075
991588 219.52865366785124
993188 240.20150788013765
994788 236.12586881930193
996388 225.213267037904
997888 79.81299316831632
999488 243.36034764191407
1001088 244.87888742935885
1002688 248.59250565788332
1004288 230.22543810531542
1004751 -43.72161033706614
1006351 253.02976109613482
1007951 244.04236975350108
1008297 -58.12884023611174
1009897 212.0642265670886
1011497 230.84484175362115
1013097 216.96394937128142
1014697 214.3665699443878
1016297 246.5689319711506
1017798 106.95042319838947
1019398 216.62816247624278
1020417 -5.084776604206553
1022017 220.2032266871943
1022446 -68.22820029474236
1024046 230.28163300936
1025646 210.22350828741702
1027246 240.73601044928725
1028846 230.70020283303808
1030446 230.62186651442286
1032046 225.73164014718134
1033646 239.76444155522725
1035246 224.74991967780946
1035931 -1.4265765709398863
1037481 261.02191719887736
1039081 240.52665017069603
1040490 109.85903908155916
1041397 11.974474327101603
1042286 21.44341817712541
1043886 201.55738697332384
1045486 240.50980905654322
1047086 260.0096936816762
1048686 242.3227470794738
1050286 218.2638593035037
1051886 250.82448344409426
1053486 254.0105880087404
1055086 252.57842224875418
1056686 242.76375522096814
1058286 247.6914946354274
1059886 224.04450969564027
1061107 30.200413529414902
1062707 251.88024621261
1064307 242.41598994154543
1065907 254.3917910337841
1067507 257.078222700431
1069107 230.93720870907913
1070707 253.20312058554566
1072288 153.35311699210595
1073888 238.40268745662152
1074094 -123.44032062647616
1075694 249.6012362756123
1077294 255.55647397581467
1078894 244.48349134187757
1080494 251.0362626672214
1082094 237.40506250000143
1083694 247.33302320015846
1085294 243.9877035316209
1086261 9.168552347935147
1087861 226.1627494424721
1089461 246.70962412162547
1090859 103.75220368780333
1092459 230.39438657509854
1093872 107.64831768179977
1095472 258.05559162868684
1097072 246.74498141595024
1098672 256.52538414319844
1099254 -35.395669469684336
1100854 238.6598649582766
1102454 252.66910328379694
1104054 239.12642411388455
1105008 33.10417923692992
1106608 217.85717069455566
1108208 241.09840598822782
1108474 -70.44623749009767
1108717 -94.66634686344428
1109268 -26.04543516086666
1110868 241.44048642297855
1112468 254.10923830423454
1114068 247.1893419523703
1115668 237.02563158046596
1117268 245.90586753195961
1117676 -44.300619617329296
1119276 231.76760197825104
1120876 237.08382218229593
1122476 243.99697977905436
1124076 243.0438505960398
1125676 239.29922080201632
1126437 -0.2750598675987277
1128037 222.6488842848131
1128163 -85.25490793563674
1129763 255.66362269952282
1131363 211.34850322357877
1132557 74.99461760558157
1132689 -122.121304256564
1134289 223.02305094236692
1135370 35.938636862670165
1136970 239.78647006274556
1137213 -74.98332981281852
1138813 229.01233852514372
1140413 226.00409062252896
1141530 9.12706612309789
1143085 258.1482795522121
1143945 19.05167835443713
1145545 232.1647511639468
1147145 234.95930487257772
1148745 226.87894785127077
1150345 240.30346087785526
1151945 230.90243215314013
1153545 248.20204497809402
1155145 252.35654273526922
1156745 229.45678338897568
1157326 -14.755610761797072
1158926 225.49144018068307
1160526 233.14074586898099
1162126 245.3642228133231
1162999 29.123149809811395
1164599 231.28940249900865
1166199 222.5151137654391
1167246 38.55267494068292
1168846 240.04013926788016
1170446 237.0169950925415
1171418 46.50442380399798
1173018 240.0377775005289
1174608 257.563583623785
1175322 -15.574730524080579
1176922 248.6896298248833
1178522 245.48830637861192
1180122 241.92553688555307
1181722 254.54264462979242
1183322 228.36624973562525
1184897 262.85255446178417
1186497 254.26869813155145
1188097 218.5544643855123
1189697 238.9559393120753
1190306 -31.170271482584454
1191906 236.88335434509082
1193506 237.02086208868423
1195106 233.82658723485454
1196706 256.4297471903069
1198306 239.05406584521265
1199906 242.28415931131357
1201493 259.83328998987986
1203093 252.3348010889091
1204693 214.78900449673858
1205796 45.265681113455344
1207335 261.19248696251543
1208929 258.7253094121039
1209892 -13.251825592711569
1210525 -1.931296688531802
1212125 237.5062832845812
1213725 259.96203591747883
1214538 9.193102472851876
1216138 242.90665310849326
1217738 252.0672131150219
1219338 212.3053725522222
1220938 236.1943217368302
1222538 227.87119906809102
1224138 249.67095973542104
1225738 237.65184057241734
1227338 239.1363008364025
1228938 243.66244824267352
1230531 258.21122464796485
1232131 246.62572649824435
1233731 249.93319933175243
1235326 260.0087038757378
1236926 256.62444362509456
1237379 -45.41607664136372
1238979 246.09735155080858
1239619 -8.349125998187333
1241219 237.7839344109048
1242031 -10.294637353721384
1242576 -20.133074906880026
1243438 25.441653801474715
1243840 -66.46000343650141
1245419 256.86525417270434
1247018 257.000558697895
1248527 264.92615860213704
1249315 -15.076497517032053
1250848 262.25852223489846
1252440 120.9844709690361
1254040 247.01650915105955
1255640 253.84260656264954
1257211 258.05367623909234
1258798 148.08876677332938
1260398 247.19620587921946
1260950 -28.294509446948098
1262550 242.93361415714054
1264117 259.8989547225416
1264824 -1.7305892168866421
1266355 262.37197456426225
1267955 246.10683515357613
1269028 32.81944047678502
1270628 247.3880775623776
1272228 248.17375885364766
1273791 260.1072837314538
1275379 255.91009906293013
1276979 247.3410101716207
1278579 248.1031412538208
1278862 -75.82305392342838
1280440 256.1227919770553
1281997 258.25136045338934
1282065 -109.90792171687819
1283665 241.9999253189453
1284702 70.0204139567187
1285276 -48.87878561130658
1286841 257.1455725916356
1288441 253.06795735513705
1290041 244.84065647275395
1291583 261.5352495159944
1293131 261.06321702885884
1294731 257.4594908877771
1296297 257.2287001441455
1296750 -39.589954043234385
1298350 253.0471225043946
1299950 226.27228098422032
1301542 255.53247161518544
1303142 231.22957235027306
1304714 254.9905007211097
1306314 251.43843430048625
1307777 265.7571814079492
1308677 44.95609654868662
1310227 259.4498336511613
1311507 107.14301930092608
1313088 257.3009784453592
1314688 237.90945173823962
1316288 243.6258286347073
1317888 252.62680646517865
1319488 253.43621226101806
1321053 257.9170629332699
1321907 11.008611899221307
1323480 255.07970081652587
1323549 -109.82907267155436
1325149 253.2923587434254
1326698 105.35867092390163
1328273 259.2244956198815
1329873 254.5988250570136
1330537 -11.169189241306128
1332137 254.9689708379636
1333737 254.39444674922433
1334717 49.41455990070588
1336317 240.3762845700634
1337902 132.70591856130477
1339502 251.1328330270213
1341102 249.31609266211237
1342651 256.4796157744333
1344251 252.34160794755388
1345851 243.61993557036158
1347451 252.1485872968163
1349043 257.44559860184177
1350156 56.88231550408918
1351723 258.5916701668393
1353323 256.30651035085526
1354887 257.3997666161158
1356487 245.38092080111326
1358070 257.3970186631619
1359670 248.77934010444596
1361236 260.38398320990416
1362749 261.4161609330694
1364342 257.1403220493412
1365834 264.4351125664568
1367434 251.74055359283207
1369034 251.86510927984116
1370612 259.9549399719532
1371099 -57.28444837188395
1372699 257.2683036640839
1374299 249.70453222436697
1374369 -108.42967682664283
1375969 255.6634497704451
1376781 27.05039030542281
1378381 224.5034402095649
1379926 260.4348847864914
1380397 -23.278626428429078
1381990 255.60722858552256
1383554 112.89664962929771
1385154 249.47380414466159
1386754 255.86099914172988
1388340 258.55900632065504
1389940 246.8783853795813
1391473 261.47084010794964
1393007 258.7552335218377
1394463 266.1122638731328
1396020 261.2842408782367
1397620 215.19165342280564
1399220 248.1809300039099
1400794 261.4880227000996
1402394 235.7113331867897
1402734 -53.769024806703776
1404255 262.8355352704001
1405851 258.4907737133116
1407451 232.93001508188976
1408981 259.98853001576884
1410572 255.01472607396195
1412172 251.32817569438402
1413772 241.72706180258945
1414259 -34.042717987222645
1415851 256.4534519769236
1417451 255.0079304268786
1418956 262.1495005797073
1420454 263.94866265235294
1422054 255.98606489712972
1423654 246.90946723197075
1424813 74.68562796805949
1425036 -88.41025358541496
1426551 263.2415917839149
1428150 257.18585876598723
1429750 252.9970835608585
1431280 258.36818109226186
1432880 248.2727485780646
1434441 258.518919016237
1436026 256.8998850968948
1437596 259.1401025531049
1439140 259.7388827973077
1440391 96.72442739080049
1441944 257.97139024655166
1443544 245.71135755812136
1445078 261.71048549229846
1445462 -78.74769805453344
1447062 248.23247467381967
1448434 107.98245461961906
1450022 258.3121538709936
1451541 261.7359245277721
1453134 257.3848220364286
1454734 253.70850170080914
1456273 262.6389579755072
1457814 261.67487072541996
1459291 265.57307967045705
1460875 257.5246880075074
1462446 258.6220342903026
1463967 261.4180105133163
1465506 260.6399531330029
1466068 -21.27038228798905
1466867 6.1222047586316535
1468467 248.25146514925808
1470067 241.7246752154614
1471667 246.87156542004527
1473213 258.02399513088795
1474813 250.00726977250844
1476301 113.4005030258281
1477882 257.52390280804053
1478149 -64.92689228304663
1479671 263.1685054379223
1481271 234.20612313656997
1482820 260.97737013201333
1484153 110.70902736862556
1485681 260.3450404687117
1485932 -69.22799094974
1487442 263.8837671480512
1488590 88.4052506444911
1489347 12.443691021467444
1490927 258.66041087081675
1492516 258.6189463859406
1494100 259.19757442738455
1495686 257.5195317928691
1496515 17.930309325732395
1496742 -80.13578790212794
1498342 250.77975073113132
1499918 133.90814959149694
1501502 257.5377580130147
1503058 260.5901394595772
1504658 208.91819325105152
1506240 133.58158094214133
1507840 255.2697529863213
1508960 34.32081076064182
1510180 100.34718213920931
1510934 23.314193574870004
1512534 254.64991707978962
1514072 260.65576526445204
1515596 262.42914113041013
1517172 258.35033967705556
1518756 121.97007754823926
1520356 254.63489447006185
1521856 145.6834764900433
1523456 245.03598942043428
1525056 228.9848493150012
1526650 255.6986786029727
1528165 130.80213205865854
1529765 235.74996888071882
1530621 12.707489175161243
1532165 261.0449535632601
1533725 262.3471933541984
1535287 258.7671714701249
1536861 260.0590121349022
1538431 259.21953845008954
1540026 256.24394481827386
1541626 253.77133373596752
1542643 57.28074170361887
1543513 -14.35886164791009
1545043 261.3183446497302
1546643 241.61040860410114
1548243 231.60747008727833
1549843 220.2508668148324
1551430 256.986685342004
1552532 20.347941318398497
1554132 242.81768002524302
1555732 256.6455676534499
1557332 247.60373652259818
1558932 257.332024442759
1560401 264.6459770782577
1562001 251.27135033374256
1563482 91.25827251367721
1563685 -99.86390274888711
1565285 249.01057266236182
1566853 258.9271169820853
1567746 40.292291792816826
1569204 269.0282654827965
1570804 240.31212365063823
1572345 260.8336077221769
1573037 6.771898491126834
1574612 258.6559939156946
1576098 262.7817290347464
1577680 259.08709408604386
1578327 -16.991036599254187
1578684 -49.55924023396522
1580160 265.5212246914547
1581661 266.42654306965636
1583160 265.1345166868418
1583939 37.51195274041467
1585521 256.91160698340303
1587044 263.97669404734097
1588593 260.80995896285333
1589085 -53.668702519566466
1590656 258.1470956448245
1592227 255.4985883822359
1593731 262.81093835611756
1594364 -30.388621610106227
1595876 262.9182972251974
1596790 13.290100608590407
1598341 261.36767355065484
1599941 249.62527971390375
1601464 260.8998391598461
1603064 250.62908715102856
1604566 264.3268079097376
1605717 93.5235383350581
1606532 18.306156947886464
1608132 251.56055489290245
1609732 237.83460244846842
1611332 249.0974434215273
1612834 261.8878485335915
1614383 260.74735849269155
1615977 255.97945844039813
1617546 258.18935293198865
1619146 229.29440243201378
1620284 82.07223130752246
1621745 264.4385992230471
1621898 -121.54811765310107
1623462 257.9390311501841
1625056 258.04760937462464
1626471 136.0580539318636
1628071 256.0255902086257
1629671 240.89082056192137
1631271 246.76245332397212
1632871 238.71486052065708
1634415 258.3300010485825
1635961 261.8278443059034
1637529 260.1953808829932
1639129 252.40717650743667
1640729 255.48681603807893
1642260 260.8926968387753
1643853 255.72329825331045
1645436 259.3086359231785
1647003 258.93014213733665
1648522 262.85623695370134
1650058 260.4174378317765
1651658 255.92266484111985
1653161 261.9948597680134
1654761 244.01618675353268
1656361 255.2748401142481
1657961 246.1256505320522
1659498 261.25147770299026
1660977 265.23429877988093
1662479 261.30565008316995
1664079 239.55622931675987
1665669 258.2743966599342
1667269 227.1517957467659
1668463 110.71372358644834
1669255 -1.4965043775601288
1670843 259.3589536778727
1672337 265.18610987503
1673937 250.44654036039248
1675537 252.18068861869293
1677137 243.1703874874882
1678578 124.43860997176867
1680178 241.5768895808032
1681662 265.7681847319174
1682670 29.126747012830123
1682734 -110.11398368703821
1684258 259.6224388333992
1685794 262.1956495209733
1687293 264.7545696308347
1688796 264.4810528448113
1689121 -51.544244606229135
1690713 255.59807893930247
1692299 259.0440770037712
1693879 258.8524809586834
1695479 231.55300946374783
1696789 112.91531051984543
1697671 25.217000761159923
1699214 260.9914962409827
1700793 258.5729618864853
1702356 258.3243057361079
1703956 249.55497960326085
1705493 261.76260833499384
1707093 239.61216579857884
1708693 256.32750034423736
1709609 50.25976724502317
1711187 259.1553006666767
1712781 259.76887515799234
1714341 262.3008550349817
1715783 114.42155442917644
1717266 265.3908966601519
1718859 258.26936578351365
1720398 261.55591334395797
1721997 255.6119167307054
1723569 259.2645753505405
1725160 257.5543125082248
1726753 257.86627863760134
1728331 258.14135515138025
1729910 258.65771515500523
1731510 252.49088876131157
1733095 257.43589016646825
1734695 256.98232003280066
1736295 240.19060142035093
1737779 265.05612832730003
1739282 262.7433563977777
1740785 262.6800070936272
1742268 266.16869815887515
1743668 127.39913635003984
1745210 260.9269373165205
1746740 260.9801615547656
1748279 260.22459742567503
1749811 257.63461799067187
1751411 252.30151033950276
1752973 257.63666852707706
1753775 -12.599403482727126
1755375 257.23723424650404
1756975 224.29050028301526
1758508 260.41732428321166
1760083 258.57198360963946
1761619 262.49466290806004
1763219 256.64097575055234
1764758 262.33182375171054
1766358 249.03655589841892
1767943 259.999344166957
1769505 262.61827372032496
1771089 259.1894828239134
1772669 258.3389971167129
1774216 258.941546943996
1775816 247.11992133920012
1777416 253.07747515008194
1779016 253.83103340347887
1780591 259.1609015233179
1782191 249.71281725286434
1783791 231.30521051232586
1785391 252.57091661833894
1786950 258.8468716678999
1788550 233.78740424499907
1790150 241.77249332120192
1791717 258.85161451939786
1793317 253.99802434018866
1794880 259.80702799735565
1796427 258.3200950121037
1797934 261.23548617511784
1799417 126.65367510007835
1800895 265.6098232181595
1802495 257.9170514724975
1804065 261.2939639344594
1805665 244.15675131688414
1807235 259.7753604804002
1808835 255.16953066319388
1810428 256.1123182655946
1811961 263.08739927603415
1813465 263.55047986504877
1814948 265.87743398244595
1816525 260.92899689831137
1818125 249.18550663181688
1819725 60.18110850188199
1821325 252.83112366661462
1822860 260.25364682815245
1824447 255.88839732151655
1826047 247.82692371853892
1827561 263.6597236804517
1829161 246.73263348339444
1830697 262.6270715041501
1831488 20.007588750465757
1833003 261.12299742253316
1834600 258.19172416561804
1836148 260.25040883380643
1837662 263.1893031852606
1839262 248.994811812724
1839985 -17.676627452996172
1841527 262.83949872123026
1843122 257.1231188359805
1844722 157.8307418880161
1846274 262.73577080464577
1847874 257.9045205754159
1849405 263.1291194467227
1851005 255.7133827360519
1852587 261.07487436183345
1854111 263.90333296078916
1855600 267.41687772895443
1857077 264.912053226603
1858584 263.25684710199795
1860184 257.3889531270601
1861771 259.81915088917077
1863316 259.8818030070596
1864862 260.5874257196607
1866380 264.55816161663694
1867941 262.07792808778476
1869541 223.40996363350777
1871141 258.9924887898382
1872702 258.97809414598606
1874302 259.12823251032313
1875902 250.95897713797652
1877459 260.6463396400177
1879059 170.1112694758052
1880659 244.53690576307093
1882258 256.0629932914076
1883816 262.78946011219114
1885360 264.11079541455945
1886933 260.1098850989453
1888494 260.70397323300983
1890094 249.5214132510642
1891603 263.79827606483445
1893154 262.9241332617607
1894754 255.63861132314761
1895396 -3.1007458064379705
1896996 249.42594341790598
1898556 262.20045341567743
1900100 264.7303143979409
1901700 258.86542573065407
1903222 264.59655999665046
1904802 259.82843531218185
1906402 258.5222840794555
1907999 258.0895125300119
1909548 263.51206506577256
1911148 246.11884520266776
1912688 264.90090134664666
1913872 89.45720682925858
1915412 262.15416351617085
1917012 260.49516538377185
1918581 262.4416349980536
1920141 261.1303495998451
1921716 259.9351348006218
1923276 260.9112954546515
1924796 267.6677680464804
1926366 262.1530648722097
1927898 264.15260511776575
1929413 265.7228322883614
1930926 265.8185777873371
1932482 260.30912884640975
1932688 -78.45189452422039
1933112 -47.49826677339697
1934651 264.0549074737218
1936177 263.25775905646856
1937712 265.57934952826685
1939243 261.7122152307994
1940806 263.78338742247644
1942406 251.91136723000045
1944006 254.08717436433895
1945512 266.1745246579878
1947112 243.41029737730608
1948712 245.35272037376922
1950269 261.6803781391762
1951785 264.79450444336845
1953326 260.75321298469606
1954835 264.0320198337714
1956331 144.4726178207677
1957776 153.32724352899928
1959376 235.09300510901232
1960192 8.54200590433068
1960996 23.3907964226089
1962504 266.20868380526764
1964104 202.35688790694795
1965532 268.87503850509154
1967123 259.14781471004454
1968640 266.6332200666653
1970110 267.62338999321616
1971710 248.09033846442034
1973237 265.45547340506374
1974837 258.28273940567965
1976333 266.8043245866781
1977828 265.71390889593033
1978128 -73.94745282202898
1979682 263.21508017187676
1981199 263.0122439246557
1982794 260.2945006260108
1984350 261.47888427484867
1985942 262.1388589583943
1987502 260.4659948173799
1988806 63.98390701383056
1990359 261.05761188623336
1991869 266.1457699452807
1993345 268.07723462375805
1994833 263.9375092798565
1996404 261.9742135228533
1996750 -90.47496508744482
1998201 267.0098738184774
1999801 251.6516771126608
2001394 258.9586932335993
2002581 70.62110143880807
2004181 225.00585099450146
2005727 262.2584677259632
2007260 262.0743771436856
2008780 263.67852331190795
2010380 226.33625677391328
2011821 109.15229650263709
2013332 263.41728509829466
2014932 239.281815761298
2016488 262.3456617057655
2018082 257.9865205708634
2019625 262.13025790410455
2020463 34.98027642158365
2022021 262.3476800097878
2023564 262.1247002149801
2025164 257.6523175894619
2026741 259.9409144209008
2028341 231.7371361032118
2029898 261.1326075082623
2031495 257.1854022118836
2032967 265.4952096579621
2034567 235.56964795427035
2036077 264.63370839407895
2037602 263.9587542064699
2039199 257.6779914665895
2040769 261.9812539511777
2042369 246.16928862840678
2043969 235.10602311487548
2045335 112.9124154657454
2046927 256.80963072948555
2048516 261.1080482885937
2050089 256.9698842587914
2051670 257.7028181956737
2053216 261.96428786482323
2054816 252.88060565183625
2055986 75.40794628789169
2057480 266.93627909509553
2059080 254.52648568688144
2060613 263.5221907022787
2062191 260.1200048721363
2063755 259.02956712325687
2065272 262.79123940273723
2066864 257.6810281925387
2068361 265.7186418219699
2069915 262.5417584149798
2071490 258.2633230030687
2072994 265.4808463077266
2074570 259.02945326776927
2076154 259.47905779489724
2077754 251.8608515431124
2079307 261.2226912883721
2080907 225.30588930401782
2082507 254.84688437429926
2084021 264.2906022378636
2085621 245.14817150933777
2086278 3.7232598309174563
2087848 257.84247779347004
2089313 266.97767647248565
2090672 114.95124586677795
2091791 58.33149441250771
2093364 143.31714180067365
2094217 6.700193968965905
2094626 -58.08406491235705
2096146 260.67566472241566
2097592 269.0014677737234
2099161 261.23668752690713
2100627 268.84890315422143
2102135 264.1576647821211
2103006 18.837919022081977
2104499 263.8848926462797
2106098 257.53145331829285
2107115 67.67746892369604
2107747 -17.68737370049398
2109321 260.3650652580975
2110881 261.9192315773882
2112468 259.36849971256055
2113912 267.9982293257455
2115451 264.4580733564614
2116988 263.1137163115474
2118588 241.45955410428908
2120118 263.31921573442605
2120692 -25.810818440074073
2122292 240.85026097660494
2123812 264.7771378317925
2125319 266.02420218221016
2126849 262.338995876716
2128407 259.50822160282695
2129168 -30.3258029483991
2129475 -94.01302599604612
2130951 266.5920945312333
2132510 260.5515781028972
2134068 261.1378921624446
2135637 261.21947632281586
2137175 263.09501586518127
2138697 264.07590606077883
2140139 266.77881413605667
2141673 262.3215300355912
2142669 28.751929804350567
2143551 49.140376232362485
2145073 261.51480226313373
2146564 265.6830741137409
2148121 260.26531158876793
2149683 261.87728722734204
2151194 266.7971279581518
2152705 263.50887165560584
2154251 264.8286246609735
2155714 264.6291101843975
2157303 258.18529694685304
2157731 -33.14722740155459
2159280 262.46903273423226
2160796 262.7219006428967
2162289 267.38064734254976
2163804 264.6099869093447
2165404 251.90948890207846
2166886 265.28494306339854
2168392 264.5171966268524
2169651 115.81584816832839
2171200 262.50633031807877
2172772 262.4814758586121
2173175 -41.80516805737648
2174741 261.21651418531485
2176296 259.7985630709445
2176724 -39.88879236696659
2178261 262.26665552219663
2179822 262.11432877842014
2181407 261.0801873980564
2182962 261.50355161739077
2184390 140.88104252377943
2185174 30.0104327694487
2186727 151.1735656931796
2187850 88.46816786974048
2189450 218.02563612452437
2190078 -32.55575569382563
2191547 267.3738564491949
2193074 264.1486362133475
2194674 150.62909624963723
2196210 260.43333212768493
2197810 254.27102340559915
2199261 269.74037624141806
2200787 265.25725268800664
2202310 262.67586962025763
2203794 269.1319810355707
2205248 267.7909939838568
2206825 258.86659100815643
2208355 261.5243402101979
2209942 260.4484750631275
2211542 254.12063900427975
2213094 261.9347042211786
2214628 263.18028235372014
2216133 265.36854760700777
2217677 262.048143500592
2219221 262.434712561479
2220821 105.3267016555002
2222369 260.6569426251498
2223883 262.9463057296456
2225394 264.53085737454467
2226938 261.9860311719228
2228447 262.77762086322133
2229417 -18.361773213284224
2231005 256.17281993710185
2232539 264.06363369201944
2234062 262.9873442421513
2235595 257.32659156686793
2237191 258.00049366035864
2238749 261.5296006183359
2240349 -69.82652057853043
2241947 257.7853535513781
2243547 257.17516214028683
2245135 259.5147851892419
2246678 261.6918570283622
2248246 262.65735271364565
2249846 254.06390868568295
2251429 258.5233787329655
2252334 29.015612643175444
2253934 252.34026940852982
2255416 266.6331845040498
2256904 264.89948677479236
2258498 258.4752736451148
2260040 261.35714822269966
2261634 259.36001596693654
2263148 265.7829004127796
2264646 263.23516067707595
2266215 258.78912295105846
2267773 261.158814506158
2269247 268.71429513706073
2270751 264.4637100504079
2272284 261.8548203850763
2273862 258.84349253631234
2275273 270.48402076050144
2276840 260.4657740325155
2278339 265.30844035321826
2279836 263.0550547244124
2281338 265.51629468865866
2282823 265.3681940484093
2284237 267.87911349364384
2285676 267.78216931136234
2287144 265.98219364986056
2288716 260.491478316762
2290139 270.8927619744619
2291693 261.11847226459736
2293222 264.1928547141217
2294692 268.3455886842732
2296162 264.4645982279617
2297535 138.51946427922792
2299095 260.54878668419053
2300594 264.69996736459086
2302103 265.18651753000637
2303590 266.39555721886467
2305054 268.4074385955919
2306503 268.841720039808
2307959 269.2161049033297
2309519 260.25104570075183
2310573 76.19449675524598
2312110 263.5965020381696
2313620 266.14821101074176
2315187 262.2491254220636
2316706 262.10598990383244
2318240 260.21977906883706
2319805 260.6153512096503
2321311 263.86403832885
2322911 254.6350408867407
2324419 262.6139472117112
2325896 267.66104074742094
2327367 268.7432213908481
2328854 265.7134894800926
2330385 261.9844213011387
2331899 263.8826721322941
2333379 267.16609310484256
2334890 264.0815915551985
2336490 257.3686424857762
2338078 259.778909238233
2339563 263.21548973682957
2341054 265.54601533179886
2341988 51.1512377070344
2343471 263.86816917592466
2343989 -36.70165631724398
2345546 262.4739237845407
2347092 262.8629796861611
2347508 -40.98305574150944
2348987 266.5911608385532
2350587 209.84769739085502
2352187 244.44964641920748
2353776 261.2865254899207
2355354 260.14923290543146
2356954 255.9304198453184
2358440 264.33895228305454
2359955 258.20350722644235
2360807 -7.407903356101514
2362308 262.1866112902164
2363851 261.4102454694777
2365451 -72.26425325086956
2366929 265.1158790097683
2368453 262.86275957603254
2370053 254.50339248304576
2371545 265.3665175982238
2373024 262.32626379076254
2373965 64.0473745915381
2375539 258.10824024366497
2377034 263.76582143228785
2378506 265.9686128928079
2379996 262.61674471961464
2381436 266.5612671999547
2382955 261.0683005110483
2383016 -107.1043637317984
2384476 264.00233006233435
2385222 2.140747258804126
2386822 248.7064581004077
2388386 259.0717001683393
2389986 238.64754726369398
2390730 0.6249601983614781
2392219 260.71493312768195
2392808 -41.521871045369
2394340 261.02477949751477
2395887 259.4339835362103
2397487 -46.54947240605464
2399085 258.55983296306937
2400508 127.46806757139097
2402055 260.42775398985845
2403495 266.14605093842704
2404339 17.642847336155683
2405780 268.35901846998246
2407348 259.17436962100606
2408948 248.82146648856383
2410420 263.657050955274
2411903 264.7727308427322
2413503 254.95164552929057
2415019 261.7548468582721
2416516 265.22342957259
2418097 259.6816611214232
2419586 266.64705922785
2420989 143.58410151594964
2421557 -22.134036816905578
2423031 262.4506675732194
2424537 263.0843257252943
2426046 261.4934936988984
2427543 134.06372639819156
2429135 255.95070369060778
2430693 258.1670574377041
2432195 265.10473349490695
2433693 264.5229992952196
2435293 256.01014329635456
2436848 258.0043343474247
2438364 264.7257689967066
2439964 251.82492282444954
2441461 265.0184961902688
2442943 265.3577069342991
2444444 263.78624289589237
2445907 268.1601410531285
2447421 262.32613377027127
2448914 265.12181999082804
2450496 259.45068093925335
2451956 268.2326615291701
2453523 261.67815421326856
2455000 265.8399525800858
2456535 146.3792524683617
2458071 264.2649142238833
2459603 262.6400542972895
2461088 266.08079619922455
2462609 263.93812806879623
2464096 264.33349799945427
2465643 262.3634964301726
2467166 265.8233847365871
2468635 267.7321756515178
2470195 129.6811269170994
2471795 257.2344598185574
2473395 256.8496517518883
2474137 14.935576083346604
2475668 263.70765670836954
2477169 262.0330291232937
2478723 259.70029501592535
2480251 263.4197488917173
2481851 253.73332233650112
2483275 269.6998708237993
2484846 262.64106475359705
2486359 265.3473292782181
2487906 263.4310380465198
2488797 51.79213412839687
2490333 263.6331037252652
2491808 266.7704163359283
2493315 265.7677439119395
2494542 76.51811451913605
2495996 266.5110298948197
2496068 -111.03159326695341
2497578 262.3776003827598
2499079 263.0236971775893
2500548 266.0477400826182
2502148 248.57549292069453
2503708 262.4425720897775
2505180 265.37553802433945
2506700 263.36469132155975
2508223 264.7262281325423
2509752 264.6860477252813
2511318 259.6802050535244
2512154 13.144085428944592
2513697 261.27743443752325
2515249 149.93302254326082
2516849 252.9020797157431
2518411 261.84161335778157
2519905 264.07163799262054
2521360 267.7775074240559
2522930 259.2504115890179
2524437 264.2956709888468
2525948 265.9564842028543
2527354 273.5738072470942
2527404 -107.26748423916163
2528918 265.19057387424715
2530480 262.9788372952635
2531995 261.9909259472776
2533496 266.25683137110684
2535096 -71.5694437337277
2536009 48.421736765498224
2537453 269.73715460389644
2538962 266.1367223732698
2540562 258.9131003280696
2542059 264.425891193539
2543596 259.892365469373
2545109 263.93985821177927
2546597 267.7289538136533
2548066 268.0349138652967
2549568 266.09629071240477
2551062 267.5273188316779
2552567 259.2902071071447
2554092 260.1496640090008
2555623 265.45664039387196
2557143 264.3719292292895
2558583 269.99944188735935
2560112 263.3030958740752
2561578 160.1279688515629
2563060 267.7567527358844
2564611 262.75320620031806
2566082 268.34858456900156
2567101 67.17245921865043
2567172 -110.17623143683375
2568720 263.891956841752
2570244 261.0229300840287
2570311 -108.48317486178875
2571881 258.6526046037835
2573428 262.3806731436342
2574922 263.9713797388595
2575964 65.1362015831464
2577449 262.61961368107563
2578701 87.1328031845045
2580069 144.93817495945635
2580802 15.173091810946076
2582300 263.2508827011746
2583802 264.6910572507237
2585371 256.93832261672503
2586907 260.8960044201035
2588400 263.4968031154674
2589917 263.7819466200358
2591451 260.6378666356775
2592971 261.5011430575833
2594488 264.011048939095
2595984 263.9886615450794
2597474 264.402425541649
2599074 -68.89590294690115
2600593 265.14959979947184
2601128 -45.29307796008609
2602610 266.1241465856917
2604140 261.4779540120781
2605567 268.245404530571
2606116 -31.463317549143596
2607716 49.99577553250117
2609269 259.7243585754227
2610723 265.74392866433413
2612192 267.5262799677325
2612277 -109.69817171801999
2613868 257.17112937115843
2615372 260.5494389722074
2616850 265.5763324528579
2618306 266.5040918158122
2619777 264.8347286342423
2621359 257.0913397484219
2622888 261.6565624503975
2624338 268.4103151218314
2625696 104.49059217725264
2627203 264.3745294892243
2628680 265.4640707954959
2630212 260.2518241692131
2631744 260.1758570999553
2633299 259.30418112414185
2634745 269.0110410284307
2635228 -45.845607875422274
2636742 264.7228518761267
2638342 250.26786326377274
2639820 264.26555112433084
2641256 267.18261717760134
2642780 264.23984286741126
2644256 267.43966738655905
2645733 266.7421320905229
2647301 257.0270836405918
2648852 259.98332628215616
2650440 256.82037724178997
2651952 262.651481092815
2653376 109.16848058816853
2654861 264.77793229335197
2655338 -20.403308179864695
2656850 265.8661975320923
2658450 43.66091648040776
2659976 263.5985157718263
2661576 250.31889184824072
2663044 265.3855184992394
2664516 265.805171203273
2665101 -8.84929490633354
2665499 -40.25275789781876
2666965 267.429690135724
2668470 263.40045625846665
2669993 263.05726871156315
2671432 270.26898250391775
2672942 265.7836767869038
2674542 241.0085907890293
2676061 263.25437842595363
2677572 264.484904661595
2679172 251.60322104489683
2679236 -108.2778518923285
2680727 265.12787187538703
2682264 262.5107311282532
2683840 259.53821147651513
2685434 257.9564201078114
2686911 264.9084036339587
2688440 262.0104302096901
2690040 221.99619974908882
2691490 268.51462110074374
2691625 -125.48607694924374
2693136 262.5771985956336
2694667 265.00711567349936
2696244 261.22384289481374
2697765 262.63387585262154
2699294 263.9911501894022
2700885 258.9509612084105
2702456 260.17919070249656
2702570 -114.20225070660126
2704057 264.13670474745345
2705574 265.4938037757343
2707080 264.5802924538348
2708587 265.8723935928373
2710026 270.5922835997714
2711626 112.01048144847287
2713226 -49.695288890958395
2714710 265.1698155043191
2716271 258.9259544572967
2717755 268.0612856757145
2719242 268.0163165029901
2720765 265.43175063460535
2722265 263.54881090881804
2722546 -60.99208340634528
2724046 262.41289473255773
2725599 263.6762622682166
2727121 264.5833817635718
2727857 17.38746937802715
2729356 266.2246754104152
2730839 267.6438091661486
2732351 266.42249111319484
2733894 262.5060207377238
2735414 266.3524938223479
2736996 260.0297027235457
2738465 269.59099253845096
2740020 260.82743901036696
2741547 264.44038233189843
2743035 267.6221523835043
2744573 263.12968849278195
2746089 265.77132842334333
2747684 257.1872313211916
2749194 267.02517283768356
2750727 263.92725756685525
2752233 266.03503197488646
2753786 262.64594892659346
2755331 262.7595696931023
2756895 261.71438772311257
2758458 260.44283833537474
2759947 269.4886340833932
2761543 262.4942661598068
2763015 269.1122372465974
2764545 150.0565589709357
2766110 262.29865543058185
2767663 262.1020602370153
2769131 268.2182312960971
2770626 264.6702000744188
2772141 265.3168886146199
2773710 261.95861159584587
2775242 263.59963297130344
2776750 268.2311847443525
2778212 267.7079235229272
2779727 264.8142830655579
2781240 267.1815364714681
2782797 261.04550375640474
2784323 267.13035994654797
2785809 267.00078999909226
2787277 267.8744268951198
2788774 267.2234365362727
2790306 262.0810901482763
2791906 253.4455076288929
2793147 102.13933605010396
2794747 218.1445195703432
2796217 268.00138912894175
2797801 261.3033957694234
2799326 265.9466295361741
2799574 -76.99004376013886
2801058 263.7281269021635
2802638 261.088624150732
2804187 261.89875853487223
2805695 266.2911290261892
2807157 267.65675733744814
2808697 261.97436742599206
2810194 267.7036900462615
2811672 264.5391698155324
2813150 265.64017482390574
2814750 233.3299992093932
2816257 263.7352930269017
2817818 262.913476504538
2819364 262.9287043603743
2820812 271.11410696162716
2822406 263.88218617108777
2823881 268.72855082476735
2825350 268.66431652633963
2826845 267.994861375072
2828312 270.665983116698
2829858 262.8389170458219
2831423 264.1818723572145
2832914 267.3417088821778
2834449 267.25327115918446
2835928 267.3957250885672
2837459 263.4053568194283
2838949 266.9716856999898
2840432 269.2161354847565
2841905 271.758590564266
2843431 264.5010294919102
2843731 -65.57212877241211
2845232 268.20081528434326
2846706 269.30799642730483
2848189 268.24504726239206
2849719 265.82239283663745
2851234 263.92950725308407
2852735 268.2566276925291
2854235 266.91147253406535
2855739 264.95663454029665
2857205 268.0249420997193
2858736 266.4484743918427
2860336 40.37802108393711
2861839 266.0151925114053
2863414 262.7097192807877
2864473 68.9006147615085
2866073 248.25372645379207
2867562 268.63373284868436
2868629 87.57323044606596
2870111 267.4102553620274
2871628 265.5811585736151
2873164 264.9751201468429
2874661 269.3485249422372
2876181 266.2030263515308
2877751 261.8529755625291
2879334 257.52400783544323
2880814 266.37730599767883
2882334 265.6471595984785
2883847 267.0622636480149
2884051 -77.30434577470584
2885582 266.1349122988093
2885801 -81.93056629404053
2887304 268.4157303979179
2888825 266.83309464625046
2890425 250.0745098195107
2892002 261.7063878385844
2893268 114.9700533226412
2894745 267.7623509056527
2895189 -40.46178953838818
2896789 258.76178456195447
2898269 268.9481286232658
2898385 -119.15021164807118
2899847 270.77746227812213
2901447 47.48041516989087
2902847 275.6023493168112
2904321 266.8663540078548
2905859 265.31502153635904
2907341 269.85783069959245
2908875 264.92803452040386
2910362 269.62199862605456
2911275 55.09099876040091
2912781 267.14017292833097
2914344 263.4626882364988
2915837 139.76157842636823
2917416 263.7735897024973
2918887 271.3738443207363
2920381 268.1371790155451
2921808 271.0036925552905
2923408 247.86011283478004
2924974 263.80555152964854
2926496 267.6582078714961
2926907 -35.908819728776876
2928384 269.9077624426247
2929968 258.81459403519574
2931490 266.28912505814645
2932987 267.4592466486918
2934453 271.46332528579063
2935988 265.4894337537729
2937444 269.91794150059667
2938971 265.7834206941629
2940540 264.9152401619551
2942054 266.99918436010614
2943569 268.2508359300014
2944578 69.95982808760292
2946006 272.5979339109528
2947559 263.8835178832365
2949047 268.5653263919694
2949665 -8.663294879619016
2951158 268.6250247949785
2952680 265.0738404768185
2953897 96.73904174914824
2955488 263.40344138789914
2957013 266.79124970924255
2958513 266.5150598232734
2960051 266.9192117897198
2961596 265.54310088268426
2963106 267.41646380268645
2964614 268.5512301278637
2965980 128.16779194688291
2967454 268.4059813727829
2968431 50.38018977558883
2969879 270.69612491407287
2971364 270.0804725295657
2972885 266.4369961747954
2974359 267.30935088183594
2975850 266.3428521595421
2976463 0.16982520012254554
2976984 -37.87802824703797
2978525 262.3023077048252
2979974 269.1301472552027
2981446 270.5150754169107
2982950 265.4635242416041
2984228 123.32868288808211
2985825 261.78626822305154
2987276 272.0632911978111
2988745 268.0687679125594
2990269 267.8065074514444
2991800 265.2787340774318
2993325 266.20662594409305
2994807 266.5641604960321
2996276 269.32628243343015
2997853 261.37633610297206
2999379 264.59365420046447
3000834 269.287017433223
3002321 268.72748554800665
