# reward.txt contains number of transitions:cumulative reward
1600 -114.5649696394008
3200 -113.74967333715173
3270 -108.54374255387692
3360 -104.20378950440511
3455 -99.6132296262222
5055 -107.61511116695588
5107 -114.3050194194285
5150 -112.3427348078154
5208 -121.58234595504652
5268 -107.72414306027753
5351 -106.62736334816242
5453 -120.99897645373471
5520 -119.18233930150048
5570 -115.98160107840846
5648 -119.6619996465783
5713 -117.01205220129629
5804 -105.15412499803259
5878 -105.31656777012286
5957 -107.97437543647054
6022 -113.40716377115373
7622 -98.36851879678805
7668 -109.9114515806809
9268 -116.49591932684459
10868 -104.39076765699937
12468 -91.69297187044982
12536 -117.21855848832739
12631 -119.90221487954787
12739 -120.44498754420783
12794 -111.56035768821525
12865 -103.67151592293087
14465 -115.2942310230372
14550 -100.90399270539048
14618 -103.20002390633927
14685 -119.5071189708033
16285 -116.581390883565
16382 -120.81250758855293
16500 -123.30989128131543
16566 -111.155426034807
16630 -101.04243785478609
16694 -116.89887721864446
16742 -111.2416250834881
16794 -105.558622864414
18394 -106.50960734506234
19994 -116.07690034095131
20066 -104.01432897656163
20111 -109.4167162246996
20178 -101.29331016772488
21778 -106.7788462430715
23378 -101.48811252968281
23431 -119.04324755140146
23530 -101.5984777174412
25130 -108.71963766686748
25209 -101.64355021903788
25266 -111.25704383098147
25342 -118.68704576041799
25383 -108.28725130789665
25427 -109.64343239727927
27027 -117.48069523045505
28627 -117.21205674032359
28682 -103.22957864380628
30282 -97.02186820630153
31882 -102.50746422903137
33482 -98.24869637108334
35082 -92.95383433377008
36682 -110.82236403739135
38282 -105.03027154697223
39882 -105.06808750090094
41482 -97.06761013336508
43082 -93.6053905773305
44682 -98.47370995146728
44748 -104.26413993432838
44804 -107.92776109071448
44858 -109.15564967811356
46458 -92.70733235169878
48058 -93.30172659057598
48152 -124.96472333318678
49752 -92.71775894166244
51352 -89.79993059741646
51416 -98.70805235375681
53016 -93.66943183899849
54616 -99.4333231640545
56216 -90.37306996928093
57816 -94.23267122581261
59416 -84.24254126808577
61016 -91.34049505427038
61098 -116.26577521194952
62698 -90.99128499793987
62831 -106.82133081616772
64431 -84.59322881033093
66031 -83.07024413503824
67631 -91.18290461637086
69231 -90.98970529658764
69325 -110.22172879392996
69368 -110.01309232283322
70968 -84.52267460254426
72568 -87.97807512578997
74168 -87.52643587820808
74226 -107.49159148973351
75826 -92.28573781408755
77426 -76.94782714902543
79026 -67.4353379568221
80626 -82.53637401764922
80687 -113.79599613841374
82287 -76.90431030768644
83887 -74.84883098575715
83937 -109.82479763033676
85537 -105.37842267392452
85603 -115.58220842750184
87203 -67.52967789159098
88803 -75.10294940039503
90403 -72.36042325103163
92003 -88.39059949693393
93603 -80.92020692170533
95203 -78.26919944060032
96803 -68.35086110199181
96873 -112.03157649942673
97510 -167.846539070397
97628 -101.02851931501614
99228 -84.69635452876189
100828 -76.93879924246423
100949 -109.4052114575052
101041 -108.80962221036852
102641 -64.52804511219941
103296 -169.1357860127551
104896 -65.87469458905112
106496 -62.295392281423034
106562 -112.80049658707715
106640 -107.64986355631488
108240 -71.79304941449752
109840 -81.08576194523404
111440 -69.04859676061936
113040 -71.87149188355758
114640 -69.79906001387721
116240 -69.71993600378804
117840 -69.45000671365982
118584 -173.85456961805062
120184 -72.69898076128777
121784 -73.9222588796722
123384 -69.21131099962368
124984 -71.50891653876928
125767 -175.58755255140676
126554 -175.62423480146634
126645 -111.05123160037958
128245 -90.72427362822715
129220 -185.71847997170306
130820 -67.4312610886558
132420 -70.59612663760795
133156 -157.98993629931277
134756 -70.24526763261163
134888 -103.66438476534746
136488 -68.19206677700544
138064 -223.9237816109566
139664 -62.9136813237394
141264 -70.49878636755871
141918 -142.59447766877216
143518 -70.82205982541404
145118 -62.14181114716676
145340 -112.90735388759151
146940 -60.82387570329259
147066 -109.11109999326989
148666 -64.52199090914112
150266 -59.18381468316822
151866 -56.82556988964532
151957 -98.87989312753206
153557 -63.47605337067377
153844 -111.25003903280819
154127 -109.45911763049227
155727 -69.2845887896013
155870 -102.81712771070158
157470 -61.3002668254034
159070 -60.76315740317781
159205 -102.8625463106384
159283 -103.71511329385886
159437 -101.98069904626905
159548 -102.10891485255522
161148 -60.21701548910773
161256 -99.95103283267592
161422 -100.64062159090179
163022 -64.26700094827828
164622 -63.8325106002894
164696 -105.69447693708477
166296 -59.33522814557639
166471 -103.87730914037861
168071 -65.69801746340517
168129 -114.5351750753019
169729 -67.32090681240977
171329 -64.40421281196971
172929 -64.05464336019435
174529 -62.04352163538838
176129 -67.33050017327945
177729 -61.33562938577372
179329 -72.96181004379311
180929 -66.70116240165103
182529 -63.69076442028837
184129 -70.34441944890715
185729 -63.28002666590291
187329 -62.70488630219979
188929 -73.13148159826339
190529 -69.72389300501214
192129 -60.9173865951848
192273 -124.59705165908672
193873 -66.02001807017318
195473 -68.97000116539502
197073 -63.16423310774322
198673 -64.02986121906282
200273 -66.49133777331366
201873 -59.887330908811386
203473 -64.47673052281264
205073 -68.46154699137372
206673 -61.13925738427393
206759 -119.07148321878499
208359 -63.21869349591493
209959 -63.94635631420092
211559 -59.513066869157754
213159 -47.634464295865676
214759 -53.36413158143878
216359 -54.00870455358928
217959 -56.89186595200375
219559 -53.27253462516273
221159 -51.81232122079691
222759 -54.59450825658818
224359 -59.42680428282732
225959 -50.27059095243056
226009 -112.77306250010741
227609 -48.4670990362037
229209 -48.94260882177756
230809 -48.257619173041256
232409 -51.57839049534317
234009 -45.073385501521074
235609 -42.55044587060816
237209 -50.13756031346386
238809 -49.600561297940786
240409 -45.65703159661281
242009 -50.83021646843299
243609 -43.070717818208635
243695 -104.11763566416502
245295 -48.22354366174221
246895 -37.62561542633575
248495 -42.38578559876167
250095 -38.10284669353379
251695 -41.46693678909569
253295 -40.497943461229355
254895 -69.93794043381256
256495 -38.664281311434905
258095 -64.84771705549156
259695 -41.698955707781074
261295 -40.9637832749541
262895 -33.03848889442971
264495 -37.143316646885744
266095 -30.61649096130207
267695 -34.4960463871106
269295 -24.878867628319153
270895 -23.725729896757755
272495 -15.01338896750473
274095 -20.030818810271438
275695 -23.411227517934126
275774 -121.57076556610564
277374 -14.275043113775546
278974 -29.33229055935807
280574 -15.726904843497866
280672 -100.26229620963397
282272 -9.80060230016087
283872 -12.33292109295577
285472 -49.099707403383796
287072 -69.59427768747456
288672 -21.347647281751662
290272 -17.900510056905144
291872 -23.27900166248377
293472 -7.672649090807409
293847 -142.91294151084935
295447 -18.51190704159751
297047 -18.570341224014744
298647 -19.313655364544438
300247 -23.499043400663883
301847 -11.299209167117889
301918 -111.57391201415285
302015 -100.5756148604968
302861 -115.88987094911997
304461 -80.88757645032138
306061 -27.544182308071644
307661 -17.10502097189567
309261 -21.352722487687767
310861 -23.784710182234363
312461 -16.4268891866769
314061 -23.421124320245923
315661 -5.592278533072535
317261 -33.33851606634878
318861 -13.532099906188757
320461 -7.204095818481736
322061 -4.730194242546264
323661 0.9507411589411293
325261 -6.481394813637399
326861 -11.817559245601277
328461 -1.3744993718135994
328582 -119.33084517771069
328726 -95.36196729168793
330326 -2.293075060440228
330454 -109.42005107851823
330785 -101.82317848932743
332385 -3.494811495129638
333985 7.278623412256442
335585 1.063894689284424
337185 2.753933680353681
338785 -4.823706991657599
340385 -6.484427282526456
341985 -2.5089722234935734
343585 -6.048853412130238
345185 5.813075448070955
346785 0.3742853574839657
348385 12.452294424354713
349985 6.543262312838183
351585 15.460232846429586
353185 5.082859399541903
354785 9.370751537581889
356385 24.740900139168858
357985 23.039499007695067
359585 17.65207693389648
361185 9.513911466345611
362785 24.593977747648008
364385 15.432071072564757
365985 12.8878100684012
367585 18.453978094782677
369185 31.717079416687138
370785 6.6567367082349955
372385 29.92179422482416
372441 -114.95155833073271
374041 44.29277538999545
375641 24.03463820026753
377241 32.05399658166987
378841 31.950557351603443
380441 31.86954008508007
382041 34.45366055078002
383641 26.08605290573802
383756 -116.80886450751251
383872 -112.78879022112737
385472 30.37158399559246
387072 25.822690191955196
388672 28.5808061407339
388739 -120.55245693915182
390339 37.54585499707917
391939 20.049337247515044
393539 19.24091335654065
395139 33.57118305372921
396739 19.879731431092775
398339 42.567444224125474
398374 -104.98411033734679
399974 33.41282097328106
401574 26.001133438276753
403174 35.39752083227097
404774 40.0835773265474
406374 41.360149643574154
407974 34.529982240030535
409574 22.21563529279457
411174 45.5401555375246
412774 51.760223342501234
414374 53.922120882151056
415974 34.259351327020084
417555 -69.15812818918386
419155 42.79325112042627
420755 42.00540243312314
420837 -113.6102775853835
422437 52.39138837179482
424037 51.97801067930587
425637 61.63432139600296
427237 41.62004159509544
428837 50.270072267794305
430437 44.12588067251424
432037 53.86829752889033
433637 48.714465960493925
433707 -105.73882326257602
435307 41.12057159944441
436907 52.574234820211885
436966 -112.9590526345217
438566 44.038776884678114
438631 -120.35738401557938
440231 44.5833962514003
441831 48.95652517962396
443431 44.69678599615889
445031 46.18446563082935
446631 55.02061917496012
448231 41.63642810100501
449831 55.56070919074892
451431 46.02291489731022
453031 37.801948493838545
454631 56.75158459618939
456231 47.7839997669316
457831 59.28427908724082
459431 75.66372580631071
461031 66.18054887640928
462631 54.88587622795311
464231 80.77329598874013
465831 55.93638460859966
466270 -95.01977922316672
467870 75.22490060558323
469470 42.3967856970876
471070 64.94885060136707
471807 -74.93398014036873
473407 75.24208932073746
474378 -53.24422463736124
475978 83.06540362251806
477578 75.30613253385252
479178 70.59935469391768
480542 -32.484714820759976
482142 66.68402104032532
483742 73.9769242941743
485342 76.21420333709875
486942 77.82817135764915
487008 -109.9311878324002
487074 -115.31011100566403
488674 82.75345182525544
489064 -79.9589127684509
490664 82.17318740023485
492264 78.39090961832576
493864 87.83266260127837
495464 87.74779441372323
497064 81.01607952680212
498664 75.0819081148612
500264 72.58441661738296
501864 81.48522860429134
503464 86.9319056693812
505064 93.6671301879645
506664 85.90755240103168
508264 92.57907111565406
509864 80.90013942230341
511464 92.97454973151515
513064 114.17781761267057
514664 89.32638220677772
516264 113.09955562353441
516498 -90.96008371741574
518098 105.09009387885669
519698 88.13016373855189
521298 89.88037398158838
522898 107.95183423184422
524498 96.9903619704985
525280 -45.064189587260934
526880 88.34375285990096
528480 94.56024325340368
529385 -57.22379872490218
530985 102.88921126224669
532585 107.51742547494923
534185 103.32861084310329
535785 97.48052496895436
537385 91.03664655407975
538985 108.92985877974807
540585 82.30793877140492
542185 89.08239439872207
543785 107.39919915853817
545385 102.89689110042733
545821 -70.14362282050342
546477 -78.1394682857127
548077 112.77893462112569
549677 82.16541961852576
551277 99.50746718236464
552877 111.02420020498009
554477 103.40475605751172
555130 -52.034147317395245
556569 6.69328614549714
558169 112.9679971324846
559271 -25.63666278586598
560871 112.50040818200256
562471 127.38060950228993
564071 111.00899618326073
565671 125.21088003043593
567271 128.78849855735018
568871 110.45113248885434
570471 97.40865775017949
572071 125.24493315019778
572654 -49.042220056637504
574254 109.37062041515036
575854 117.52283879608684
575900 -111.0503684619988
576344 -77.74574264840223
577944 105.43103223528266
579544 111.646340357151
581144 105.25053370895985
581491 -73.37284575490466
583091 108.32446431651466
584691 117.34951668114165
585813 -15.481352655077245
586811 -34.05497588721788
587499 -68.05284121493129
587643 -90.3855992984213
589243 116.34543805727719
590843 104.84510063206436
592443 107.32955623267456
594043 99.16930951538386
594440 -81.90513269373216
594797 -76.00345047713442
595475 -42.63765050074901
597075 100.73582597790345
598355 -20.09935094236711
599955 106.9894926817473
601555 96.9372306942808
602721 -18.70488453175132
604321 96.7768490042257
605921 95.32061558941244
606690 -59.48011102099531
608290 109.32482562070831
608374 -116.63075952374066
609974 104.02657524300193
610586 -65.98500069570541
612186 97.37933006201249
612718 -73.40438436262001
614318 89.25025349674623
615918 92.56266963960361
617518 80.42414683538252
619118 105.37128542618548
620718 82.53326186782377
622318 91.8093984100297
622408 -123.3109281374303
624008 105.77639844818309
625608 98.97866215466668
627208 90.5709479401788
628808 98.37503966192706
630408 107.01908766445705
632008 112.64816402644477
633608 121.15617488045667
635208 115.38371105248926
636808 97.0559724105554
638408 116.02328846775123
639121 -52.50852591930761
640721 124.52207392123314
641915 -10.159610373518717
642892 -37.33077993285593
644492 125.7693853999501
644561 -112.187098541035
645903 15.089202542293705
647503 129.8849395986503
649103 116.0503111426259
650703 124.58817802937094
651243 -69.21204278832053
651306 -120.46303567376918
652906 138.73704436922708
654506 149.8939420310715
655522 -22.297350145695233
657122 134.21078290611982
658722 116.23837231097134
660322 134.2890444527213
661922 117.65422324161244
663522 147.41615752924477
665122 122.02581992846513
665994 -34.43236343027522
666207 -88.69953763887783
666977 -49.05074534978719
668577 143.28844906386206
670177 150.34306504632954
671496 1.4262597101077148
673096 106.55764706896721
673254 -89.6400556045603
674558 -14.39882250907101
675608 -23.222689190437393
675934 -71.52287951137063
677534 130.72766457605718
679134 132.24830080686513
680592 12.949804048798683
682192 154.08191208533654
683792 143.65447787503106
685392 140.8521649709611
686992 144.62793372431472
688592 142.17788720516154
690192 119.22477973664246
690288 -117.85116858630627
691888 110.47812261389362
693456 22.839959554311434
693793 -80.58091180618727
694661 -32.34453915308673
696261 124.46312516629175
697861 112.10564695416643
699447 25.796915414037144
700117 -43.28927181239235
700797 -53.203344036202274
702397 120.42830256716698
703997 122.88712438799526
704419 -67.86903413035841
705450 -31.918621690110527
707050 15.096760406207437
708217 -27.01614679688599
709817 149.14255822904542
710848 -26.5998057347268
712319 10.692499185780818
713919 133.26510971215066
715519 115.41042378246634
717119 112.76028890159364
718719 125.59325022341993
720319 122.66522921164561
721919 112.49981944992922
722258 -82.43385082065934
723858 137.10955708930376
724970 -21.46826065169708
726570 137.41197126940492
728170 90.30158285927662
729708 14.301496740952103
731308 129.9719865986503
732526 -6.564353963600539
733841 -9.210789060692534
734277 -74.80930943385573
735877 123.75170341595222
737186 11.644986714690361
738786 137.98961230469058
740386 130.73764244958153
741189 -50.08332310450392
742789 138.21510871700957
744389 146.17243207150148
745989 135.15486092916052
747589 143.350841861397
748978 25.79090834933686
749044 -106.1804799221723
750644 125.45189393105349
751611 -30.138350825249532
753211 128.3600761742641
754811 124.20056942495447
756411 118.29736717260701
758011 138.98736165171331
759611 125.23666282426007
761211 120.84723166670852
762811 125.376054436855
763668 -51.13007862421259
765268 116.64892670907616
766868 120.910631565472
768245 5.382780938197584
769845 131.41033178406707
770486 -49.70236874582252
772086 136.21930883607405
773686 130.27485200096103
774511 -39.158742504284355
776111 105.2841923990935
777711 132.2528345410982
779311 134.7669769489409
780911 127.38896340323534
782511 112.85421890728054
783840 -5.578767462761334
783897 -118.25167230844932
785497 134.2459370586507
787097 113.90725358185335
788697 124.71406104046851
790297 105.39677586701441
791897 113.75603401847616
793497 106.41158125455169
795097 128.99139190693117
795308 -98.33553271931099
795367 -119.80801923005097
796871 16.263322653684853
798471 119.1317833747596
798616 -93.83683643379341
798660 -108.8743737704729
799617 -52.26848913373109
800286 -49.31679885709587
801886 97.74231612724654
803486 130.131310242993
805086 127.74860521252658
806686 114.72629639216132
808286 123.68251058791944
809886 99.60132164299993
811486 98.03715411216265
813086 111.45810402358103
814686 122.18337624760426
816286 113.50140615875945
817886 118.05778726435693
819486 106.70548343346708
820153 -71.74455057870287
821753 108.38542788934333
823353 109.80167335637219
824953 123.43755599500604
826553 117.43721645912773
828153 114.00768767223123
829753 127.06544835306133
831353 125.27227757867732
832096 -45.27542093192912
833696 124.39586789071396
833960 -89.53679078298931
835560 126.96446096055719
837160 96.13120925472617
838760 122.89596713591412
840360 128.80065592731958
841960 122.62586245920552
843560 115.65724784582483
845160 144.35144433460417
846760 142.81635801044405
848360 122.87210208614786
849960 146.76662018500002
851560 123.88901118821364
853160 146.04066184118938
854760 148.93961133076212
855309 -60.511363017377136
856909 133.2393204587105
857364 -69.92000512491309
858964 139.81487340460788
860061 -17.840742753270476
861661 145.9353118530526
862707 -20.186468697508175
864307 141.9023747220017
865907 144.95627634956688
867507 119.91781383775589
869107 141.43789690845318
870707 135.932452297792
872307 148.340301312285
873907 146.39274470655135
875342 26.986960228322573
876942 147.07643736590126
878542 159.44571543483912
879614 -4.769155411219941
881214 145.38347335715923
882190 -4.047398547673012
883511 26.162526323665517
885111 163.5222446657293
885462 -76.81983635305984
887062 129.34972945683265
888534 30.49276992351085
890134 141.33659864129098
891734 143.75674292153613
893334 163.55977475302396
894934 147.35356904354924
896534 163.41097066386848
898134 171.72505873717427
899734 174.93558932522694
901334 164.7597313414584
902934 153.6554082907775
904534 157.66229907633962
905743 28.35434749527238
906113 -80.79904933644747
907713 161.5428906265645
909313 173.04329325180097
910913 173.013919487442
912513 164.3496853935395
914113 167.62429706019526
915713 192.79395499832017
917313 154.4328043912586
918913 179.28875231903652
920513 170.8442837237595
922113 172.17250848523219
923149 4.778981725305428
923240 -119.39006240266966
924840 181.7119005644315
926440 183.95470665745214
928040 191.51104184480275
929640 191.87405396272123
931240 150.3808640753391
932840 162.87830040031315
934440 177.87950963314117
936040 180.1309928283717
936207 -92.21298447685005
937807 184.00720250632196
939407 175.1747511913926
941007 174.53111008185027
942607 182.75756747393262
944207 185.54122184549217
945807 181.39772252392032
947407 194.84629685867782
949007 184.8206669314338
950607 180.469888559601
951901 70.762937045316
952797 6.180202320088284
952976 -95.69737117916097
954576 193.07908484625847
956176 171.89839791338613
957776 172.68631490333598
958733 4.875997996755274
960333 175.55924512322633
961933 167.27203864825648
962360 -71.35346672891563
963655 33.93191427849359
965255 190.80131900602052
966855 212.71440639127462
968455 164.42838770163436
970055 186.97977570436888
971526 68.82558235073645
973126 169.31611822379645
973534 -59.19351376176128
975134 198.30624656062582
976734 184.40287822624842
978334 173.10328691127498
979934 192.61670675028398
981389 34.7353517772049
982989 180.26123130719924
984589 185.26725344339275
984951 -70.75742898604834
986551 177.22082191886253
988151 183.7449571949387
989751 173.44546467406917
990888 -4.317711352685421
991063 -88.33436275615666
992663 182.29569123214475
993003 -72.70049988653574
994603 198.40617019795334
995153 -42.861435152464864
996753 156.87024309952835
998353 170.01868370764822
999953 211.35177627931216
1001553 179.6437082482225
1003153 188.34004303287813
1004753 157.61745465379144
1006279 65.64246706956888
1007879 194.45520276149773
1009479 177.9501995392061
1010843 42.888210920566195
1012443 178.5487664074832
1014043 152.19040158645333
1014184 -113.53859159707339
1015022 -25.81383054938172
1016096 18.57625656067458
1017696 212.3303517667516
1019296 170.1339979097179
1020370 22.471708878353894
1020721 -69.91572292820116
1022148 60.99168206830811
1023748 203.99698337692996
1025348 189.1845417259591
1026948 194.16381677978632
1028548 199.3784126275133
1030148 187.3600992731021
1031602 83.99692961640659
1033202 191.2632887520862
1034647 76.97077034798315
1036247 199.97707074875538
1037355 28.171000304763623
1038806 71.32855311663613
1039202 -65.33456846070291
1040802 182.04880083102142
1041054 -105.75586211692107
1042654 180.84052500884357
1044254 181.00061109257274
1045854 183.02793982369985
1047454 196.91727156148588
1049054 201.01726263690182
1050654 211.36817689388536
1052254 188.51468300078395
1053854 184.60839304872206
1055454 194.39420675559413
1056080 -35.39737797566971
1057680 187.50437569339616
1058131 -57.10713184424674
1059731 196.0262900960731
1061331 205.38429632727085
1062931 206.60190557534173
1064531 180.69309814827548
1064655 -113.34694600967939
1066255 168.2267804511173
1067855 215.26520176743276
1068202 -66.59098984007971
1069802 198.70207578833003
1071402 187.59062404785132
1073002 191.4474298734258
1074602 195.02818435950243
1076202 198.4280031248334
1077802 179.65166988140044
1079402 186.54240056086195
1080255 4.73985054225723
1081855 195.36179533081196
1083101 38.63751995031541
1084701 197.84414170567865
1086301 196.0963861247562
1087901 197.32097900297015
1088065 -103.2329953674612
1089665 166.4531711903155
1091265 181.1634860326639
1092865 201.617747217744
1094161 59.321881398907266
1095761 194.60822231653927
1097361 178.69793401459637
1097762 -63.40685794788352
1099362 193.71449116712046
1100962 192.8325881172392
1102562 190.8749900238374
1104162 192.7612264385314
1105060 -17.440759782969877
1106660 197.19328957935082
1108260 184.59843609032075
1109860 184.5766575409506
1110469 -42.24631398249544
1111396 -7.483997145723521
1112996 189.2665801390457
1114596 203.51956138038355
1116196 182.45147349217245
1117635 50.203464750583464
1118603 12.21515696462832
1120203 199.73607319750866
1121803 195.10009418700142
1123403 200.80308489783985
1125003 193.0992435332228
1126603 185.91908516377813
1128203 192.7266357119891
1129803 188.36465630152014
1131403 207.4340580046946
1133003 212.29386151146932
1133958 26.41669664688287
1135558 203.05411890227825
1135626 -96.69160456277616
1137226 199.06774785054637
1138826 201.06376289042754
1140426 204.1113287534364
1142026 201.13859186277884
1143626 210.96472207436636
1144141 -50.055550728363926
1144187 -109.86597830963943
1145787 198.62741364159973
1145944 -103.44979088707889
1146856 6.9681333177975375
1146995 -95.08888778449285
1148595 207.29393935007877
1150195 194.72206743627302
1151795 217.66909257118104
1151902 -115.14233449137521
1153502 174.54877278808783
1155102 212.44943920711495
1156702 190.838061707801
1158302 217.19351324632558
1159121 -12.19994512446894
1160533 79.32671876223026
1160748 -92.21673231590911
1162348 197.24651832712664
1163948 217.88903051153542
1165548 216.90027210717466
1167148 214.43882821576102
1168748 211.8318460865092
1170348 199.4049152804062
1171888 82.7856033833292
1173488 203.66481636223634
1175088 193.4893587601927
1175849 -15.243905592410016
1176301 -65.3851440620242
1176423 -114.11968022061728
1176578 -121.02961884360568
1178178 207.0686469299505
1179778 204.91556082817613
1181378 207.52393760116874
1182978 188.05359951010968
1184578 169.41170374030807
1186178 191.85935065180723
1187778 211.6014222041074
1189378 194.7907308360104
1190978 185.79555593300228
1192578 182.3682900278143
1194178 209.5685933383967
1195778 170.38468972497535
1197283 61.033270220988356
1198883 183.73292967516392
1199787 -15.045598094838311
1201387 176.62810195801114
1202987 188.27457529744876
1204587 210.62110595825817
1206187 208.85644857712825
1207787 192.71993544469717
1209387 186.79417319484895
1210987 201.88031233060596
1212587 188.74984148288297
1214187 191.62724093683585
1215787 198.66291943498132
1217387 172.4468838322974
1218987 170.14851383882603
1220587 194.22492446597556
1222187 191.73366287202825
1223787 164.54528016958548
1225387 197.45741971753313
1226987 188.96824364251634
1228587 164.36367291949213
1229675 33.14687570256754
1231275 166.52457163382581
1232394 41.81596650172855
1233994 187.04447385130942
1235594 169.3632519594884
1236965 38.50901725542636
1238565 207.49365436282673
1240165 190.69294481699828
1241765 196.4329785812296
1242729 17.529539779444008
1243938 22.323657982448196
1245538 182.6704527322507
1247138 202.7715838933442
1247310 -83.96591631684949
1248910 210.1974855934877
1250510 196.09484099061032
1252110 195.77356672471473
1253710 207.79316467977614
1255310 218.3081357324262
1256443 47.75235944527489
1258043 188.38150003069464
1258266 -82.68461393218922
1259866 191.03963379391874
1261466 196.28168864425297
1263066 202.95066019639032
1264666 206.51344322012517
1265053 -59.51058683100404
1266646 96.61034510684897
1268246 196.8854421817802
1269459 9.19064285349478
1271059 201.21970302201112
1272659 192.64540225250644
1273980 64.82837309521136
1274571 -31.511337092438097
1276171 190.83138670602247
1277771 197.5610486047798
1279283 80.80699134096699
1280883 221.20723971537512
1282483 192.91499571165855
1284083 182.08169056776393
1285683 196.23359854968416
1287283 201.6762903493262
1288883 195.04037921587707
1290483 213.5506773661881
1291020 -56.13330767165561
1292620 199.37153391780703
1294220 182.6342933222283
1295820 214.00713724254933
1297420 199.99029064343134
1299020 195.85568839646362
1300620 207.16351641352853
1301933 70.3127946772745
1303533 223.56128485479084
1303621 -97.71006107821005
1305221 209.74892752347546
1306821 205.19030192479772
1308421 200.30953098225078
1310021 210.9599279057692
1311621 202.8687348433473
1312510 5.114394504868301
1314110 194.966178728322
1315710 196.52042391224722
1317310 213.63191564500767
1318910 213.79206961727604
1320510 188.28391391889141
1322110 202.56255673344512
1323710 207.0596227934532
1325310 219.31836912514464
1326910 208.8648144260063
1328510 189.56136014850676
1330110 204.40402726942824
1331710 205.42356047088398
1332881 51.398077344366015
1334481 195.43648734391155
1335661 49.44775219166266
1336221 -47.95663944723209
1337821 223.11683055687942
1338102 -78.07271533748259
1339399 36.955754710056596
1340999 221.09603593867814
1342599 211.96985910665938
1344199 217.2638900418098
1345139 3.0136118125353164
1346493 60.21394887155395
1348093 213.84811028539727
1349693 187.0342383241342
1351293 186.9931436220257
1352893 169.1447606883573
1354493 210.88162681772164
1356093 171.0253875580788
1357693 191.82180592737646
1359293 210.47848448432214
1359544 -95.39298509401456
1360399 -16.57235864127982
1361089 -22.902899701128746
1362520 66.30294133752983
1362788 -70.9098701567566
1364388 177.20557256614129
1365988 204.3546338456906
1367588 158.9457804867823
1369188 216.2754210539349
1370648 74.23222401854176
1371630 5.137048731684331
1373230 185.99275267538675
1373548 -73.34806283969246
1375148 179.55500865039903
1375395 -92.77379784196118
1376995 188.93524211911745
1378595 196.85026833374553
1380195 209.95573406218168
1381795 169.5412834297346
1383395 184.68226583380087
1384995 185.60332885772038
1386147 48.02037623225786
1387747 200.55539739425737
1388088 -76.9517468382983
1388595 -59.51818193057243
1390195 192.63606915134457
1391795 190.44386358186765
1393395 198.23419322526652
1394970 61.715460250047215
1396570 190.98493609503805
1397250 -19.035048128518554
1398850 208.78969957269396
1400055 18.757640151344944
1401655 190.1090846875724
1403255 178.3615994563227
1404839 62.956021374805516
1405308 -58.593723898471026
1406908 187.8297222203567
1408508 182.27021121580356
1410108 196.77978184859842
1411708 205.0240811407945
1412980 64.54099267119824
1414580 193.49281976662525
1416180 194.1423725632181
1417780 187.72285769310773
1419183 69.69655503335113
1419493 -66.38044781040182
1420367 8.226904733794996
1421535 19.872345408028423
1423135 192.71600524623386
1424735 204.4526010749477
1426335 185.3962809949716
1427794 91.55955425182407
1429394 202.75154790311822
1430994 208.06607534678452
1432594 207.17488494083872
1434194 188.95727233950058
1435794 193.29672824840915
1437394 182.45930130142418
1438994 180.30905243810045
1440594 170.90722846290922
1440751 -113.37752032831436
1442351 193.8964388057606
1443951 205.00689232777304
1445551 207.6476967251914
1446342 1.722769704692908
1446585 -99.10547718642745
1448185 200.85877438497224
1448696 -35.66834385750761
1450296 191.70051789148658
1451896 227.42144048587787
1453496 190.7545061629748
1455096 211.96614036320005
1456696 183.9186539116433
1458296 184.79150701275495
1459896 195.22314354690397
1461496 192.24136760325126
1463096 193.04054876242387
1464696 204.47084162480934
1466296 202.98137561950386
1467569 17.143134116373474
1469169 183.0428381292812
1470769 182.28535900950774
1472369 190.12307494029827
1473969 204.13199701530297
1475569 220.3629557272657
1477169 229.1348955297858
1478769 194.45213834453247
1480369 191.83601711421937
1481969 220.3633699490441
1483569 212.90636078219396
1484518 12.727518657304742
1484917 -54.04195764524611
1486517 224.85967754826027
1488117 212.97046769516132
1489572 79.30563449864675
1489827 -74.79575884760732
1490134 -62.58301035021558
1491734 193.84558327308505
1493334 233.8414899639234
1494934 206.55766392750132
1495340 -51.92340114565537
1496446 54.27249238280913
1498046 237.28931796310764
1498715 -25.72250089547522
1500315 220.31539090980255
1501189 16.58932665694803
1502789 201.97208027515325
1504389 216.74134872752015
1505989 229.6732742878268
1507589 220.49777185528254
1508379 7.103055740971996
1508985 -38.16364062245806
1510585 230.05530980478792
1511172 -27.46934815071026
1512772 204.52336741449488
1514372 196.6490692644144
1515972 218.2277093587349
1517151 45.46155787707298
1518751 203.88862446765413
1520351 167.78474773916054
1520820 -42.10243826361215
1522420 222.94261944989438
1524020 187.54001059693533
1525620 208.71954468883803
1527220 226.83635615730137
1528820 220.75751411384238
1530402 103.86623586655301
1532002 203.1238751440093
1533602 217.9405275924694
1535202 202.67344293395576
1536802 207.7097108530825
1538402 220.87025625821863
1538999 -19.67273333558127
1540599 223.6297022332003
1542199 205.4010555439779
1543718 100.93695437054913
1545318 212.1071221626268
1546918 195.24090128600912
1548518 211.1536873552102
1550118 193.07662400764275
1551718 199.618071676038
1553318 207.6776089110362
1554918 222.4848557832167
1556518 226.23395079564412
1558118 225.36164272866236
1559718 205.53507316521495
1560300 -21.258469019092644
1561900 224.6310944193505
1563500 197.6185953540172
1564972 85.90849574037361
1566572 215.0814198183899
1568172 225.37947462936128
1569343 55.80903392624754
1570047 -36.58766482007714
1570826 1.1801112478720341
1571798 20.022555200191334
1573398 214.35075725223928
1574998 219.0515741322698
1576598 199.4222015630484
1578198 223.4674266328608
1579798 221.04257316613857
1581398 205.05428115752102
1582998 206.80009073102397
1584598 199.8213742265281
1584925 -77.23576198746669
1586525 212.72497441239202
1588125 198.6727610891505
1589725 216.14492148514407
1591325 216.19918064887605
1592455 58.6751902084182
1594055 214.8613716634882
1594479 -45.10305137307695
1596079 200.9620902303161
1597679 212.16299573711206
1599279 223.2422489259709
1600879 209.4414556370405
1602479 211.67666373448657
1604079 221.45901214010325
1605679 223.83716041242891
1607279 217.30841682391173
1608469 59.09197544003459
1608825 -58.701453205719886
1610425 197.37982131466913
1612025 211.29169529611326
1613625 226.67392081601128
1615225 191.51014490001717
1616825 166.2256483390133
1618425 217.8604631578906
1620025 219.16040865312348
1621625 210.69909616501795
1623225 223.9491656340514
1624825 208.09023374150027
1626425 211.09232114518264
1628025 206.9087617197316
1629625 191.23378995225406
1631225 186.76324805322008
1632825 224.65911856523817
1634425 222.4769285896259
1634897 -48.25132430421806
1636497 226.80216445549382
1638097 208.6060505429534
1639697 209.12404284187403
1641297 211.75176593664526
1641469 -117.3773785468042
1642515 36.38917779204141
1644115 208.09395471032468
1644882 5.913624725074243
1646482 215.85411910790438
1648082 220.76859816386082
1649682 207.93484305234756
1651282 214.47336954919732
1651948 -11.612359475679767
1653548 231.13754010636217
1655148 222.5543748415564
1656748 215.39805063832955
1656893 -91.11453676740702
1658493 226.5868239753891
1659354 22.521819571246468
1660954 238.07331412969515
1662554 208.17959234839606
1664154 221.1459543360295
1665754 226.5219441205438
1667354 198.53701182577112
1668954 230.0494390596525
1670554 224.4949518598578
1672154 221.23899027918569
1673754 199.8494347512153
1675354 209.4203757741724
1676954 217.60039766327594
1678554 205.10446275903797
1680154 217.59414590081622
1681754 206.6588240436819
1683354 218.93094120567474
1684954 230.95388712081325
1686554 214.76445787483604
1688154 227.25218740738845
1689754 233.36203217883153
1691236 80.81996027720214
1692836 235.55058831477902
1693419 -65.22335678583352
1695019 218.76189169951513
1696619 222.79777936920982
1698219 213.59727302711448
1699819 216.62123723688327
1701419 194.79429532082216
1702342 21.90382376460977
1703942 208.51251388527146
1705542 216.25477151552187
1707142 208.1174451855692
1707317 -90.21134662275078
1708917 202.20308522985465
1710517 198.30923170380106
1712117 212.7114597302785
1713717 214.9470271909587
1715317 213.92388402621782
1716917 234.00929499047217
1718517 211.50962755828706
1720117 219.70825695886455
1721717 215.06310371199496
1723317 217.1777317011081
1724917 223.62013761272988
1726517 220.96918304340764
1726679 -98.7713520393204
1728279 229.31596235420443
1729879 212.29021807138486
1730359 -32.94976602761632
1730448 -114.45125572692324
1731634 74.3285462429292
1733234 224.73240886329845
1734834 227.90149563036996
1735222 -53.332096547015006
1735686 -47.103315929955755
1736946 62.902883139144734
1738546 200.9876303256471
1740146 185.43253785202683
1741746 209.25835157350116
1743346 216.51747149253663
1744946 217.53510782383782
1746546 228.2475437446738
1748146 217.20438446547035
1749746 229.61488259889842
1750168 -47.52842498175865
1751768 213.9123457532884
1753368 216.28787090722568
1754968 204.29784823584805
1756568 216.31153085711767
1758168 218.00923595692032
1759768 213.09923989186422
1761368 222.87905835420537
1762968 225.78819451037182
1764568 228.45511446755845
1766168 222.0225894611482
1767768 220.6273418074065
1769368 213.93529939691877
1770968 222.9000703419322
1772568 221.42745837014346
1774168 214.4368447810173
1775768 215.48754817553535
1777368 224.62027218535042
1777535 -86.37374625352025
1779135 207.01946740076025
1780735 228.2695038104387
1782335 221.54331494901464
1783935 219.6550631456396
1785535 212.23066805504544
1787135 200.7528666140605
1788735 218.5161105519485
1790335 193.9205366612191
1791935 224.30319386669714
1793535 228.8558452637646
1794380 17.31293601031406
1795980 218.60921916049023
1796174 -119.0156496894175
1797774 220.97580749855985
1799374 234.18715704649367
1800974 213.59904334769564
1802574 200.72409237558819
1802697 -111.53027108289055
1804297 232.4229044679731
1804966 -13.3310931754975
1806566 232.69518295269555
1807397 -1.9902132079132855
1808997 239.9543391214842
1810597 230.61700127343846
1812197 231.6059182092325
1813797 210.85846621200832
1815397 235.11269848480092
1816997 244.75650746229002
1818597 215.9584527787211
1820197 215.2559509598955
1821797 215.42692841663856
1823397 219.00579478097242
1824997 204.83254414471435
1826597 217.56415171224745
1828197 224.7672701083394
1829797 215.35132663548578
1831397 233.90794603623928
1832997 230.19926405942766
1833244 -85.34762786069203
1833337 -122.30680602445516
1834937 233.6417284780298
1836537 222.61947554217144
1838137 225.41464949472712
1839737 201.40413910456607
1839883 -118.78997521853958
1841483 222.50914467068853
1843083 215.56422720511384
1844683 231.84644913471388
1845595 17.298493670479616
1847195 236.62418352588938
1848795 214.80117103511768
1849471 -15.641577104995335
1849544 -103.30955149171005
1850478 25.153622420828185
1852078 223.02143060244117
1853678 214.5228595392207
1855278 226.45635358965382
1856878 210.4623712259922
1857633 -11.389450609109119
1857769 -116.67942656135217
1857924 -103.78440835615558
1858480 -28.26770123669195
1859658 28.10241871409235
1861258 233.05441933108835
1861595 -89.82960712840472
1862404 -24.905865321810737
1864004 223.0163387806445
1865604 240.4079657852258
1867204 215.58787568126286
1868804 217.5418615198251
1870404 204.99827656282625
1872004 210.52993372166242
1873604 225.15054741693606
1875204 213.7482662114538
1876804 213.87506546061238
1878404 220.4190958354574
1879274 -0.6736573245016757
1880874 208.8267108260803
1882474 218.4919015310728
1884074 237.81318753306667
1884811 -0.9135104880358398
1886411 218.42292535051183
1887771 77.68125061227755
1888504 -0.13480571195970015
1890104 218.34477475802012
1891704 234.21596438930433
1893304 240.64636374804223
1894904 231.25822207326513
1896504 222.79477850310533
1898104 209.97292008930341
1899704 235.5850089347213
1901304 217.59640944432272
1902904 230.72237742186402
1904504 221.22181980176902
1906104 224.03155454594102
1907704 222.44619075334103
1909304 234.37510022796965
1910321 10.391244939332992
1910995 -16.838974841134117
1912595 229.0833920266157
1913274 -15.281422255886099
1914874 225.26168156416065
1916474 224.03529912253035
1918074 228.33257412617797
1919674 229.37956477800688
1921274 241.2332247698305
1921437 -89.22158980089799
1923037 220.3438423709555
1923499 -46.17777116935079
1925099 231.19640615831477
1926699 227.68083577799652
1928299 219.4553352073334
1929899 229.71595517352318
1931251 89.36123860283442
1932851 235.1116606149953
1934451 233.11322835610343
1936051 234.21709505809773
1937651 225.76402728392642
1939251 235.60114531226253
1940851 229.94016045114822
1942451 226.86330517525528
1942556 -116.63940644149017
1944156 220.95093445164332
1945493 90.5646241693837
1946172 -2.638550553090951
1947772 246.29226751386756
1947939 -95.56486249441653
1949539 227.28510493467138
1951139 220.0974508665104
1952739 210.2035171108815
1954339 232.22130030412913
1955939 232.99039839844713
1957539 217.01384683546337
1959139 227.93959938741762
1960739 226.91454285752323
1962339 224.88025267740647
1963939 233.76634985161894
1965516 113.51402157439844
1967116 235.85946960951284
1968716 226.18893633724966
1970316 243.3057815798698
1971916 230.602158938363
1973198 84.95052394143732
1973402 -89.61285716805081
1975002 223.91724377797217
1976602 226.47621052827526
1978202 231.62355743304386
1979802 222.04914676456653
1981402 247.8387249334621
1983002 224.44041773096598
1984602 233.06340048062026
1986202 235.33586340055004
1987802 234.38956016994555
1989402 231.19187659254754
1989495 -113.93272200833074
1991095 232.46942396854715
1992695 220.67047634463307
1994295 224.88425973710233
1995895 224.6595759182861
1997495 228.64305898938966
1998712 45.861955113447635
2000312 227.57490272075609
2001912 233.7156340542033
2003512 218.6616197108211
2005112 239.99833471104427
2006712 245.14640486041338
2008312 223.54690357175306
2009912 229.0865926049594
2010345 -64.30597427635826
2011945 234.2802778823777
2013545 206.6746758716867
2014150 -52.7482078422733
2015750 217.57391618212787
2017350 229.36862476882806
2018950 227.16504052045497
2020550 213.43619824553903
2022150 224.2808955897012
2023750 220.2042874224018
2025350 231.39221212847673
2025497 -119.9824490551961
2027097 233.4897151761734
2028697 233.17295143516307
2030297 214.8749937964481
2031897 234.80609806086758
2032405 -45.06414876551306
2033793 72.51498376887304
2035393 238.2018689841709
2035969 -35.76477807568568
2037569 214.85163426418637
2039169 239.04253869215128
2040769 232.90138207403186
2042203 90.69165915268849
2043803 239.62770812134747
2045403 214.12590121822313
2047003 243.624336790498
2048603 233.84717255748598
2050136 87.25436390415976
2050452 -65.35836639330785
2052052 226.8284502567818
2053652 240.24884083800038
2055252 221.91810916587605
2056852 225.944933299798
2058440 110.19460534734245
2060040 235.74307308216973
2061640 218.68913410713134
2063240 239.874207810363
2064840 220.73164097839947
2066440 224.72254665254178
2068008 95.00679884329429
2069247 92.24671356758245
2070847 233.28870155961962
2072447 241.5773973207479
2074047 235.2115227070426
2075647 207.74123141549333
2077247 211.12472510689085
2077849 -40.25338571967001
2079449 213.1305812406534
2081049 226.47408355106387
2082649 241.69630536209473
2084249 231.03721486362045
2085849 243.3845835881682
2087449 248.27376966714448
2089049 218.6345376484535
2090649 227.42916731287312
2092249 221.55555393415742
2093849 219.96537220407117
2095449 246.18351185448873
2097049 225.6665575795126
2097124 -105.22369020165192
2098724 239.13263209784057
2100324 209.41204115386645
2101924 234.00416481601064
2103524 219.95719153399733
2105124 228.4339379952292
2106724 221.38011306665425
2108324 217.90321341815795
2109924 227.17910773167037
2110103 -97.48426855511094
2111703 230.28206132894124
2111843 -106.02572399860559
2113247 97.13914269045122
2114847 235.6613871504704
2116447 240.28101741976855
2118047 247.37990760789077
2119647 240.3064934456089
2121247 217.6409263812226
2122847 234.81899300144138
2124447 237.00957703910487
2126047 230.51602240966085
2127647 230.8799041036899
2129247 218.67902953055903
2130847 253.25257518278912
2132447 245.1775373994048
2134047 226.0804296034108
2135647 227.68892337076707
2136313 -28.26020209684856
2137913 220.61251085176082
2139513 208.1958955120245
2141113 235.97823219270217
2142713 225.9779406659341
2144313 234.99489742208996
2145913 232.79114760981145
2147513 228.3662224168263
2148937 101.52921776856158
2149091 -124.50769175742055
2149654 -30.704716713417625
2150297 -14.03686267121195
2151897 234.2330622259451
2151996 -98.69167955099606
2153059 23.15120255215534
2154232 71.31973007963543
2155386 64.72875268591801
2156986 226.0787469119365
2157783 2.8929834629300615
2159383 236.13235577569083
2160378 30.237115728892235
2161978 216.04065955415462
2163578 238.42823005945172
2164421 -13.0517582054498
2166021 239.69261440152619
2167621 223.88799343469685
2169221 183.66819005209112
2170821 231.60876396934287
2171744 -7.9333990751015335
2171985 -82.59085212933519
2173585 225.3769679774859
2175185 205.10539717714775
2176785 218.13965309060922
2178385 233.21273132775266
2179985 206.20531712034796
2181585 225.76445140966425
2183185 234.440788354121
2184785 239.3411870553657
2186385 220.54689968253376
2187985 218.1626330854949
2189585 246.82214497805467
2191185 220.03334239962527
2192785 217.86988758544067
2194385 233.30721547317023
2195985 226.01070056855278
2197585 239.02770747193227
2199185 236.38721400989624
2199332 -96.53856659845698
2200932 219.07229248585043
2202532 232.06625243804072
2204132 231.81808812945036
2205732 241.44812035182534
2205857 -99.14218050896686
2207457 230.73666678156096
2209057 236.0716875957263
2210657 235.27109504879766
2212257 220.39495070060087
2213857 209.29883278427036
2215457 223.02444948716175
2217057 229.37249696317883
2217131 -99.86066429354499
2218731 236.87726467823904
2220331 219.61709097711588
2221931 244.5437453850596
2223531 228.5934466472007
2225131 226.2355682644904
2226422 68.93563300386546
2228022 237.10462233063075
2229622 228.26973163475168
2231222 232.09609916441366
2232822 231.25953484881626
2234422 234.91010120542643
2234481 -100.59498742935433
2235774 87.77455602782945
2237374 225.29098379109675
2238974 223.0968379471784
2240574 232.46804159384652
2242174 219.90099782152348
2243774 236.6849309995751
2245374 229.639795235403
2246974 228.99141371809267
2247661 -33.23576792635532
2249261 234.15138591421643
2250861 230.45680807599905
2251594 -7.963468189549715
2253194 209.33911373368733
2254711 94.39984773703642
2256311 236.51017037610671
2257911 237.0759318297425
2259511 221.116587993823
2259645 -103.01499163436208
2261245 241.2031698916595
2262845 231.7887642962261
2264445 223.2703220183467
2266045 217.36846556845924
2267645 219.80946872482144
2269245 231.14531132509242
2270845 231.25212005191983
2270999 -92.94432903697341
2272599 228.49302286495748
2274031 99.49372077014274
2275086 32.39898022526191
2275243 -93.60526382151929
2276843 225.8341174937792
2277717 21.56205834846105
2279317 223.2765082402911
2280917 230.57574539117684
2282517 229.27201730213355
2284117 231.62210155683027
2285717 232.23887246581975
2287317 231.03947663558776
2288917 229.46188056860274
2290245 87.49510779179514
2290372 -110.07674007021511
2291972 238.28179056621653
2293572 229.9053171143199
2295172 239.2054879087776
2296772 229.67201292405116
2296932 -108.75117914410866
2298532 229.18361188878168
2300132 226.62971841471725
2300539 -65.36353700395055
2302139 224.20686983405548
2303739 213.78534289104562
2305339 231.9195956459167
2305468 -103.88427117566579
2307068 228.69939601265023
2308668 229.08224004312197
2310268 242.12724503684169
2310334 -98.9819546269762
2310503 -104.3892540303624
2312103 214.59549343075045
2313703 225.83427522288645
2315303 208.8388128868575
2316903 220.87101223551605
2318503 219.82775912796905
2320103 229.10327038024923
2321703 240.76866159995208
2323303 217.93292561477915
2324609 56.86334364236231
2325790 39.14487246358314
2327390 238.63168663388845
2328990 238.95141141270307
2330590 217.55201289324071
2330672 -97.9179666753138
2332272 229.05367734482738
2333872 232.5572087209228
2335472 238.13813169748028
2337072 234.07586365308316
2337508 -44.73911248674679
2339108 233.4934577221966
2340708 222.3751995667735
2342308 248.6727197849732
2343908 237.56359932396109
2345508 231.91979713205376
2346850 103.19992599671548
2347335 -36.81591897942865
2348935 238.8960330996173
2350105 63.43556973643555
2351705 224.8052990054274
2351774 -101.4135305080181
2351897 -107.03148612202394
2352022 -113.31887153500023
2353622 232.22045504142645
2355222 229.07184992934512
2356822 229.66577436795444
2358422 223.83847712037354
2360022 231.8220934850801
2360135 -106.8732022759902
2361735 236.78139079482236
2361854 -106.73656135711447
2363454 234.89237473487572
2365054 229.8323860161066
2366654 239.4400490107252
2368254 241.23136157457688
2369854 232.18231983688105
2371454 234.72586660824246
2373054 226.8885008299492
2374243 59.3016803483506
2375843 235.0804776615938
2377443 221.10525073610063
2379043 212.1027674421561
2380643 231.50177070277985
2382243 218.69467979988673
2383843 234.60939051092348
2385343 115.1725020936847
2386943 225.94026935304666
2388543 219.18307787063114
2390143 227.93490933455303
2391743 225.13092096162708
2393343 237.85450138749562
2394943 225.8494213208495
2396543 224.82476847086744
2398143 214.38768605343768
2399366 76.18735277852682
2400966 217.884946214219
2401177 -91.19385448253962
2401443 -86.03949161242755
2403043 204.98093857575194
2404643 227.82608499877568
2406243 217.84543705154084
2406889 -33.883385435408854
2408489 241.22605777574273
2410089 211.12166862548148
2410205 -107.35262479357048
2411805 236.61333719127302
2413405 192.60146083633316
2415005 216.50845119336051
2416605 229.07662161076775
2418205 229.185724731842
2419805 231.40990775198094
2421405 236.18426233398887
2423005 223.24573503749147
2424363 94.14495187257842
2425963 225.17848539622574
2426065 -104.53493784303963
2427665 226.74702108166122
2429265 219.12360027109207
2430865 214.33223628975887
2432465 235.02547324089286
2433602 35.07976788029259
2435202 230.25957812383803
2436802 230.75095223659827
2437702 -5.407290142122008
2437828 -97.76246349124176
2439428 226.54590982172894
2441028 238.41760240872077
2442628 221.74814207681044
2443006 -55.406844374370145
2444606 234.85304850256006
2446206 227.61258399171933
2447806 229.68139185357498
2449406 231.7248894212277
2450106 -31.822853843988966
2451706 228.88292239940927
2451829 -102.86469027888465
2453073 75.56297352735365
2454673 239.54748145755363
2456273 227.33936069178125
2457873 224.47422835870944
2459473 229.71237436917505
2461073 227.31935427044286
2462673 220.85965006917093
2464273 218.34407281593127
2464400 -102.98279022235734
2466000 243.35682248455757
2467600 227.82308527932187
2469200 233.73445342980844
2470800 227.50643695707782
2472400 219.16061712421512
2473007 -34.81781446227306
2474607 226.96404578612805
2476207 220.76741952003724
2477807 223.8279769311758
2479407 220.13538060923082
2480006 -45.00189193557777
2481606 231.53587428519873
2481919 -63.20220548425182
2483519 221.69748771358636
2485119 231.16781255096265
2486719 236.731019598002
2488319 240.14346943655931
2489919 234.5427200262921
2491519 230.75397056057395
2491780 -84.45746357184929
2492348 -21.70775560411549
2493948 230.75794778232031
2494418 -34.37341383061714
2496018 226.60885828869107
2497618 233.14401270454545
2498670 53.356335318051265
2500270 226.10970262864907
2501870 216.71888069873967
2503470 232.29057197383707
2505046 104.83877666611431
2506646 221.98544915606263
2506926 -70.48014684738467
2508526 241.45861039635105
2510126 230.53189278475895
2511097 14.989219643402564
2512697 231.77641771603098
2514297 219.3185158597378
2515897 220.53800281136571
2517497 229.66585173010586
2519097 230.511486918134
2519647 -25.55412969561604
2521247 231.28615887811313
2522847 225.16964696391082
2524447 232.1003180501882
2524614 -96.70062569512629
2526214 234.42696404889313
2527108 8.81018236934105
2528708 245.30454060438564
2530308 214.54739485049737
2531908 235.93372142607046
2533508 232.77052610405568
2534632 65.43479757577342
2536139 105.46497847502556
2537418 72.32757221909492
2538183 -18.551021680501677
2539783 239.4199133234091
2541383 239.04561401797653
2542983 241.01806559382268
2544583 225.42387039283224
2546183 209.63665453807866
2547783 227.43391570515524
2549383 242.4426207576982
2550363 30.760508156438732
2551156 7.413079878655978
2552756 216.90349691769592
2553320 -42.39513541167545
2554370 39.3452484300056
2554696 -111.96879618464317
2556296 239.22529728738252
2556893 -24.063384505707077
2558493 233.66527939992991
2560093 240.12220944663977
2561693 227.50613186005742
2563293 209.64669908009145
2564893 222.44604285360293
2566493 237.10993191740852
2568093 226.07652582402432
2568414 -69.32648268458547
2570014 226.19321890964153
2570704 -10.234511448609382
2571532 14.543866594826213
2573132 215.70069826500747
2574732 231.24683331124825
2576332 217.5419692113817
2577932 235.67963955846756
2579532 231.80726629868423
2581132 219.02188276795755
2582732 220.16568299158908
2584332 230.722882005131
2585932 216.33150803152355
2587532 222.4679974410068
2589132 226.63153672236976
2590732 238.10054041452432
2591915 40.50333503956924
2593515 217.5183491937376
2595115 222.71923063156444
2596506 86.76324453343264
2598106 222.15598711378263
2598593 -52.063196344597266
2600062 86.08532067540304
2601662 234.14686327768268
2603262 230.44638992576213
2604862 204.0954472695069
2606462 222.11490730179332
2608062 216.51014535477069
2609662 242.62022913728399
2611262 207.63509448444708
2612862 233.49249566475433
2614462 232.53321804647314
2616062 228.47732047271563
2616529 -53.99796602184883
2618129 227.13035525762726
2619729 225.45225586930806
2620933 59.881343997394055
2622533 208.07962272587497
2624133 226.8942757298684
2625733 230.64619810127823
2627333 238.3750375963789
2628933 233.40810735801017
2630533 224.41465124030168
2632133 237.32068472683412
2633733 223.3215760955367
2635333 234.42818866950932
2636933 227.884252548684
2638533 240.83546955960642
2640133 220.15488383786453
2641733 225.52644722992792
2643333 209.59020084069718
2644933 230.31948364193303
2645692 -0.715127748813785
2647162 75.52834518647029
2648762 237.80810167114322
2650362 215.72865530792967
2651962 233.2735989001578
2653562 214.27209895267106
2655162 219.60897419979986
2656762 231.73037937069986
2658362 210.95403099117854
2659962 233.27306309412475
2661562 224.7568042647176
2663162 216.99377986626166
2664762 227.99925329960683
2666362 232.0636359370725
2667026 -32.03146832585989
2668626 225.5452427698422
2670084 92.118077594321
2671684 223.48936951999065
2673284 229.4052005415769
2674884 224.1765270628371
2676484 218.4941518137557
2678084 233.67753323115775
2679684 230.4589942353981
2681284 233.84060673811405
2682884 227.98088645573816
2684484 226.28889986350285
2684655 -90.91911109058653
2686255 222.99544087257692
2687855 237.33978444960718
2689455 230.0376106070496
2691055 226.71263241820944
2692655 214.89270248605862
2694255 228.43053326700982
2695855 228.3941412606044
2697455 228.57307348469882
2699055 236.8804205396637
2700655 218.6648248985337
2702255 197.95990479923464
2703855 222.7482831756299
2705455 225.30127937206456
2707055 220.82942225075223
2707190 -104.35021312337399
2708790 223.1160340244277
2710390 236.62034870068408
2711990 228.8631542279914
2713590 239.42859419767268
2715190 240.23205193863032
2716790 223.80864419295602
2718390 230.5402340520162
2719545 50.02722614968337
2721145 217.64799622150295
2722745 222.52461765556166
2724345 228.0183046874403
2725945 226.2481417233519
2727545 217.29340038208238
2729145 223.3968919121435
2730745 232.32264373535793
2732345 225.46461636524336
2733945 232.67178569470306
2735545 214.85983700748673
2737145 233.84552894802403
2738142 10.800995340772019
2739197 36.628495010506185
2740797 232.7404913210683
2742397 240.02537470755806
2742658 -76.02749252522706
2744258 213.39176279660126
2745858 237.44395188377715
2747458 246.11516471957592
2749058 235.5516760815967
2750658 220.26497124847586
2752258 226.71964718067292
2753858 234.1342244315338
2755458 229.28315884797027
2757058 220.8874443346241
2758658 229.69129665298064
2760258 227.54819335738856
2761858 241.55596417030037
2763458 243.6867825366583
2765058 230.1354095166163
2766658 235.90411683105378
2768258 229.25024567678355
2768692 -65.51806063222715
2770292 238.4524445906734
2771872 124.47150505802676
2773472 220.6356907650585
2775072 226.17269582925638
2776672 239.87336233536485
2778272 243.04420758218737
2779872 238.07625354180036
2781472 235.1866578485717
2783072 233.0982035974873
2784672 243.2781695558251
2786272 218.306963162002
2787872 225.85306792367373
2789472 225.5454015789926
2791072 244.13291476493677
2792672 220.074351132726
2794272 225.63584516753596
2795872 227.39173983960518
2797472 220.86338924133128
2799072 218.65498091574983
2800672 229.99896150184853
2802272 229.64842292704384
2803872 226.3792478103367
2805472 214.85895000996555
2807072 226.0638299576377
2808672 210.1638716535028
2810272 226.9802388401724
2811872 229.11104996396537
2813472 229.90949301258763
2815072 233.8330356265197
2816672 220.66899686600976
2818272 227.09796091624602
2819872 226.766533542864
2821472 236.87190338257466
2823072 227.76702990375182
2824672 216.4275284850045
2826272 213.95248020118476
2827872 228.08441070852137
2829472 224.5628957273283
2831072 222.31078653523025
2832672 236.93396791400033
2834272 231.82243856354566
2835872 221.67585472449466
2837472 244.34617131912597
2837561 -103.55101474590941
2839161 235.95943982704785
2840761 215.46235010576257
2840859 -103.59473010255769
2842459 234.4076524048218
2844059 228.4534000405649
2845586 83.21168617414298
2847186 222.59380033787247
2848786 209.2229503931288
2850386 228.6070800660283
2851986 243.89235160586844
2853586 230.01717179758379
2855186 224.23270957977815
2856786 227.41957000028466
2858386 238.72954030984357
2859986 234.04586685430982
2861586 224.85847031760676
2863186 225.15404374787857
2864786 220.0787333228029
2866386 242.69425299974986
2867986 244.77265891484396
2869586 225.355343697677
2869735 -83.6139745264671
2871335 225.07386895476802
2871687 -73.03427227507586
2873287 230.84664675594993
2874887 231.79614873530983
2876487 222.29259781054026
2878087 224.57226083594372
2879687 218.39768707386617
2881287 242.75717633857272
2881629 -67.12130643087905
2883229 229.37670802800713
2884829 240.73533198020525
2886429 229.71419779326035
2888029 230.09866997382693
2889629 232.0985796732998
2891229 232.4526672786283
2892829 238.99772503340387
2893089 -74.89014045263518
2893218 -107.44844898134407
2894818 223.86628969937541
2896418 229.70597215731448
2898018 234.7296968487076
2899618 237.73134944893823
2901218 234.90471545202547
2902818 239.96036063028117
2904418 236.98824178060198
2906018 243.63906455498434
2907618 238.0004061718178
2909218 243.07157718703382
2910818 229.48052878688148
2912418 215.16505512874437
2914018 235.07761973711067
2915618 232.15337626770838
2915780 -107.00907000581859
2917380 219.46087625486257
2918980 217.81836265659547
2920580 244.43706868351072
2922180 231.26058667065539
2923780 236.59588578035996
2925380 230.87264163903177
2926980 231.25168357153683
2928580 215.53984171423528
2930180 237.76399314409088
2930301 -125.14257916238779
2931901 247.9705096931235
2933501 231.5498918591105
2935101 230.99298127418632
2936701 236.27047489072507
2938301 210.96143743705215
2938369 -102.99025669780684
2939969 230.84589755850163
2941569 219.26906026090538
2941748 -100.9858371576673
2943348 236.21499367902788
2943494 -102.3189074741546
2945094 220.05192824595636
2946694 215.65523196029446
2948294 216.74763686306773
2948466 -84.96702208883082
2950066 221.40154763216663
2951666 225.82930549646295
2953266 239.58133862359773
2953413 -87.20556307626795
2955013 225.97906541417058
2956613 235.21695049607447
2957448 -3.997501241841576
2959048 233.06765393141816
2960648 218.79855159531272
2960726 -101.71603230029096
2962326 225.58316349894616
2963926 235.48111786794772
2965526 220.0247321629216
2967126 235.83245224187021
2968726 240.52116130703064
2970326 221.66165550701675
2971926 243.84701427035463
2973526 240.15517351304777
2975126 231.6228693935969
2975243 -105.33287499683289
2976843 215.88459059409195
2978443 225.68601823069145
2980043 225.02137405689612
2981643 241.67978908607355
2983243 240.92304878716004
2984843 235.82960179714584
2986443 224.6215202214073
2986514 -101.31293649124913
2986661 -98.9632144152994
2988261 228.87995702025285
2989861 238.78620473540707
2991461 224.8543167110859
2993061 231.8883461155103
2994661 220.534363031373
2996261 228.3067306837823
2997861 214.09241624636647
2999461 224.1402503679012
3001061 226.6388946064985
