# reward.txt contains number of transitions:cumulative reward
59 -114.90298239724059
135 -109.50612504011889
195 -106.36517700555176
237 -107.06100949514106
328 -103.7445889803286
1928 -111.76691302938629
3076 -201.41461125346527
3160 -102.65308163467422
4760 -99.12779130053514
4826 -99.62408557784961
4930 -119.93460728387473
6530 -107.9589481472173
8130 -95.59115431941109
9730 -123.59919275261862
9807 -113.67182266972338
11407 -102.77671016186757
11462 -108.6646468095053
13062 -120.14110277030655
13121 -110.05975361179125
14721 -109.80188759003472
14833 -101.32536482431925
14926 -103.83621930468082
14999 -101.09054750898915
16599 -113.84901186403172
16662 -104.94311116893155
16867 -130.14946819770338
18467 -100.85728412106134
18541 -117.59103759514308
20141 -104.57942476596934
20209 -116.47967487905547
21809 -91.38702345277011
21893 -116.13901599714595
22021 -128.31596084692143
23621 -110.17393520515624
23690 -103.3543711967459
23796 -107.58619792977535
25396 -100.81440160979747
26996 -127.95196842030377
28596 -102.81022426150184
30196 -96.12249355991787
31796 -100.69900089419265
32048 -141.17061717442672
33648 -97.18252325521661
35248 -95.51712936863926
36848 -96.64982481249595
38448 -101.20374877552696
40048 -92.89934162687516
40107 -111.05021318057521
41707 -93.48153593249448
43307 -93.6188476345136
43363 -106.93946435307276
44963 -95.36429081043374
46563 -97.7053273185609
48163 -90.00106407466915
49763 -96.07367568933121
51363 -84.11765499403339
52963 -85.73766260266058
54563 -88.97793409670507
56163 -84.1846769379366
57763 -86.77509063738587
59363 -83.56326255351748
60963 -67.35280004350273
62563 -73.69134168378628
64163 -67.46784582964396
64252 -102.77209926181908
65852 -73.01050547283722
67452 -79.09788961923041
69052 -67.22124105336995
69137 -104.24996446374121
69211 -110.26698903070638
70811 -70.8521167576077
70880 -105.44523591497168
70947 -112.17633787368797
71015 -104.31015199639835
72615 -71.40264730821437
72683 -103.09445479205375
72761 -102.71590375940005
74361 -74.82554685489828
74482 -99.42281522446498
74557 -105.37626469974033
76157 -78.03609656596193
77757 -68.11372481771991
77806 -101.43117619644043
77905 -101.22096616415183
77961 -108.79182303093002
78045 -107.2780089197016
78137 -116.3570421925659
78199 -111.05263048452325
78261 -103.1295195195172
79861 -77.62691675311449
81461 -65.42679661371363
83061 -70.94970552324887
84661 -69.32470270539628
85810 -193.54036607425815
85896 -106.14845529077574
86049 -121.41479846938265
86102 -105.10186469040936
86201 -121.31989123310584
87801 -76.39527727711032
89401 -94.3755759046879
89462 -107.05264326009217
91062 -70.07815625309311
91124 -104.22521526314505
91275 -102.88588691054532
92875 -63.71957143229129
94475 -57.79128304897317
96075 -62.629410984123155
96146 -108.38366019086959
97746 -77.13389617657174
99346 -62.51272125828697
100946 -69.78801482439096
101007 -113.50676586455107
102607 -67.80112837071601
104207 -72.10699110358286
105807 -59.12884164242196
105864 -110.74833162407143
107464 -70.88070337378083
109064 -60.44046040474121
109147 -108.19093167477845
110747 -70.076019799148
112347 -66.62365654999392
113947 -70.91656514218572
115547 -66.63687822854827
117147 -61.94510879826852
117217 -108.31399400715407
118817 -62.42993452156215
120417 -62.69260425110788
120479 -112.40094793779154
122079 -67.89576013534884
122164 -116.7896971155045
122216 -106.74596992670807
122261 -108.84245041047161
123861 -66.91675294106899
125461 -71.14687520939167
125546 -122.34308841222214
127146 -60.79692673237809
128746 -65.65668427872785
130346 -67.01986258545715
131946 -79.61065749269711
132076 -109.17030067886351
133676 -61.30589999222381
135276 -63.6175474821019
136876 -70.04705663201848
136979 -122.65545920355308
138579 -61.904350078529276
140179 -57.82263667074584
141779 -72.3803447112987
143379 -65.3482273958761
144979 -62.82544219863654
146579 -58.05321358646527
148179 -59.447587039730294
148247 -114.47448179313353
149847 -54.30618641819299
151447 -61.82011098343374
153047 -59.19685579186305
154647 -62.83719697146419
156247 -60.05021898438224
157847 -72.16092542584146
159447 -58.067054062318064
159515 -108.02828831910838
161115 -55.125741827338025
162715 -63.144648840092856
164315 -64.28671523467258
165915 -65.05920201391476
167515 -58.94315458403651
169115 -61.34466199654968
169209 -105.74682148054305
170809 -56.83249094962699
172409 -51.22210337538154
172477 -110.09347918969951
174077 -51.35949042552597
175677 -55.5413234899615
177277 -57.9209645698747
178877 -58.13280859582688
180477 -63.24836723591454
182077 -51.660671578471245
183677 -49.762715604220425
185277 -55.756982300393915
186877 -58.659364608456656
188477 -51.31457907987689
190077 -49.552624635536155
190207 -118.18355855359448
191807 -52.87627222056568
193407 -45.65637342853841
195007 -50.00741784917872
196607 -48.10019515122005
198207 -40.02282367777824
199807 -40.393230472688174
199899 -116.58045578116428
201499 -44.73111166061713
203099 -37.062195288833195
204699 -39.08070264345533
206299 -38.6177902667628
206377 -100.72609166939557
207977 -31.315048402654053
208102 -113.08521402652127
209702 -80.9492904509879
211302 -28.38510400717579
211375 -106.37972472457774
211452 -114.2706213436195
213052 -40.82443756390428
214652 -22.711052476856267
216252 -16.5832285787221
217852 -32.804879923468725
219452 -15.769932819119933
221052 -14.58937545012715
222652 -20.957847116785715
224252 -14.968114295798214
225852 -19.929344161816516
225913 -112.40672094686082
227513 -15.694892127749187
229113 -23.066707044574137
230713 -11.01594185345123
232313 -3.001762987536074
233913 0.6842533636006148
235513 1.5762148939656795
237113 -12.969113737722237
238713 3.84716766909447
240313 7.223333224841079
241913 -1.954336574432132
243513 1.6749593298832448
245113 10.022884491619642
246713 6.591629099293301
248313 22.027118391131637
249913 12.416197755020121
251513 11.002724337172399
253113 13.533406275944948
254713 11.432419039155652
256313 3.399956347168416
257792 -102.50839874678603
259392 16.125473132854623
260992 9.841466987658603
262592 12.042845002719197
264192 13.227821198685072
265792 21.431167371584692
265881 -107.49294306357639
267481 21.5734656018593
269081 17.15105837164727
270681 21.808285843720512
272281 25.91699085282284
273881 16.779205715125105
275481 28.28474496604626
277081 24.11774532644577
278681 32.31776461747228
280281 27.388594500708713
281881 31.1911857732938
281997 -97.10020444427866
283597 29.94749112985691
285197 32.12400156076001
286797 25.708523184598764
288397 34.9799104326871
289997 24.470541825242336
291597 33.79333302802594
293197 47.01633294005511
294797 42.89737186365329
296397 52.08348946826716
297997 47.29583669357809
299597 49.439903281042426
301197 52.99870474980959
302797 41.50016457077796
304397 46.699094151433485
305997 59.491766311930334
307597 60.54061284723664
309197 50.7716725089581
310797 59.77021328780674
312397 66.15113599344541
313997 55.35383095743567
315597 68.13839338317707
317197 78.43281589646703
318797 65.99471221870613
320397 58.58857611935684
321287 -61.4162745049888
322887 87.2653093782217
324487 69.7295711149779
326087 91.94833613707492
327687 84.81482083517109
329287 95.25025104241618
330887 80.79441884791899
332487 89.97990933648929
334087 98.23455862498392
335687 93.49185696620859
337287 108.00743246804488
337908 -60.56200163563706
339508 116.30259488014393
341108 99.91054492644706
341758 -64.057792680104
343358 93.71747933734275
344958 101.89455650868295
345898 -27.49613679895988
347498 95.72595313710094
347582 -109.70973329814213
349182 112.15077451133692
349881 -69.66548291859709
351481 113.46951624231922
353081 156.55738437141162
354681 119.78644577508977
356281 115.81821293097977
357881 107.20106165369545
359481 117.4667149278961
361081 117.75931381373528
362681 123.34878870127704
364281 112.0466715412364
364475 -88.39964357961529
366075 111.32028423844504
367675 114.86912507576179
369275 101.08639331524532
369597 -82.62747643163055
371197 106.43138817821489
372797 105.96711216362947
374262 -2.376679935161306
375862 100.95642932711974
377462 125.74246911272934
378581 -27.789676635104513
380181 104.15504149521833
381781 102.32600274150627
383381 88.68858578258887
384981 124.34693367375003
386581 106.75241842991136
388181 127.605234111078
388504 -80.55770534279445
388863 -78.03340114856884
389729 -61.67834288509627
391329 120.85915893272245
391913 -61.349699494411574
393513 130.35024706558124
395113 105.795922229359
396713 123.80349692227126
398313 130.99344415877368
399913 120.15180342677289
401513 116.89637882637113
403113 115.91378995286698
404713 120.59309244196317
406313 133.17820866543883
407913 132.61798208978126
409513 93.4034056154093
411113 126.09897198506366
412713 133.08663360599695
413510 -42.16024223084034
415110 131.41587337992786
416675 14.528026987657668
418275 134.73090009316795
419875 137.45418012064883
420995 -17.102720904817858
421555 -54.593650738718615
421676 -95.45014896147202
423276 127.64851649723026
424811 11.381840615404045
426411 125.89270107682836
428011 119.88868248527008
428161 -109.30301250295776
429761 134.9926315717962
431361 131.06823473908005
432961 117.45704330256521
434561 131.1733499847849
436161 124.80606827686363
437761 131.77441865905342
438750 -23.517558402982928
440350 131.96620578977138
441950 135.74677226138138
442049 -123.2963977157635
443106 -29.67169175634959
444706 133.2759190260028
446306 126.23828969006253
447906 137.78652665914518
449506 139.35702116841563
451106 131.80024290694274
452508 21.186131425140417
452761 -86.11134687957912
452863 -99.8965676583772
454463 151.56967590538213
456063 150.84974997502115
457038 -18.989594859333664
458638 124.45782014610975
460238 144.5214777359368
461838 115.74714314856554
463438 119.87434645947229
465038 126.93970772967533
466638 127.1084823874979
468238 125.11774705890325
469838 142.53345113883256
471438 128.34561297136307
473038 121.92298480601447
474638 129.81154482180375
476238 141.51997451475273
477838 140.56557201605207
479438 132.43917075928917
481038 131.86477784044118
482638 138.32284728224798
484238 119.33663867299096
485838 138.29922120880155
487438 149.39445535293294
489038 124.52722107758144
490638 149.6093444907585
492238 154.64367709024484
493838 153.37609490901656
495016 2.1216974565813445
496616 132.89400857604804
498216 131.68783055197017
498715 -94.76809429340373
500315 131.55243029874134
501915 156.99340886429198
503515 150.7953111975307
505115 148.21376210658644
505760 -48.831668843712656
506995 13.841491891004651
508595 130.36318564025126
510195 138.82844795614835
511795 145.6727342090377
513395 152.47796220568304
513594 -94.77724539567592
514201 -55.69988962927959
515801 145.67726930686055
516512 -50.99702603654011
518112 143.404538530564
519086 -17.284761609113545
520438 9.245871265053893
522038 152.68030715029798
523638 144.470503888512
525238 155.2063042276689
526838 146.17725038195087
528438 151.97228223806485
530038 154.48517818341335
531142 18.18295770630297
532742 141.83214757977143
534342 155.91474739476766
534411 -113.86360504900291
534993 -47.66622171165514
535869 -21.211801585761265
537469 153.3618497988787
539069 154.39926628321524
540669 151.52524498973438
542269 156.85462335545054
543869 147.4340519845676
545469 143.93158649057395
547069 143.16275692929446
548669 134.21996653618504
550269 137.2216302764739
551869 151.42878682309464
553469 161.6006414399981
555069 173.02256007909335
556669 181.75539965756516
556733 -104.4682615576939
558333 150.06348184999408
559933 167.31571147225478
561533 167.18539325326563
563133 170.72742136159397
564733 187.7033509188672
566333 168.22637630860876
567933 162.93571058796545
569533 161.74382384693578
571133 158.78330111882838
571811 -42.044472937958645
573411 191.28536024795554
575011 161.7220264228346
576611 172.12260494545376
578211 176.02021768181334
579811 167.8731749139133
579881 -103.47083904704266
581481 176.44863042404796
581672 -108.94556861638029
583272 165.60660981719337
584872 170.15154349491874
585184 -78.90462544788173
586784 171.26814108208805
587280 -63.41446036267754
588880 162.13325691544722
590480 163.41929658453066
592080 166.23952248365083
593680 150.72694988437735
594311 -37.07045728494788
595911 153.0331519677298
596103 -94.59410130919485
597703 180.6331100752655
599303 170.19080892564085
600479 15.900581520796493
602079 172.66942965869762
603679 170.82636820662688
605279 147.80461051571308
606879 168.58335296729044
608479 150.70248319572272
610079 156.87692490885834
611679 161.41346276896655
613279 156.7423708575976
614879 166.6255623671239
616479 184.4657341273936
616598 -104.54939856462677
617045 -82.81982157390502
618645 135.08821509252837
620245 183.36153009799992
621845 172.6394039959226
623445 176.424306715438
625045 190.4514140448225
626645 203.75188358391222
628245 152.81186536771565
629845 206.84774091970314
631445 176.70844064924674
633045 159.35307546131375
634645 166.22778424537702
634815 -100.26381520364744
636415 188.75740705077106
636529 -103.8502636849475
638129 190.6447568177738
639729 197.83841685584744
641329 189.02553325823013
642929 169.55342066063812
644529 216.08151518680583
646129 208.03451071132463
646207 -119.08390686503921
647807 184.70951311217118
649407 215.7869721782899
651007 193.21181451256624
651330 -71.40395126104045
652930 172.4235286288278
654530 208.0698127350626
654584 -102.54017758246636
656184 193.13680763986048
657784 193.53944287811217
657910 -97.56592218764251
659510 225.30655534140328
659801 -72.78700909573087
659874 -115.8718821309333
661474 200.2171222814254
662594 33.36758083394423
664194 179.27829250322347
665794 196.63315760015334
667394 218.7849298332805
668994 190.10275598213758
670594 183.46894888862093
672194 188.94418766782616
672444 -97.24859849779432
674044 189.3755842254759
674131 -105.6216836653656
675731 180.26522825644898
677331 213.57178579600753
678931 212.8500542769029
680531 187.60262872714137
682131 198.785359488261
683731 188.11783700387335
685331 211.25465994308735
686931 183.65968015138856
688531 183.27847733639808
690131 199.99308913486018
691731 197.03905476397912
693331 214.46143171108443
694931 198.8480867871437
696531 218.74195179195792
698131 208.69055190162072
699731 203.5954767933365
701331 220.01588607817664
701606 -107.84303428911045
702690 30.020875427044245
703495 -2.470924557285855
705095 200.48366480092588
706003 -21.57132278054962
706272 -71.54489047147456
707872 197.88642550718455
707984 -96.81604851334977
709584 219.11983937128178
710666 46.27961484697232
712266 223.33356054592988
713866 221.09107070805655
715466 223.8795705278199
717066 211.80249243633307
718666 224.05215469501763
720266 220.7134898401703
721866 205.0114619437564
723466 205.33820761365337
724841 67.0064199645067
724961 -93.60801571497073
726561 215.72729621519204
726750 -98.53211030862418
728204 88.62778158327029
728420 -99.28582457899364
730020 218.40080968300208
731620 193.33655337222373
733220 210.24850390406218
734820 201.08580285337612
736230 82.86181693741088
737534 79.34213794747987
739134 194.73780763042558
740734 193.76702425826448
741986 70.18560966103269
743586 210.73577794627826
745186 192.3422500158067
746786 211.8864175803162
748386 207.95929946945884
748480 -106.92802747409046
750080 228.66709583920183
751680 212.74949385936253
753280 218.24070964652654
754880 207.1774836078057
756480 208.73122696473752
758080 224.54775683476547
758156 -119.85735570916657
759756 217.11575755601024
760883 41.310510543845595
761551 -25.550411709637714
761726 -92.91864015483546
763326 211.29874091381956
764926 225.02156664329067
766526 188.23092231329196
768126 224.45257520411616
768644 -61.920024391396566
770244 220.2694444292203
771844 202.53706587212267
773444 222.21308669098144
775044 190.46576412861614
776644 199.15886882869103
778244 222.27714265463823
779844 237.47841603567926
781444 215.19537875092055
783044 232.903143424786
784644 209.87044437735648
786244 213.53560714547268
787844 249.50378654971368
789444 241.59086801504142
791044 226.83718423660866
792644 220.86619156345438
794244 242.84631028562427
795844 238.43004331163687
797444 229.91626192046698
799044 257.6162068007156
799158 -100.83579153754624
800758 220.15820902543214
802358 256.5716506519496
803958 236.35801299349043
805558 234.08165043589287
805654 -124.26258455560232
805755 -117.95317111741689
807355 227.7916609721964
808955 242.46977076827616
810227 32.430633200676624
810397 -92.27998563084194
811997 224.19540910229736
813597 220.2268030085044
815197 235.0694468784542
816797 233.64228885679367
818397 244.7276208742574
819997 241.19759710684357
821597 256.5720261185142
821839 -69.45664172957278
822829 18.955640528449138
824429 246.2810918139366
826029 248.05080263467164
827629 216.72963337260813
829229 265.78966242206843
830677 110.18803177492981
832277 207.3318319395088
833877 255.1473802536629
833948 -110.73690233407791
834054 -92.75607499239221
835039 46.500700562688024
835123 -126.2110958010722
836723 264.9216770389707
837969 48.334382330280505
839569 237.37878706535963
841169 214.65894916966914
842769 225.73707812508454
842844 -110.88096767439009
842946 -114.67241932580869
844546 225.7366227884054
846146 221.74031914801358
847746 234.24287005160832
847825 -112.78715787382176
849425 234.49799007514144
851025 202.36661409804805
852625 207.68626945838938
854225 185.94970928159498
855825 242.50520956128338
855965 -90.50760830418145
856059 -97.97512921202369
856642 -54.650281684586126
858242 217.83561832530341
859842 227.87263909911962
860728 31.924125678604014
860795 -114.61891006239566
861681 0.9504271960855419
863207 67.97863058839866
863330 -104.51502105078102
864930 221.9780856033156
866530 208.0938383035036
867701 47.539295317659196
869301 254.35993989243138
869368 -115.01961378325088
870393 34.57837400445041
871993 216.634130310775
873593 210.86652874766742
875193 256.00484372475256
876793 212.12981072294681
878393 222.54049382024778
879993 246.88552783088008
880659 -19.026024792485444
880737 -109.91510823750185
882337 251.47616723322852
883937 227.79929075919594
885537 215.7385964113758
887137 253.99961468704973
888737 159.25411872856375
889814 44.129518305196
891414 183.17134080035342
893014 162.44478922275016
894614 261.50250045711425
896214 243.6198713306127
897814 166.2425499094655
899414 248.2586607933321
900499 40.49564283242202
902099 236.55436715619962
903699 258.70023949365816
905299 241.93380279218033
906899 256.49257136456646
908499 239.90559525922436
910099 233.3555435102168
911699 203.0192544277791
913299 226.84414113211992
913686 -81.76698559103222
915286 227.108345208565
916886 48.293016304886464
918486 204.57716322693364
919541 45.30173252212211
921141 238.61369156074335
921244 -101.4116678731336
922844 217.35488724285548
924444 249.57334675476955
926044 253.698295826328
927644 241.03446449717035
928877 79.10901384175665
928955 -112.34978386009547
930555 206.49600487615032
930998 -74.56850445742282
932598 245.05004247021475
934198 222.85562529836236
935798 255.7008587490655
937398 237.74667365463105
938998 254.55987677684396
940598 233.91881656914455
942198 243.52782774822404
942282 -100.0240031591213
943882 257.871365940779
943984 -95.06715789891592
945529 140.72308822874933
947129 243.13498360432632
948225 70.22771730729337
949825 242.9902130126259
951425 224.91786104729198
953025 232.7983923526597
954625 146.42187184347992
956225 209.38810854251045
957770 275.4856469878515
959370 215.58091295112794
960970 246.67149258036747
962570 257.80506256267813
964170 235.52367965893566
965770 248.69718887365568
967370 251.3795666163407
968970 259.4492430457764
970570 211.2590169235708
972170 268.0582800122409
973770 249.22054565408922
975370 259.69871923598174
976970 251.42796848610752
978231 49.82599426091423
979831 232.19413203643754
979966 -128.71602387117656
980564 -9.590798813688906
982162 270.53246728173133
983762 247.42066907419022
985362 245.95531728260696
986945 270.59082862599934
988545 255.4598844596474
990145 254.02851593931587
990214 -112.0188693056982
991814 246.71353237171675
993414 255.05518524875495
993579 -96.33954597339655
994113 -33.64486244555059
995713 202.81519015255918
997313 257.11347244932347
998913 256.98483531553495
1000513 221.8091801296691
1002113 267.6844395190276
1003713 271.01994763965916
1005311 268.85983892392073
1006911 259.7282878213393
1008511 231.2806082528003
1010111 231.18952306635958
1011711 259.3526352610582
1013311 259.3052035257373
1014791 117.24291671834018
1015655 33.957530417640385
1017255 239.31829037135483
1018855 247.99413293446247
1019202 -68.80390324302766
1020802 261.75586177905313
1021926 39.2876133713593
1023526 233.06921464472114
1025126 250.4485695374572
1026726 266.83274919868114
1028326 263.6100866754208
1029926 211.1141892775346
1031526 242.56872876477465
1031942 -54.836851636070165
1033542 262.4296146794964
1035142 255.44058967775962
1035713 -40.30488618932379
1037313 263.9979111481947
1038913 248.33243105288605
1040158 90.20603945097918
1041758 215.83980365482932
1041911 -101.82212306563866
1043511 254.89183026272494
1043910 -62.547172926920744
1045510 267.4130096757821
1047110 251.25149764761252
1048710 259.30217543677117
1049259 -41.53350859247798
1050859 258.50607332693176
1051583 -2.8410544432121583
1053183 244.21937254892683
1054783 217.78972029033386
1056383 248.14360683585593
1057983 259.49385104565675
1059583 251.2140491746879
1061183 241.03100317405344
1062773 274.0441295718334
1064373 239.11006870759263
1065973 215.96496034117538
1067573 242.28354449850215
1069173 243.76724176048432
1070773 237.77221623451032
1072373 245.50466425696877
1073973 228.22602363377865
1075569 272.30748078043234
1077169 244.47521958153246
1078769 253.76646954538143
1080367 160.02009217891163
1081943 273.32362589040804
1083543 207.19596969358324
1085143 244.7698555641275
1086743 229.7978302285089
1088343 250.50709064453167
1089943 255.69411906907837
1091472 275.93134088265293
1093072 247.5142021844681
1094672 265.6004176272069
1096272 255.97821473003367
1097832 276.5547594112065
1099432 236.46608824550285
1101032 246.46495119738555
1102632 215.97573486679454
1104232 267.28573075256793
1105832 252.52272883747554
1107432 229.79157761259626
1109032 259.1935200260293
1110632 256.3305693413616
1111052 -52.999575689479116
1111797 4.1497565849435745
1113357 272.812311788872
1114957 266.3292610150281
1116557 241.2201814332782
1117382 6.115314337569956
1118982 257.00168819849756
1120390 117.29178334524966
1121920 136.41364488627497
1123520 261.7609837431622
1124481 39.60372586192844
1125735 107.21224750942494
1127335 248.92462727932056
1128935 250.90393381763906
1130535 251.469743016809
1132119 270.74128947229764
1133719 269.90376017908807
1133909 -79.72096127568807
1135509 254.28656639367335
1137109 263.02511739221364
1138641 274.41045983939097
1140241 241.28633442913093
1141825 271.41273447772414
1142651 -4.362956470314984
1144230 270.1301683162403
1145830 259.0436484589393
1147430 252.3727726473454
1149030 257.19173470437255
1150561 272.69247186768376
1150912 -66.44203642896125
1152512 221.03037517780336
1154112 270.3644145352539
1154429 -80.37156868477041
1156029 249.67499128093831
1157601 273.4466595463474
1159177 271.7581953264417
1159776 -15.259933541510279
1161376 268.9554986151901
1162976 224.81276079700822
1164576 263.9400205120749
1166176 234.69736063144032
1167776 232.75077116742747
1169366 271.2434951262215
1170966 269.33401598694036
1172566 238.98097524332752
1174111 273.4160011989249
1175677 273.5716162180851
1177277 220.90899740191986
1178877 256.48655119991815
1180477 269.6564353495163
1182058 273.49780952588617
1183658 244.8882637542789
1185258 265.56487425266886
1186858 263.40829670233177
1188458 242.78170629185985
1189597 71.11504520682894
1191146 275.7491305225499
1192746 251.43155340517842
1194299 274.9626680638453
1195899 250.04811994141934
1197499 268.246889618478
1197618 -92.08273098129592
1199218 252.2157619322121
1200818 263.3981338038003
1202377 275.06108485979155
1203903 277.9554242290859
1205460 275.14495307437693
1207046 271.7527609546968
1208646 262.79759506148105
1210246 255.4207884246213
1211846 272.5816674663328
1212877 6.972452974123399
1214477 264.5727710226308
1215946 276.9692560908898
1217519 275.25913727478405
1219119 269.8412089083354
1220640 276.0186447389197
1222210 274.6209197520535
1223778 273.77078333969456
1225334 275.8548344746469
1226488 80.14364072091004
1227318 -13.193947330575611
1228894 270.3713993491917
1230401 275.2539944427423
1232001 261.6228808954369
1233601 265.5685976440861
1235201 257.76206055033543
1236801 221.26984642819073
1238401 265.77877362388824
1239928 275.3094073210651
1240678 20.313105233333303
1241978 -4.496361667595195
1243509 275.1125841877249
1245109 257.79679981017443
1246628 277.07645992793283
1248145 275.7224586707232
1249745 265.608551662765
1250302 -5.955937672258216
1251874 274.98024576165216
1253474 200.474212665471
1255013 107.78889906355133
1255134 -95.18659682406609
1256734 245.74565226902354
1258273 274.5189006781607
1259039 8.88327813993773
1260624 270.4224601206705
1260821 -94.68792356759434
1262362 273.8560500160545
1263962 243.80369098864873
1265436 279.03299931105454
1267036 244.65570610085925
1268636 268.2582345427549
1268950 -105.94386500838525
1270501 273.5951972179979
1272101 263.63300908545295
1273619 275.86412131275813
1275192 271.5773769398674
1276787 271.3088981380357
1278292 277.5121883225978
1279789 278.31187007177147
1280212 -51.020210830350706
1281812 250.92705943758602
1281944 -87.99646125590118
1283504 274.4727101511381
1284985 281.1880815953698
1286523 273.0936602387064
1288123 256.5513706221935
1288243 -96.23275635105745
1289495 91.09233826334227
1290955 278.9508752651072
1292512 275.168083514436
1292641 -91.65432260593462
1294181 277.96861577743516
1295686 275.7800699429734
1297286 266.6466063175209
1297763 -39.78918315153319
1299333 271.0849025271417
1300819 277.0627691483611
1302393 274.90192325236126
1303945 273.64533738058674
1304024 -122.59917883343529
1304161 -130.49818320356061
1305659 276.4146603561164
1307210 276.64840402507525
1308810 258.1596182908596
1310323 278.35163414491
1311923 271.76857102800557
1313438 275.4415432357118
1315004 271.5198843908011
1316600 273.3655958242208
1318120 278.3383245057858
1319685 274.77324505550524
1321209 274.46554328199795
1322809 270.698187616115
1324382 272.4088996172827
1325959 273.03269175726143
1327499 274.32778564680615
1329099 250.06475723108665
1330699 264.93764294594706
1332210 275.5248492560168
1333759 277.0512468402109
1335240 279.3739188698241
1336758 277.8829277728057
1337324 -12.348055830434063
1338887 272.5328014923977
1340356 280.9308198970329
1341860 279.87610728337216
1343416 274.88213699203465
1345016 263.91587505007726
1346555 275.3026607010025
1348074 278.69990700158144
1349580 279.74165533762186
1349638 -113.01499756138772
1351238 269.4694166010199
1352763 278.4559339179588
1354245 279.32292858438154
1355845 273.54402784165256
1357419 273.80552642221164
1359019 270.17011557390697
1360610 271.994000831846
1362156 276.4688823542421
1363720 274.5503924138057
1365320 271.3123920934628
1366920 271.37646862483734
1368508 274.70029865965734
1370108 272.0852656243904
1371661 275.42126314868085
1373238 271.67257816286144
1374784 276.93008688054897
1376354 272.1552652330308
1377954 271.9117452739755
1379554 265.70588771543936
1381109 276.48363771229185
1382635 275.8082885157337
1384235 258.27132035374257
1385835 251.44485086709713
1387358 279.04539128143915
1388913 274.52386168001124
1390414 277.3522438369723
1391806 137.64142507219327
1393406 244.35763830808096
1395006 253.21886122689355
1396606 258.8593024362352
1397957 111.37487442885714
1399557 253.1798540093154
1401157 250.9856935825609
1402732 272.25725104548036
1404311 272.23929559797233
1405827 278.1132379207319
1407352 278.3087201246799
1408952 253.83754514317616
1410487 274.0140183482361
1412025 274.78599608926197
1413515 276.7274825353576
1415115 266.7787245538467
1416702 274.4702690151404
1418297 273.5921810675089
1419897 265.4887563826298
1421340 282.42831706108956
1422940 245.00240156135288
1424517 271.38216810064733
1426117 255.75400015006653
1427717 262.40717549429655
1429174 282.78324191082555
1430774 255.80426224477273
1432345 273.52062674135135
1433876 275.13769672450985
1435476 233.06105806876482
1437076 264.9739290198179
1438645 272.7343509035994
1440163 274.6848248463071
1441763 249.39599087366946
1443272 276.6586057597847
1444858 273.5837342674382
1446405 273.05209897227456
1447935 277.07233525012407
1449535 271.5060067862033
1451135 268.40320395393456
1452636 277.398746116364
1454108 278.31865394404434
1455605 279.49884615235015
1457113 279.5406374223808
1458692 276.64533071772684
1460199 277.7791792308633
1461799 266.90224133003454
1463385 270.7903018045316
1464947 272.1390791467558
1466547 243.91658999228073
1468016 280.57019085207907
1469535 274.3820571599507
1471104 274.51573709356177
1472641 276.0322527970319
1474194 271.9296838067266
1475794 270.23286391540034
1477394 270.3307337401755
1478994 248.7090967882723
1480594 262.77583318031975
1482171 272.52278148998136
1483153 48.49076381589086
1484653 275.269247688155
1486193 277.0900927032928
1487688 278.046400572693
1488189 -32.952239361446956
1489787 270.62810001039384
1491374 268.5876148323587
1492902 274.51726464602007
1494465 269.4131692865773
1496065 262.2983304408072
1497648 273.84310554910127
1499184 276.76938022573404
1500708 275.4856421991762
1502308 268.176904514601
1503787 279.79829302010944
1505327 277.82147912089346
1506927 260.7558648486121
1508527 269.8608495362983
1509990 277.01972262916723
1511522 276.58219100976214
1513094 273.9202870925639
1514579 279.71566481171897
1516107 274.4744960562324
1517624 272.82116490590727
1518979 130.62571393391116
1520463 276.36186517363126
1521900 279.563381608322
1523366 279.03380786394627
1524894 277.6254829271305
1526410 274.89151313650143
1527909 275.14324407624525
1529358 280.2735757937041
1530816 279.289034826245
1532285 276.3893986750171
1533813 276.29915192399716
1535357 274.4054877830684
1536957 252.20206741292793
1538468 276.7913028171029
1540068 262.47794545451444
1541667 269.9808801040336
1543169 276.857502178837
1544627 280.69820417307875
1546099 278.48460108602603
1547588 279.67473780942004
1549048 280.3444534824071
1550535 277.69465513177335
1550618 -119.52279312290065
1552031 280.50424499017566
1553611 271.0609529702304
1555128 277.779752926242
1556631 279.93570263767464
1558197 277.51933527827254
1559712 279.0966754769355
1561213 276.32395254137464
1561339 -93.4220624983143
1562743 285.10084565727766
1564236 278.81194178201383
1565763 275.62950294659686
1565895 -91.81209672141944
1567386 278.4907643696365
1568986 239.95816411465583
1570487 277.44642330657314
1571966 280.4712710536041
1573485 276.8477690025012
1574957 282.29540811518746
1575319 -57.263200932392245
1576864 274.597092212682
1578250 286.65539054554523
1579751 277.8532921259733
1581351 264.6948143318419
1582951 269.3504343993242
1584479 277.87156209032133
1585950 282.39725971060676
1587531 277.10159028679925
1589110 275.44179921290214
1590648 275.66546742103077
1592141 281.16149918547285
1592725 3.49306686133896
1594238 278.74593092923453
1595768 274.97667913468445
1595838 -115.20152390297315
1597299 279.90832183427847
1597427 -96.07277194341769
1598938 279.7956326506734
1599076 -86.58793037214627
1600598 277.7317164865822
1602170 272.8082573534503
1603741 274.85331201024786
1605293 277.91003392734444
1606814 275.4559481304994
1608322 278.3048166156976
1609839 278.3049160414728
1611376 273.8833091983798
1611498 -91.82884018163693
1611631 -98.60982884026753
1613141 277.5369512741023
1614617 281.7224624111039
1616121 276.00995657737514
1617717 274.03285748696834
1619211 280.1186777055459
1620757 275.9565793858498
1622321 275.11766904708946
1623767 282.92042552908845
1625289 277.7636119936971
1626819 276.2869728472462
1627419 -12.97774735741342
1627543 -94.49804530604618
1629026 278.2555546385467
1629676 25.782493639158062
1631212 275.5043585142915
1632812 248.54843544197828
1634294 278.9005817282465
1635768 279.4189659584106
1637271 276.7952855065024
1638761 279.7284682092187
1640361 253.1453823312939
1641812 282.3581102852933
1643354 273.4204266673997
1644882 272.5673499760268
1646417 275.64280661595944
1646542 -93.93540288781189
1647976 284.68128620126305
1649432 282.0871662681352
1650970 156.12634666581397
1652452 276.2197170084375
1653993 273.88206687394
1655396 284.0379246206609
1656904 278.6019175527481
1658504 240.4683081415766
1660015 277.7774991767947
1661585 273.2763587368153
1663091 279.2359113144947
1663736 3.2552200097516675
1665229 279.2551663030195
1666779 274.7013732405469
1668194 282.8517512130952
1669681 278.7921598785912
1671107 280.95675703926076
1672606 279.31148153487294
1674111 276.5060991769417
1675569 279.10734166534553
1677066 280.0017846300204
1677174 -97.86903767896568
1678743 272.99086488429
1680159 280.92446659105946
1681636 279.5825268603932
1683175 275.2980944452335
1684546 148.36710170702895
1686047 279.8103808316051
1687524 276.81803139694557
1689070 274.54538185594663
1690611 276.82543556332786
1692163 274.91439224308374
1692468 -63.51581132772629
1693933 277.59767940537864
1695494 277.5896103384549
1697030 277.54255043057526
1698516 278.5880407415901
1699991 278.0916214705671
1701459 280.65569552548635
1703046 270.7051476529148
1704489 282.79379576554646
1706082 273.0187103726681
1707540 281.8806490069852
1708979 282.3194456339002
1710579 252.0083753613624
1712047 279.90336833150656
1713647 268.6742961325745
1715207 275.15588983132244
1716776 273.1483668686202
1718295 279.00178115110856
1719895 269.3794754308274
1721444 276.53513850796804
1722965 279.05185259366885
1724391 283.12834875110207
1725884 281.2897458139721
1727411 277.46258098474965
1729011 272.64463142596423
1730526 279.3382369018199
1731291 23.39294906663494
1732789 277.5878462440549
1734286 277.65062667095145
1735727 284.4474038381323
1737257 278.73205843040057
1738743 280.391810787155
1740296 278.7595141427342
1741803 279.0775693323118
1743282 283.618298214841
1744758 281.7802267010973
1745220 -32.962985009036316
1746786 274.25673546490236
1748386 275.0459996984819
1749926 277.42132945858367
1751407 277.587895577756
1752330 70.41240670071991
1753801 282.68499148004804
1755322 278.32383729734113
1756840 279.031420806358
1758438 276.4522141936281
1758573 -102.08993303191787
1760089 280.7448237049521
1761620 278.453456757154
1763101 280.90176554895453
1764647 275.4027002770281
1766134 281.6005267566323
1767645 279.97058930858753
1768024 -57.33531123440714
1769575 276.5208126983765
1771089 278.9461051239026
1772607 278.64690501835213
1774101 281.28916793762716
1775630 274.70943668549904
1777129 278.68956212964724
1778603 283.1634603345664
1779717 73.31950217902784
1780143 -89.61848969059929
1781630 282.9467566725352
1783125 280.06947728289776
1784614 282.4178712579611
1785978 138.95646423385472
1787530 279.1587243776561
1789076 274.7955576671288
1790537 279.92169545876
1792122 276.8829293180709
1793620 278.4790069438206
1795157 279.3281098170307
1796640 278.45340286776025
1798044 285.3782877501354
1799644 261.2610011808894
1801197 278.00783785928746
1802797 270.33105535478904
1804265 283.8369876064601
1805396 65.11949588873404
1806858 281.73169786056394
1808341 282.6334525049308
1809843 279.5796033919167
1810132 -82.85289303517591
1811654 280.5425345396822
1813116 282.2266411725309
1814620 278.11478434615333
1816169 276.48358046762576
1817721 275.03649781909246
1819246 277.2212832030304
1820756 279.45335935862164
1821535 34.01802740444012
1822373 36.90010921568063
1823909 279.73559783716564
1824544 -0.29485186839166033
1826040 279.02976970623286
1827501 280.4698524349154
1828913 286.1405075041562
1830073 99.27258704178377
1831493 286.17084970680344
1832945 281.38701091802204
1834410 280.42827397439333
1835878 279.3856925933722
1837478 264.76151859233573
1839075 272.8878984491639
1840589 277.9089357639445
1842015 285.08597990014573
1843518 280.2150043963628
1844999 280.7251118682122
1846529 278.36458651837825
1848044 280.5098066441195
1848756 0.5609699248839348
1850233 280.85951728138247
1851833 271.914900350419
1853346 276.3069117970381
1853760 -44.446498451360775
1855234 280.97948057243264
1856756 278.71135584359143
1858218 282.9879125944915
1859706 280.10289560846917
1861235 280.2835646276581
1861370 -129.67817122182376
1862962 276.41989579582463
1864347 284.5843788590708
1865903 279.8403206224374
1867384 283.85916357965016
1868981 272.7521265663626
1870404 282.34117954939546
1871879 282.8283408797221
1873451 277.9086354158137
1874254 11.203051443500797
1875845 271.0001813646894
1875940 -100.02364793842348
1877540 240.1382256337139
1877684 -97.4329526232568
1879207 279.76777740072714
1880789 274.63495156904224
1882360 274.3804379044874
1883960 272.2102646170376
1885442 280.1149749541633
1886911 283.26278943897717
1888462 276.85473896999946
1889968 279.83083391301
1891482 278.77513742128286
1892935 283.3089020527267
1894469 277.4383308637799
1896045 274.14444795653344
1896347 -55.68284371031018
1897870 277.83771055723804
1897968 -105.48705409185837
1899555 275.3866451966617
1901064 277.081717890155
1902518 282.35715907751626
1903936 286.31851877805013
1905536 273.2694144297541
1907105 274.17439732499406
1908558 282.5497068099088
1909993 285.05845471616533
1911593 270.0971277008666
1913047 282.0134770138402
1914600 274.6563459432995
1916079 282.58010542600954
1917515 283.6326978549028
1919017 278.4162244266182
1920370 286.3523777558435
1921855 277.1027234639984
1923320 281.0999581305311
1924839 279.17753572739326
1926333 280.9536765574154
1927869 277.9547190829933
1929274 283.86744521981404
1930791 276.523354523942
1932307 276.0272669522563
1933800 276.8336734884804
1935263 282.447524451548
1936774 280.3756692991216
1938374 263.1400970729836
1939074 -24.804855221151485
1940657 274.80473084341327
1942123 283.09549027037684
1943677 276.45596322773787
1945277 254.84760547640036
1946774 282.3164238212307
1948169 283.06971368738755
1949748 273.9033568324042
1951254 277.30108917999445
1952737 279.87316253427804
1954173 283.8376720272804
1954630 -36.124982938448
1956168 278.23967499438
1957675 279.6719454788842
1957780 -104.36792158934908
1959330 276.86247600532056
1960817 283.08493436438874
1962295 280.7391326106372
1963871 272.66591016618816
1965173 110.36901144587222
1966618 283.0272098256917
1968047 285.0482304899602
1969647 270.01770324395704
1971179 280.0363226005332
1972749 279.2636954231926
1974252 278.6568187076825
1974369 -100.43458208973209
1975924 279.01467854906593
1976367 -29.241160796152357
1977818 283.3631374593764
1979333 280.74290778504917
1980912 274.3067950212377
1982345 286.97724898026235
1983872 277.1060514973522
1985472 190.15509726708905
1986937 284.8499475215867
1988445 281.7949343314579
1989892 282.4907736787118
1991473 276.97553523363706
1993073 251.48851635492863
1994618 276.0206465826925
1994739 -88.97415746935272
1996218 283.21774634104116
1997654 282.780790088618
1999216 277.3710609872642
2000689 283.6968263121966
2002190 282.3223319730889
2003717 276.91419140571026
2005295 277.596543816722
2006724 284.3960412368378
2008263 276.0393401351075
2009702 137.07652977336423
2011182 279.9669820677493
2012782 274.88109564547597
2014240 284.5020707132819
2015666 283.23305325967044
2017185 278.38790817956897
2017811 -0.8301659999911237
2019263 283.44254760430016
2020707 285.57672905727446
2022161 281.1238265995389
2023761 28.980522621806692
2025265 279.3261631736329
2026697 283.3695969355318
2028297 247.63556175961273
2029759 282.62441966076676
2031272 281.9802865640029
2032765 282.10068396398077
2034289 276.4844085352166
2035740 284.3184121230603
2037266 277.553349613753
2038687 286.30724504842044
2040160 280.69771887393125
2041581 285.60950575104937
2043008 286.3067954845146
2044459 284.08535059538326
2045898 286.5719621634215
2047495 278.23718303740475
2049023 278.3949567714509
2050510 282.92069721193945
2051841 286.14881739055727
2053275 285.9214635268814
2054741 283.64484448704707
2056120 165.34810631377815
2057562 285.5865831023021
2059040 281.4716878209181
2060563 280.1999278448214
2062105 280.2773839938781
2063566 281.1908057996915
2065092 274.95204731640507
2066590 282.52143175710415
2068068 281.59445813852835
2069561 280.7317008476479
2071009 282.5042624925296
2072405 287.0241494182292
2073876 284.2573413670346
2075258 289.0111966295022
2076688 284.9537264840878
2078090 287.5328747510555
2078249 -84.76496202893927
2079153 64.92842766531436
2080658 282.48616099596757
2081303 24.179478743622056
2082848 280.3930847735203
2084314 278.70061204371666
2085884 278.32488264366276
2087316 284.92694652846114
2088754 284.8491272336989
2090330 276.7350974015871
2090459 -92.07107852821859
2092059 275.30771289847974
2092353 -68.05547372495568
2093902 280.6875969265273
2095502 265.9967151766068
2096986 282.35489818068515
2097109 -93.26720226462372
2098709 255.01749959949902
2100159 282.89161478414974
2100290 -87.95826177076063
2101780 281.88607004277594
2103269 282.64967893075914
2104742 284.68284234669494
2104893 -89.62965367284914
2106392 284.2493016094203
2107936 278.8903373709952
2109409 283.71914134450265
2110852 282.8245859484839
2112400 279.74957148110826
2113889 279.5351139868494
2115320 285.22508086983976
2116783 280.68895064235215
2118263 280.79064964021285
2119863 274.19593744867353
2121272 288.80038343053013
2122690 287.0588763013993
2124232 277.32138005194105
2125619 287.79862019315146
2127127 284.0591636284505
2128621 279.1760481180891
2130074 279.8288250323897
2131613 279.5933289553731
2131749 -91.06011863812432
2133349 268.16669199536193
2134875 279.54823935974264
2136369 282.0010231072351
2137807 286.0226113972005
2139221 285.5752825174852
2140648 287.38247333741344
2142149 280.5661279134075
2143686 280.7869547304993
2144791 82.82343427605585
2146206 287.2162636396733
2147694 280.9679530613717
2149189 282.2894058698926
2150674 285.27602818011883
2152274 268.65747487262433
2153820 279.4995030931781
2155420 256.6642414740496
2156831 140.9351782788283
2158254 287.84893626574643
2159794 281.0537589808116
2161311 279.83094917719194
2162817 282.0673792688647
2164231 288.149415666259
2165711 283.1628073839563
2167253 276.6514192264753
2168728 281.99198597764905
2170139 286.5155248781507
2171577 288.25580484913405
2172713 99.42017455698672
2172835 -93.3752798965567
2174296 286.65185671466577
2175718 288.2315877220127
2177115 287.0269240491974
2177243 -91.09666213007893
2177372 -90.61387431633287
2178825 286.10789069851126
2180386 277.2986030892749
2180503 -94.35973787907635
2182068 279.18357567658194
2183473 290.1591018746017
2185017 281.0592913730519
2186560 279.1492591847058
2188043 281.2564629031419
2189463 288.56856339070765
2190910 284.1766723765753
2192292 287.5200366484826
2193892 180.38667777792352
2194034 -137.07518239008945
2195563 279.5684588921732
2197115 278.5105928180192
2198715 267.3285851488284
2200098 290.8025114027827
2201600 283.7077900459485
2202857 121.63537741858167
2204290 288.42306236015867
2205736 287.9357159859596
2207281 280.06449844370997
2208721 287.2960471348038
2210321 274.3016722732185
2211883 281.4600364362981
2213435 279.0076579785857
2215035 275.6633045639488
2216413 292.89738267933734
2217998 278.252036235846
2219571 278.054910890158
2220969 287.9387040630053
2222388 288.38163898602113
2223783 287.84901680529276
2225383 202.21499829880395
2226851 281.76713735063976
2228404 277.74288630374883
2229970 278.48010432148055
2231517 278.8108854165532
2233117 268.78510540509654
2234627 280.90362940645264
2236074 284.7936296891062
2236635 -16.31190643396826
2238069 287.2105214031201
2239533 287.9507768676437
2240955 288.22994848072165
2242483 282.11107812601995
2244083 72.50371195170162
2245638 280.21456150164374
2247156 282.0314932229063
2248667 280.3798741187798
2250046 290.27618050116337
2251467 284.65662620310144
2253009 280.4728390422318
2254609 -25.526556678553405
2256209 184.32168729354512
2257695 284.98541124469216
2259026 125.17209511017981
2260533 284.42439837302265
2260907 -40.07750007127971
2261809 50.722305595252806
2263264 285.8575126233836
2264707 287.0338483906853
2266140 288.1809840678447
2266494 -39.523425408554
2268094 280.14692740949766
2269692 276.97052404731994
2271159 287.59500010010794
2272588 288.39191306595984
2274038 285.9695393225158
2275528 283.85593999872714
2276948 287.3391833907588
2278354 290.02418582275
2279841 283.6743357650769
2281296 284.9357266959524
2282805 280.6174825594914
2284368 280.8674932204567
2285845 283.27608936821844
2287437 278.82008129453857
2288952 284.28209684610954
2290441 285.35653608941175
2291843 285.750874866711
2293346 284.4874927964407
2294840 281.56668916416305
2296314 283.9194955318391
2297831 283.7854397473943
2299331 283.5965421549308
2300801 281.2903175536225
2302401 274.2798439466188
2303901 284.13068587464505
2305393 285.1742175562873
2306871 281.867971267108
2308331 285.6188280261866
2309931 266.46575061426665
2311330 288.86323678346287
2312844 283.8441917769085
2314444 -7.503507400491685
2315911 283.5347802788039
2317511 270.48188991042775
2318992 287.1394379143099
2320433 288.064174752595
2321197 24.64322717923187
2322695 284.56276469298484
2322851 -101.31677905235874
2324451 269.1951693730654
2325890 287.71288032024324
2327368 283.90649815023085
2328812 286.23882313307615
2330354 282.5452174663942
2331895 281.1220562609693
2333495 270.3536667294807
2334888 290.6977584403257
2336378 282.50552839848353
2337924 279.0559868892952
2339524 112.12407576129173
2341026 280.9662865232394
2342470 284.8348410642942
2343962 283.5911973857508
2344092 -90.21750860933524
2345653 276.8591254527851
2347093 287.4709105658621
2348594 283.88775838618625
2350010 284.04731212262243
2351446 286.2292043581009
2352078 6.958200282638828
2353625 277.6740228405025
2355042 290.14679127248394
2356540 282.1004567009815
2357972 285.0064130797792
2359454 285.3520713958847
2360992 279.6749625151133
2362081 71.60699062135149
2363606 281.14888904203525
2365063 284.0656794256816
2366598 280.05213067783683
2368042 286.5232356890346
2369595 277.0405225863766
2371095 284.4323802720795
2372537 284.9393119186943
2374084 281.8573990339036
2375684 258.3806803026803
2377122 286.11982590858213
2378569 285.49431630021263
2380030 286.24866466806634
2381495 285.75199769536727
2383029 282.4649301232318
2384479 282.7390223691996
2385981 283.19893599496413
2387493 284.08845985294533
2388923 287.45768028333254
2390311 286.7939471822473
2391771 286.65668210850544
2393336 276.5633179241267
2394764 283.29422292123564
2396177 287.5244622231191
2397622 285.8199395630584
2399052 288.4698058200094
2400553 282.26969050947355
2401999 287.2665817360888
2403453 287.57454029432137
2404984 281.02189434249493
2406396 287.4632516156254
2407921 280.29256940260166
2409321 287.1795278478191
2410721 291.0168314018588
2412321 178.19496869773945
2413759 284.5643542517731
2415191 286.6977044809851
2416651 284.028538240886
2418186 279.38900666528644
2419610 286.63259003067265
2421100 282.0281176263553
2422596 283.2645593435036
2424051 285.85366826593855
2425524 281.3707301623026
2426581 93.8218404676482
2428076 282.596528148904
2429676 15.487383738968832
2431113 287.08755884579676
2432603 283.10724954332983
2433989 287.3214594725616
2435491 280.9264934909413
2436952 283.96669944700164
2437923 89.09653090364799
2439369 287.4475536597305
2440831 283.0191340601093
2442256 286.9975756319973
2443771 283.04443964956613
2445242 279.97526064535253
2446668 286.8881735924766
2448126 286.2370733695282
2448351 -69.25122256349897
2449771 287.28814195825265
2451247 285.8391339509085
2452690 285.10069760484316
2454124 283.9204522561542
2455690 278.47027408473144
2457139 284.3964607574077
2458520 289.27671688491944
2459953 287.1620483159958
2460834 59.25786007887078
2462434 177.87500156806593
2463958 279.5311415975989
2465436 281.54353752210466
2466924 284.8049205010194
2468323 286.27368556655284
2469698 289.33670196269406
2471125 285.82616518023417
2472536 286.2802370197995
2473955 288.3015613712636
2475336 288.5703175805979
2476702 291.52264684907567
2478154 286.50511359403436
2479687 282.29765379498593
2481143 285.0654861912975
2482562 287.66478590651144
2484010 288.44887399328627
2485431 288.18451102762515
2486625 114.41815970909195
2488059 285.5138214339572
2489462 284.7091723133214
2490973 283.0279006601607
2492460 285.9210993793005
2493353 50.40558033544801
2494953 5.270272670873144
2495391 -41.40484936972923
2496986 279.92294647667387
2498470 281.013155185122
2499965 282.03208711016504
2501446 280.08330055469594
2501598 -86.97204853952304
2503089 284.45652805152963
2504464 289.4246661842269
2505878 155.4553287666943
2506266 -46.16161594036499
2507653 290.18691730372353
2509183 278.171365429948
2510592 286.57453288329384
2510716 -91.51598176348892
2512099 291.0509277262763
2513577 283.07754973785813
2515056 281.5973590044481
2516461 288.8772234933514
2517882 282.7131755490693
2519326 285.864842397024
2520797 286.5653361736725
2522397 273.22561965210394
2522497 -94.93327296323888
2522639 -86.27952440181437
2524034 288.3527522413628
2525390 289.89067655680014
2526906 279.8203233224357
2528369 285.91882828094833
2529807 285.58593676166504
2531242 288.0317014061218
2532667 287.111249560386
2534197 283.6885215354406
2535687 285.2072444275595
2537154 283.21170700026715
2537275 -94.0887525728109
2538670 289.9569217493691
2540183 283.2217321357442
2541783 151.064103997023
2543284 282.216423996291
2544799 285.49918508397434
2546210 289.1969696507675
2547607 288.12604478376056
2549157 280.52182681606405
2550700 280.3979639100557
2552300 67.74018043670803
2553750 289.3372369137316
2555183 286.80227327109594
2556713 281.75440924310914
2558234 283.57017323712165
2559715 285.2435016729297
2561315 274.16945661376434
2562770 288.32349302672685
2564177 289.00749554617613
2565777 210.43967289069343
2567231 286.220545603911
2568638 288.7737913029998
2570141 285.7776410391426
2571658 284.05258059708933
2573008 292.9836706352563
2574406 286.39226256005355
2575896 283.8917883337381
2577361 283.3905709547358
2578775 289.76130081278205
2580375 32.31202978726772
2581975 184.093372551138
2583390 287.3782731187335
2584863 286.09842223443184
2586463 275.9426647267215
2586745 -56.45965379260201
2587929 121.0613407233275
2589343 287.95922821423335
2589708 -63.13781543731875
2591104 289.6018760758185
2592588 282.40848484964863
2594030 285.5527481018101
2595422 286.0508547528832
2597022 50.40481931891934
2598496 283.5937132261177
2599928 288.6051239902603
2601345 287.8606948371394
2602800 282.8997157041026
2602907 -95.19383441651178
2604322 289.5267711406116
2605701 287.45359635013904
2607181 284.47185704271277
2608707 278.36573509968673
2610307 -12.094808442336799
2611851 282.4631694894906
2613286 285.08064185075926
2614742 287.0082360807912
2616111 287.63185247336577
2617711 152.22074821915876
2619127 284.2761138417627
2620538 288.51545343657205
2621966 155.27990366336797
2623423 284.2324391361244
2624968 282.0031446420448
2626387 288.1637073070519
2627773 287.5458880991493
2629265 282.181091055744
2630015 25.225529691589344
2631461 287.6631877783443
2632949 284.0850385194013
2634416 285.22807736677447
2635057 -3.607479385671411
2635652 -2.751295704910831
2637252 45.57572471444809
2638676 285.6229874022272
2640111 285.4051834924503
2641523 289.8183286665609
2642995 284.0599782832403
2644130 94.841755068553
2645629 280.6713719842866
2647122 285.8876075310058
2648722 13.546158226498727
2650284 279.7511637184453
2651795 281.4204151002269
2651921 -95.93622280717268
2653350 286.8985906074857
2654767 289.01374342697
2656158 290.50150340712804
2657704 280.0032297352602
2659191 283.48160429541116
2660682 285.29847414920334
2661592 18.768756246416643
2663013 287.8665224139215
2664458 286.751729779493
2665888 285.294636575483
2667335 286.6530781609892
2668781 288.4500348107223
2670214 285.41424529929975
2671721 282.6992461769813
2673067 291.0894865825904
2674496 287.6011372930649
2675964 283.53753389885605
2677461 284.7693644772007
2678897 287.4269483125372
2680376 283.4499256655845
2681833 284.6253347469845
2683288 287.06755478175324
2684676 290.0031488657097
2686214 280.41514532718185
2687675 287.714000457409
2689202 281.50825071636234
2690668 282.3691590936395
2692144 285.05774398776583
2693552 286.6894634854793
2694997 285.72747200114173
2696354 130.42418228909426
2697787 286.2225302953941
2699169 291.38201863180524
2700622 287.013252728543
2701967 293.68056530941095
2703447 282.1398058400857
2704847 289.03221007264193
2704957 -99.9467207181938
2705479 -9.754454164111678
2706144 3.370666433648566
2707601 284.71760435717846
2709008 288.50811849646936
2710390 290.8989696366181
2710997 -24.37742364921131
2711583 -12.787686336533483
2713029 287.05718335316124
2714537 285.1290358093025
2715998 284.9417403214944
2716987 74.50635517285528
2718136 113.58529175448211
2719736 254.82030590663368
2721336 241.95699711110734
2722751 286.9283919069368
2724345 279.4633946190577
2725830 281.8660937784104
2727430 158.0254425116416
2728800 290.6929687933113
2730253 285.9489509187162
2731725 285.0754508685245
2731855 -95.82926263181865
2733301 288.162813917323
2734729 286.23693948484447
2736185 285.00362759553866
2737633 286.053067341781
2739025 289.66985095752284
2740502 287.63345829585916
2741909 290.6921622531921
2743327 284.50530263554316
2744771 286.4257400523154
2746156 289.81960001795863
2747603 286.38842862892625
2749168 281.86050823230363
2750552 291.67032916682075
2751993 288.2073040618921
2752101 -99.71573988205567
2753515 287.1772935801837
2755017 286.48375930755105
2755135 -91.640114069794
2756548 292.25680595154677
2757980 288.9356426118537
2759428 286.1582508427488
2760006 -16.87775862214349
2761430 286.6113260483588
2762624 134.39731710900801
2764078 288.3262287198543
2765671 277.8051521378059
2767129 286.4020333305471
2768729 270.03561524998247
2769445 -13.369084294612719
2770848 289.6295018205194
2770993 -99.08677593928793
2772564 278.63026873636454
2774084 283.1637889275173
2775513 287.18582398697004
2777008 287.19294441184365
2778433 286.7253534915112
2780033 33.10363547662156
2781458 287.84836836674646
2782978 281.4073050825421
2784578 -25.14273228785268
2785990 288.56934399906896
2787571 277.85698487245446
2788931 289.7939184094173
2790372 286.53965153215023
2791830 284.7890766756665
2793340 285.12556019559645
2794818 283.53421647009077
2796296 284.8507709584967
2797775 284.22880672509655
2799277 283.3467484965323
2799401 -97.00575110565374
2800965 278.98931420473906
2802470 280.241491272959
2803899 286.42864681005744
2803949 -111.86899133617058
2805410 286.620438972211
2806892 283.6342602063377
2808291 288.045969361409
2809854 280.18087090244524
2811232 290.10736637084716
2812832 251.824973307544
2814432 -7.858610220960699
2815964 283.09211851287273
2817362 290.07377831945297
2818856 282.38958629323423
2820344 286.22413121407675
2821849 283.8054505271642
2823298 286.05884052321704
2824768 287.0581225558694
2826221 287.1880454395589
2827605 291.149851046873
2828961 294.9618323034268
2829563 -1.832810627952398
2830094 -30.2939661623069
2831560 285.612598563549
2833110 283.11525184978274
2834466 292.0088984854722
2835908 289.1909630366413
2837276 290.6154924930788
2838754 284.4449482712179
2840234 285.6893547078685
2841789 279.1669931356291
2843196 287.89222283871527
2844502 141.5548586585076
2845900 290.3607632835639
2847395 282.56781361529795
2847599 -93.07730305943637
2849199 279.9167685119862
2849685 -39.10220390739604
2851145 284.0543651383183
2852635 287.3886802930412
2854063 289.1584495840969
2855507 287.2617050209332
2857017 282.61611835946366
2858429 289.05717161139273
2859930 285.25106593424994
2861401 287.28333883608303
2862920 283.08687190427116
2864360 287.62066427074575
2865703 154.96210613182419
2867149 288.24967994138467
2868749 131.52951619137468
2870129 292.81754511338335
2871594 286.2821511852395
2873131 283.15277605964553
2874563 289.1949557595804
2876009 287.9560524143957
2877446 286.5046822005133
2878793 293.6206542717278
2880393 -25.402840609710186
2881151 12.432061444845104
2882751 249.80013718134805
2883917 103.6266418508458
2885517 111.18158657635601
2886941 288.8632112988383
2888418 285.02262858371927
2889036 -20.18595154824294
2889933 82.89088897296253
2891420 286.8817184027158
2892884 287.1815115190661
2894271 289.8311511533673
2895658 289.4370913948377
2896776 102.15916663746663
2898163 294.0724416303912
2899621 286.49805771118054
2901039 286.3238668123037
2902436 290.93450949849444
2903856 287.11128775451317
2905349 284.2626759964195
2906818 286.31220352171755
2908369 280.95390070610813
2909775 288.69655093864606
2911258 286.3453985677153
2912597 290.4541697076867
2913981 289.89804937506494
2915369 291.7096894360894
2916787 289.7056607898834
2918387 -27.03703271681741
2919248 51.23810180589527
2920403 112.722619853814
2921812 288.20791954186984
2923223 286.66540179305355
2923640 -33.02581278337604
2924789 133.31083252546006
2926227 285.20425813744725
2927692 284.8043413774183
2929134 287.7127772054698
2930547 290.51822793610984
2931981 286.1742309669127
2933415 288.8596934683183
2934777 290.3021781729102
2936191 287.735364086059
2937659 286.13643148395374
2939130 286.52140214242127
2940627 285.062541035624
2941981 291.45708839673443
2943512 280.0675558676022
2944900 291.88533986224047
2946363 286.3759353343537
2947729 288.5444540641939
2949189 286.3735297132583
2950759 280.1319446666471
2952292 282.6878436487652
2953706 290.6093509211829
2955120 289.5434819127881
2956682 282.99232170121604
2958097 287.8579404225407
2959495 288.3067879922109
2960933 285.8859704602026
2962533 177.43555610718926
2962883 -44.403492658183936
2963943 92.34039148889292
2965543 190.56463624936214
2966372 60.83660022021709
2967821 283.5594246217263
2969226 288.09621954302844
2970652 288.17151694964446
2972077 289.98817127712107
2973487 286.8603848192201
2974434 83.76129523346836
2975809 291.2826424274123
2977171 292.8617141712122
2978326 113.4335833447276
2978486 -90.51022697034168
2979867 293.07077594448515
2981294 288.94548851940544
2982821 279.8434040045453
2984275 286.11622013327866
2985722 285.90594998128074
2987138 287.79461687125087
2988582 287.7181423527241
2989998 287.51339545447854
2991436 288.7675243002629
2992881 285.67060485516447
2994481 268.42606927568113
2995393 65.18589833643094
2996888 286.88023506766007
2998281 289.6767607939321
2999765 282.6335573574469
3001220 288.16606152560036
