# reward.txt contains number of transitions:cumulative reward
998 -200.29037439567333
1069 -99.47625867857039
1164 -97.73046182084495
1222 -106.35538560612966
2822 -108.31827871158659
2859 -107.56932347670818
2921 -100.9306662650695
3008 -121.08484454672877
4608 -120.28264642002688
4671 -105.33841844728714
6271 -116.74789789239733
7871 -105.99416915961585
7957 -117.83632232827756
8027 -107.34416233507979
8147 -100.73797738997655
8204 -102.73541508354123
8264 -113.69586361839436
9864 -123.12057011081325
9934 -102.30974364597785
10003 -101.50498342826093
11603 -101.24556653972049
11670 -102.8698424100733
11724 -107.17122351288113
13324 -104.89507273070612
13410 -119.11097773095251
13518 -125.26695288396627
13576 -116.95332003708401
13624 -110.23665583633135
13799 -102.78800542120388
15399 -92.34695971540164
16999 -103.26371726681293
17073 -97.1690519112895
17146 -102.12103507462454
18746 -130.0072518567794
18822 -102.30864428164624
18909 -109.68446858138901
18971 -105.29080830024866
19040 -107.4379492432714
20640 -118.15597833295074
22240 -119.22965759307577
23840 -101.97128530979967
23913 -119.01355326135891
25513 -105.05333277235985
27113 -120.42342605801255
28713 -99.44210143283466
28786 -111.25918361294767
28856 -103.1522930528503
30456 -107.09294770750581
30515 -112.8589728846488
32115 -115.70392669437628
32165 -108.91741093626308
32213 -111.67610486074102
33813 -107.11597670480361
33887 -119.356705948983
33942 -103.38380101896139
35542 -103.16284890980032
35622 -99.80043167596699
35682 -102.98393428790072
37282 -122.06132351050412
38882 -109.604719980854
40482 -114.85756790012977
40585 -116.74404271414876
40673 -108.81991180935067
40722 -113.38852111840185
42322 -109.0480193781968
43922 -110.1107496945193
45522 -98.32882332207453
47122 -105.84793899223861
48722 -97.01360248755792
50322 -94.4021075165375
51922 -93.0601344562174
51986 -110.21571439298305
53586 -107.40575287833433
53654 -116.94814677941287
55254 -99.0199621822207
55310 -103.49152400402414
55346 -102.86593549179162
55402 -107.58397680659344
55520 -106.1727543920471
57120 -106.38290219874182
58720 -94.24076107719337
58828 -109.33265424235972
60428 -97.37352762626229
60487 -106.66645193450339
62087 -117.96831075921872
62156 -105.75342764813205
63756 -102.17343871385722
65356 -97.10503299345821
66956 -96.78609017861876
67016 -110.60353816440701
67098 -114.77883385522043
67201 -103.46798134053654
68801 -101.85264227532701
68936 -129.20763261340107
70536 -99.73012994592337
70637 -124.7274726842052
70700 -107.53332059345642
72300 -96.77331447523548
72342 -109.1293618169222
73942 -97.06937279080749
74001 -112.11706666162672
75601 -99.65791705197688
75685 -115.49429703779022
77285 -89.27201389076039
77388 -100.56683155616652
77583 -135.19591414347462
77657 -103.33411565224826
79257 -91.55818683475691
80857 -89.11584918114404
82457 -99.76376914519257
82546 -99.24261158631866
84146 -90.94770013077185
85746 -96.14288276462659
85865 -123.63465111195669
85963 -100.17669856489326
86097 -100.90965643158927
87697 -100.80750622346748
89297 -90.38821803233968
89394 -105.12002664930435
89503 -110.473020453499
91103 -91.45786364667988
92703 -93.0667772285076
94303 -89.75716488833426
95903 -80.88604005483363
97503 -90.74593448788877
99103 -78.15483720013988
99150 -110.45492875884412
100750 -79.5303062928196
102350 -81.23608690612332
103950 -85.50204263221097
104027 -106.22731176525976
105627 -75.8602341162569
105688 -107.55334608548135
105749 -107.71911367700932
105815 -101.91490041637545
107415 -75.9058854989123
109015 -82.4448260270597
110615 -74.92329920313311
112215 -77.89836185864
113815 -75.16080619715814
115415 -78.14236754509972
117015 -72.39336422145492
118615 -61.63661314986594
120215 -62.28317394444591
121815 -64.42235740009204
123415 -60.187729674667885
125015 -70.02510314024799
126615 -77.25144280102798
128215 -60.740215595147205
129815 -72.28361398854301
131415 -59.69049278018763
133015 -67.5933144061938
134615 -62.452283838874955
136215 -55.44528474360266
136271 -104.63613186332087
136386 -106.39382688940627
137986 -66.09872799474631
138043 -98.67927973308726
139643 -57.728086531886774
141243 -67.32468360531885
141308 -110.07781896472474
142908 -54.7007548703138
144508 -55.048019320938096
144584 -111.45663277372594
146184 -55.85945577781708
147784 -51.92797059745834
149384 -61.264348946190175
150984 -51.120915734255085
152584 -56.4730563018552
152666 -98.06969920262819
154266 -46.015973892305695
154346 -115.30599600828377
154413 -106.63117426087582
156013 -56.586126086794394
157613 -56.71855764384137
157701 -99.91112547379298
159301 -51.81018194136649
160901 -68.44068134401168
162501 -52.80259799749959
164101 -59.38743196224107
165701 -48.546600442077946
167301 -43.95551673477255
168901 -41.222409328822685
170501 -31.775948921160136
172101 -43.1759481663506
173701 -36.964693470956085
175301 -47.92442380558642
176901 -33.912351930187384
178501 -28.76922049613987
178561 -115.85942802560639
179575 -114.22128896649615
181175 -29.83108278393931
182775 -35.33512511303462
184375 -32.355289615383676
184457 -116.175426031759
184546 -110.38523968507785
186146 -44.20059977480638
187746 -25.03347451443348
189346 -19.644190370312874
190946 -36.95651660019847
192546 -22.59789867145849
194146 -22.61135715899148
195746 -20.20745160469598
197346 -38.66873907311878
198946 -32.885686864232
199045 -114.26826395524728
199132 -118.47485686789204
200068 -113.46904576120527
201668 -25.377716467949273
203268 -19.230655573271246
204868 -34.651797825519026
206468 -11.695260362999523
208068 -18.348199655933342
208150 -100.0483772417934
209750 -11.125965259371942
211350 -17.37517405114322
212950 -27.634175917176485
214550 -0.32884266866620215
216150 -8.35222380297819
217750 -32.27004097037112
218735 -113.0476987386942
220335 -5.127208234265454
221935 -7.13949510386122
223535 -4.1477079444211
225135 -3.1225751631471073
226735 -5.6309066864798805
228335 6.194701689892116
229935 -9.367550463576821
230002 -115.47069409434559
231602 0.7761653936902664
231663 -105.05468086408452
233246 -99.06499081239913
234445 -87.24277618483887
236045 -4.677985755832552
237645 -12.641316065272328
238001 -106.86460839022138
238439 -102.83064864349925
240039 -3.9104531740881545
241639 5.492103440016514
241704 -113.70719764434546
243106 -86.57681622453468
244127 -114.5288230884423
245727 1.704047282934811
246568 -102.20150266445056
248168 -8.318378067296619
249768 -0.11085715775006462
251368 0.5163847879158922
252968 -4.856638035999
254568 -4.104604896586971
256168 -2.23108481191968
257768 13.404296885666136
259368 7.660065797759522
260968 15.870476385197932
262568 25.11324587577516
264168 26.96424176907788
265768 -2.84933895566004
267368 31.428240160910413
268968 21.63774949648791
270568 35.87768593577237
272168 23.42358421060137
273768 16.60172213098284
275368 23.614243776320183
276968 24.762057580849905
278568 52.743713800199274
280168 37.31300056781926
280556 -100.2481190024335
282156 37.222698831200525
283756 25.417862631308505
285356 56.6341044768541
286956 9.99189503962391
287766 -101.13276029322421
289366 54.097963744390206
290966 53.4460340072084
292566 48.80990573628368
293574 -82.83234938935126
295174 52.89646825213909
296774 83.85282345706848
298374 36.179510444981545
299974 47.985902050636696
301574 52.512266831280634
303174 57.568184448940094
304774 63.43544362755172
304912 -103.10810117158232
306084 -53.780383195977016
307684 66.1105507467446
309284 71.29795438589903
310884 46.37706337750023
312484 78.59913767257949
314084 83.65243567547753
315684 75.3189615746991
317284 61.25639840543388
317380 -113.79434523999156
318980 73.57689386903066
320580 85.88901511968241
321774 -26.115753387461794
323374 66.91653931041002
323531 -101.49560561436662
325131 69.62487319011312
326731 76.75211373006589
328331 69.01665147530102
329931 87.65236594260608
331531 74.41056398028205
333131 67.95072908511223
334731 89.59980043035291
336331 95.86613950554502
337931 93.36190293404387
339531 93.17967654426845
340145 -60.09205784143379
340233 -111.58069815598925
340502 -93.2253573474679
342102 98.35338902313246
343702 99.29603940303318
344959 -9.213868562694785
346559 104.12342249848312
348159 109.11162259177807
348329 -109.6756497857223
348445 -94.64414840939392
349298 -35.89302759753103
350898 98.84724543308269
352166 -32.16516065254049
353766 121.05163325257844
355366 80.95702836954534
355955 -81.48523048653576
356986 -40.916010311211664
358586 96.27460086621579
360186 113.02442856746039
361786 83.30425681319345
363386 91.63098881176704
364986 116.02246548631528
366586 107.1967903840483
368186 107.68246631431579
369786 109.40062895215685
371386 121.58751701656165
371511 -102.0671218715428
373111 112.36589495460888
374711 132.87668921812872
376310 -21.186412923151124
376902 -110.0347778195371
377051 -99.72336547296246
378651 138.76551386377673
379109 -84.56145190780734
380709 96.13407597275025
382309 113.01173098577367
383909 170.5428644283409
385509 122.47759864651661
386643 -10.153747960510373
388243 136.70693037388165
389843 148.45143212568942
389944 -112.54944979513311
390025 -101.09867477173668
391625 148.20879138637846
393225 119.65414718009518
393960 -59.30501318381541
395560 153.9707395138966
397160 149.8645960423679
398760 143.854030191852
399352 -66.0803817633446
400952 132.1562438310845
402552 137.76668834816593
404152 135.3994626192445
405382 0.2920394005047626
406982 153.7838495209334
408582 148.63180643603113
410182 137.53286554582542
411782 137.47005322233474
412700 -52.091930272210256
414300 130.79661006626895
415900 110.01620992998102
417500 147.87703124866562
418111 -79.44128474121908
419711 120.37481264046387
421311 147.28371136573128
422911 156.7859234648461
424511 148.24530592242442
426070 31.1098747615861
427322 -6.067671677676572
428922 156.57663556191997
429298 -96.52885299832063
430898 141.3353048897199
432498 140.69931409555468
434098 156.54654913496964
435698 142.6532737688825
436761 -15.123245378251497
438361 153.80366303894732
439881 12.118176300045207
441481 148.75698071757444
443081 166.67272429715433
444681 135.81363615444238
446281 143.8926669205142
447881 156.11169402812615
449481 181.20130417448243
451081 164.61061654894615
451265 -107.53859116147832
451852 -63.46129299033558
453452 159.2680190015207
453690 -95.69608535788645
455290 166.97979394552183
456890 118.66206288701669
458490 166.8949407972159
460090 178.8357335344241
461690 177.54016257688423
463290 174.45228208816428
464890 178.97300747320827
466490 168.64676610094725
467627 23.87402770473834
469227 164.15472427012952
469792 -54.7583415252647
470182 -73.16250585785076
471782 184.24306347272986
472732 -5.432553684545695
474332 155.80544408272908
475932 134.43515358175821
476621 -32.297934514746714
478221 183.45905998585494
479821 168.00226078838406
481421 157.02353216717768
483021 167.09829630457313
484621 153.6380040523364
486221 187.22805977096715
487821 179.81129835853378
489421 185.27278619950815
491021 180.27913816811397
492621 174.2985607106412
494221 194.73578363106847
495821 167.60823110676236
497421 177.490410372169
499021 173.25343311362454
500621 200.40179840710837
502221 174.17053079107166
503821 164.30065821224144
505421 193.8879488355353
506488 24.35961318212074
507213 -26.125418645794213
508813 155.6406098898074
510413 173.47313322042902
512013 186.98696126012663
513613 177.82532232173097
515213 182.23837857768902
516813 184.4374916084657
517660 -28.845941474628276
517926 -88.61755932256084
519526 160.86761343986703
521126 179.17511841474462
522726 173.43337549301984
524326 180.48795577226954
525926 183.35842190202746
527363 34.592558599605326
528401 7.014206562628985
530001 185.91248507419363
531601 184.88906520558587
533201 186.21633346698707
534801 183.84444084102503
536401 184.49867800476162
538001 200.95151141799917
538948 -16.70791667413836
540548 187.48692415830493
541408 -23.372821973417615
541618 -118.06770044438417
541801 -95.94194585737773
543401 192.2278820503863
545001 162.93604212651502
546392 69.40253788451784
547992 203.92299631853842
549592 180.07303419649074
551192 188.37611506571417
552792 198.68411095984297
554392 197.90967775930665
555992 184.0323661994016
557592 200.9795443006646
559192 202.50241354305115
560792 186.98599184900993
562392 197.98564816424914
563329 -20.41341655987563
564929 171.26787559398568
566529 200.44928593842153
568129 202.09028657253768
569701 75.3177559567967
571301 191.64431391609025
572901 183.77237139257034
573531 -54.58053781592849
575056 40.729104981947756
575835 -23.104579081264703
577435 172.52109651036253
579035 186.06590395218302
580635 182.5265311914923
581788 39.82111232061544
583388 168.90373562541936
584988 194.3282244842601
586588 187.76301657009918
588188 205.35971833006073
589788 188.1695253712251
591388 206.4520695170566
592988 209.93924280356896
594588 210.09301181942087
595531 19.285675453720515
597131 202.06572794921803
598731 217.98044611739098
600331 196.88428258742127
601931 170.9966390296051
603335 54.544809891079524
604935 216.17478291165088
606535 189.5468676423913
608135 200.2440650108932
608822 -16.420956906156093
610422 190.6837197087711
612022 191.2382174246226
613622 189.44520893632676
615222 198.77990299521483
616822 209.06128117043315
618422 202.7974209639192
620022 201.48066517007135
621622 203.56918329476238
623222 210.37608354795788
624822 190.3273853883349
626422 195.5876994345729
628022 226.60079793869232
629622 209.07925253936244
631222 204.63272775206468
632822 208.06414627526038
634422 209.76974122011578
636022 211.3765345284877
637622 186.09709328564816
639222 200.45006511067697
640822 212.95201379985127
640956 -93.39674787712036
642556 212.31605203711956
644156 193.23656058427426
645756 222.24347672867387
647356 241.6353927067687
648956 216.22670436773754
650556 219.022689021131
652156 237.19832533470023
653756 186.9098352802502
655356 212.96685554698198
656956 232.36438943614903
658556 219.4413249481546
660156 209.456842305299
661756 198.7485139025637
663356 235.1065560651492
664956 234.64042883292834
665630 -15.860372521257105
667230 240.1933799016584
668830 223.03603710852275
670430 229.35995845375658
672030 216.35273954085386
673630 228.75460106655308
675230 218.285903017115
676830 209.59617700628806
678430 206.6916482315041
678716 -73.69985108782723
680316 229.03996871819558
681916 221.82554379861708
683516 216.5764216918773
685116 231.68291374719936
686682 95.28345070357773
688282 224.8468438932303
689882 220.83558501998607
691482 219.09309707351397
693082 238.3702886274016
694682 235.56272969071324
696282 236.3180260039213
697882 238.38370061580613
698280 -53.691032138233375
699880 220.7661696042822
700898 40.592319236730475
701089 -89.79190606299291
702689 215.64475971285282
704289 210.21363725546695
705231 -15.161483141088297
706831 217.39137769364643
708431 237.1022280652441
710031 214.20035685223948
710136 -93.79600996477467
711736 219.14806648791418
713336 236.98895997714786
714936 199.54232372542003
716536 246.014353719338
718136 205.18977737763922
719736 225.67279370478064
721336 239.68999732501115
722936 230.29348894972262
724536 231.7681019687459
726136 228.66125353397675
727736 226.49553738702335
729336 239.55432040420487
730936 231.64824174075358
732536 226.8027056050157
732705 -82.62257289233617
734305 235.9049808597494
734402 -94.84024140509032
736002 226.49342529014024
737602 227.94853572266075
739202 239.6514440375118
740802 219.19684457463808
742402 225.55543124777066
744002 256.42229005871883
745602 220.1850415082519
747202 235.9925855216278
748802 233.5480564274108
750402 242.19002657117744
752002 245.29938667567575
753602 225.6854100770238
755202 240.75287691079532
755426 -85.58250079330988
757026 243.2802106179577
758626 231.4807039063653
760226 228.8571624334401
761826 230.84970087553756
763426 227.38685943877564
765026 237.47852767554318
766626 224.76153212403955
768226 243.58893149634568
769826 254.98953401697457
771426 260.77401456049176
773026 228.64039414041665
774626 233.0497416197393
776226 225.16739374704855
777826 237.73148469614665
778695 -41.37531322112245
780295 255.97901276342478
781895 231.87738462642312
783495 217.13629736353954
785095 236.3112177993756
786695 230.36629880136073
788295 230.13100870610762
789895 230.2795118992315
791495 244.19014856406147
793095 248.66231477205272
794695 257.35015740638187
796295 241.62120167029403
797895 219.33078391683048
799495 234.63957988680016
801095 232.60349160240946
802695 229.89125307170912
804295 225.00210614417534
805895 245.76542786193318
807495 226.8551292857925
809095 234.16926441698584
810695 254.32431294774486
812295 229.6005458874183
813895 250.3162638825687
815495 247.95906136940843
817095 249.56260273599818
818695 260.7619267766577
820295 255.8310304853601
821895 252.78860442613288
823495 249.12281189236077
825095 254.07730167478854
826695 249.1010117228783
827234 -31.87893781636967
828834 9.10128310115374
830434 235.94975098364188
832034 237.30938706500189
833634 253.2574806057697
835234 240.43488810848132
836722 109.0472131415352
837142 -41.57731641334544
838742 236.40494510538178
840036 107.80755781458626
841546 118.98757761532016
841683 -87.0524788956847
842838 79.59274959116414
844438 233.29919978453833
846038 257.1450379945606
847638 239.6883674626163
849238 240.10398023456497
850838 227.74591188663732
852438 243.2307543173205
853488 72.26055170115612
855088 234.11310103897162
856688 249.7645794019633
858288 224.6091076733496
859888 242.91027987383907
861488 247.4572484563939
863088 250.8874392808175
864688 228.2828738439077
866288 234.28078776914072
867888 238.46825405219977
869488 237.22718169368443
871088 236.16025727913893
872513 109.35371950703612
874113 247.2642857225824
875713 230.09456968323644
877313 248.58066168980721
878301 45.63320138797033
879901 258.96018269645174
881501 247.9267119706128
883101 249.02404353309848
884701 251.1657752953348
886067 99.29029485700838
887661 267.82527985358627
889261 245.4152832974803
890861 264.39865480277695
892461 264.41881202500633
894061 247.91690703626278
895661 244.4339748179566
897261 252.56853126357043
898861 267.07224382899193
900461 249.70395355069982
902061 268.65249442934885
903640 268.71555634405104
904781 70.32011368407095
906381 235.37122247615463
907981 266.2519650771897
909581 252.08084342734261
911181 264.8898474315837
912781 247.82881103096562
913734 29.82340395949231
915319 271.74106179702386
916919 251.55337504718491
918519 260.97847593567724
919692 55.11776301029923
921285 270.31472725240235
922881 269.92648964335234
924460 268.9656326467228
926048 265.86282156353025
927648 268.6369202624782
929248 245.86642984236738
930848 259.7191652997954
932448 266.681364928923
934048 252.52723873538974
935648 265.9696076425003
937248 261.8225136033616
937467 -82.57894058106467
939067 262.2836880433018
939454 -53.872836403248826
941054 256.207230275199
942654 264.4411321693472
943809 56.0017017185576
944557 0.5273894249181694
946157 233.23773847780987
947721 271.6378207671126
949321 250.2210408472312
950848 272.3695709807008
952448 227.86893572386808
953999 272.21250501683755
955599 262.7735062617969
957136 274.3545566091107
958702 270.6907874367962
960302 258.70962840701577
961857 271.7133528840998
963457 262.2474343589571
964080 -5.672969506779623
965680 265.6532053325013
967280 260.88927056782444
968829 138.11059086707826
970332 275.60753064572697
971932 253.33351779744032
973474 273.34798031619647
974021 -28.56299697681638
975615 270.48065582437124
977215 268.6260371727833
978802 271.4842688001685
980321 275.0245103564913
981921 252.61374995198886
983521 250.0048180402769
985065 273.6205871887301
986604 272.2820687585131
988204 261.22647789511024
989582 114.28932746627248
991177 271.18439260963504
992231 66.38755218645261
993831 270.84307486513154
995431 247.0437258793333
996981 273.2806699664319
998543 271.54570176672246
1000090 272.33279841944176
1001635 272.5881021272212
1003080 124.8840282520454
1004668 272.0607981420222
1006249 269.6249902084339
1007849 255.914638408517
1009449 265.35160660988015
1011037 271.7402638883701
1012637 247.61863288914603
1014237 270.44924974752496
1015311 70.15612560906379
1016905 271.4644649803973
1018505 271.66938396051717
1020099 271.9714024541195
1021618 275.3441118414408
1023218 253.05987029616932
1024818 266.40340499725755
1026418 263.79537457312875
1028018 264.8054905406006
1029618 269.7004638748074
1031197 271.197619731387
1032771 269.34967837169614
1034367 269.1339983314471
1035967 258.52536584510227
1037492 273.5929541982633
1039053 273.5208667240045
1039986 48.60186651440438
1041586 270.89633440800503
1043146 275.38937478812795
1044696 274.4911304036033
1046296 270.25642172593797
1047896 258.9753418774087
1049496 214.57175582912902
1051024 275.269734740384
1052588 273.56010152197723
1054094 277.42533829245315
1055640 275.8457816605001
1057147 275.03056298224215
1058714 271.525796881785
1060229 276.1314426102716
1061535 99.75079053088294
1063012 279.29698324812017
1064612 262.1620822668629
1066212 265.12022423738165
1067663 128.79973263320207
1069263 269.71937897132756
1070828 270.3468978394891
1072417 272.9243996969949
1072545 -92.60697451049586
1074145 263.12949397293045
1075693 271.8538155641652
1077234 274.48203719083205
1078801 272.2583623038507
1080377 270.5106600041681
1081970 271.27521278675647
1083474 274.2976278601916
1083613 -93.98003617703418
1085213 237.32361431364927
1086813 266.4941546337861
1088360 271.9934597493376
1089900 274.3580467745701
1091444 271.9976569586627
1093044 250.3503533853101
1094575 274.5702040880774
1096175 259.23398577789527
1097766 270.8524175415749
1099328 271.4844724999437
1100868 272.20647559754656
1102339 273.8246289800755
1103789 278.05222521964276
1105389 263.7531992206545
1106988 269.9081850575943
1108509 271.609985071299
1109432 63.054598291661904
1110962 273.4377982011059
1112510 273.3757800581358
1114110 270.40149475479046
1114216 -113.10013632590758
1115816 267.3241631321336
1117362 272.5261117620267
1118947 268.2407039566503
1120400 280.36435330780955
1121976 271.8319206720415
1122571 -2.111229875897095
1124065 277.8171281370134
1125591 274.73422643941467
1127163 272.59201240231357
1128674 276.8014499163677
1130202 275.23994649437145
1131713 272.9761922806556
1133237 272.19038278231636
1134732 277.2493469907794
1136234 273.3860648031968
1137781 274.38012061189346
1138645 39.897711468041734
1140245 253.3304310357313
1141768 274.505775678369
1143326 273.57702711137875
1144832 277.3678709632119
1146105 83.49563343701482
1147582 279.47542105031397
1149049 276.2651088004842
1150526 279.4779835266017
1152071 274.0750992047069
1153578 278.7291617152455
1155025 280.40736994204
1156625 265.18920580671005
1158140 277.3608556117914
1159740 267.46969973395585
1161304 272.824942182786
1162804 276.3756694620417
1164354 273.8300720393541
1165872 278.3535970641726
1166290 -41.85970298981604
1167809 275.74730490675546
1169309 278.30531855085826
1170781 280.2033276963951
1171930 68.6152394233772
1172295 -42.597062399942395
1173895 262.1852864092415
1175408 277.24258729181616
1176967 275.6155738759337
1178434 279.10403107507034
1179953 278.65665449067563
1181470 276.9625395200049
1182983 277.0548379023834
1184492 276.2699109197677
1186056 275.7040192870078
1187635 272.1325006382281
1189212 273.65959444681664
1190721 275.2844896852764
1192251 275.8399240113044
1193799 274.42245205339714
1195399 248.9691940985594
1196896 274.17602560327344
1198480 271.5370909527346
1200028 276.4536089437251
1201579 274.5662461734734
1202146 -13.92817443339176
1203716 274.30141949511545
1203866 -90.77778248173557
1205401 273.9155968375486
1206973 273.9638341712568
1207082 -92.75093037012344
1208682 247.74262836102474
1210161 279.321296712649
1211673 277.9987869522347
1213273 260.37741902895965
1214831 270.017114259654
1216370 277.51121074408934
1217924 272.0650409039807
1219524 267.6760050222584
1221124 260.32751993090665
1222709 272.56748021636895
1224219 279.12941058340846
1224578 -64.2717565596414
1225300 4.195812583673899
1226841 275.28667962439846
1228401 273.25806667104297
1229954 276.0468521728507
1231554 260.7375941555259
1232453 47.25661218323316
1233939 277.68255453659145
1235525 274.31914925867846
1237125 269.8806170787623
1238625 278.4949015715012
1240225 263.39786956834325
1241825 255.15597662379406
1243393 276.1574644321364
1244900 279.55435744892463
1246471 276.06754520190634
1248007 276.0580965636511
1249607 266.7097206672208
1251062 280.2787173937968
1252600 278.75952632295053
1254142 276.1418994124137
1255656 279.26298997829014
1257238 276.4671461077978
1258828 275.8108974565379
1260428 273.26750815029163
1261997 275.7932576833604
1263571 276.6974660971268
1265098 276.36075048329576
1266598 281.273026468144
1268198 274.163427065486
1269798 264.6192092768832
1270023 -71.30444492526166
1271623 262.25792021772827
1273127 280.28705240418435
1274639 277.3771307883761
1276210 275.6649865153199
1277757 278.7345027111821
1279357 270.80228700403785
1280890 280.36297449209763
1282485 274.14426820540814
1284037 278.89931155891196
1285569 280.6960880276761
1287118 275.8365291228359
1288655 280.6097642441037
1290191 278.9906393841452
1290673 -12.487272225352683
1292217 275.1857313791652
1293665 284.2292596768419
1295257 275.9403884012785
1296857 267.1294992490136
1298398 277.5387704526297
1299998 259.3371923717249
1301598 271.4203536056612
1303149 278.10850209578746
1304386 113.56010122498688
1305979 272.32926992907767
1307579 261.2486158601037
1309036 281.1569089559882
1309408 -46.530451562563485
1311008 241.13364529316223
1312042 81.77923725840864
1313564 280.42025229758013
1315114 278.44612643206926
1316653 278.25405821324347
1318253 221.75564737711153
1319424 106.11633266777812
1320971 277.31033461458617
1322540 277.9792968913356
1324140 259.06277570357383
1324433 -78.42039679435234
1325941 279.938639085746
1327510 274.9178904137108
1328984 280.70420353982485
1330561 275.6060485823092
1332072 281.94532050649536
1333627 277.8127624122848
1335163 277.11603545968995
1336763 270.91054701387696
1338250 280.85873052028467
1339746 281.16343445736766
1339921 -80.73207390608454
1341497 275.0213832976982
1343011 279.30421060245095
1344534 278.78684412800277
1346106 274.3102607418429
1347595 280.38842533336776
1349151 275.99322772997215
1350643 280.7062122105873
1352243 256.3767786813473
1353737 281.4458243795838
1355267 278.52372522489645
1356756 280.2681351077363
1358215 163.54005572499835
1358711 -27.811890966461263
1360254 277.79019328979484
1361770 277.85554595791893
1362065 -62.71411980330634
1363041 43.334338829285684
1364505 284.8112468459534
1366078 278.308176632527
1367530 286.76572649618095
1368715 84.40625912183086
1370270 274.68825569250123
1371870 255.79658842502707
1373382 278.033537662809
1374864 282.99526721274424
1376415 278.5900726905553
1377935 280.14925244069116
1379466 277.763938887567
1380834 131.9909720998289
1382358 275.89398512333514
1383928 276.2769527975884
1385434 282.6966553962415
1387023 276.09789080979203
1388541 280.31792459015253
1390077 277.45211320646297
1391539 281.99742139718586
1393131 275.2404655731135
1394606 279.16018918442234
1396174 278.7309187106392
1396716 -5.221268134657862
1398205 281.37458924269856
1399396 126.73524374485481
1400950 275.5123020510474
1402550 259.69518898867534
1404150 179.71528918551212
1405693 277.55071198538957
1407246 276.0256797031695
1408700 283.2662223202507
1410300 271.8698971606342
1410627 -42.08744667684973
1412054 284.4998742437063
1413504 282.65007405873575
1415047 277.22184192581955
1416550 278.5135621149843
1418150 255.2029536872432
1419109 58.87786306555006
1420709 257.410967929029
1422151 164.8945963548739
1423634 283.1363713917383
1425097 280.1207903484636
1426589 279.28039641076793
1428109 277.2551180371654
1429585 283.4244819154832
1430984 285.9075630594584
1432519 278.7019704902483
1433681 91.97512802194302
1435165 280.7901957344816
1436662 279.5020296196125
1438182 278.2861799204156
1439652 283.08056813447666
1441111 285.9749880548564
1442711 262.2798843849748
1444081 289.34970406435144
1445571 282.3576242552323
1446543 59.10909485040233
1448123 276.1876691796978
1449664 279.9316098942808
1451189 281.4603545137653
1452745 280.7606712333168
1454210 283.66042745636463
1455647 284.3033004889865
1457052 287.0380895128091
1458628 276.97074712776345
1460224 277.0310469364713
1461706 282.44547580242204
1463010 129.9798266637447
1464443 286.10441531711655
1465988 279.0799353950374
1466293 -50.42671743472855
1467197 41.54637313819853
1468660 283.4567664919561
1470250 277.7745793834809
1471706 283.8763453338168
1473275 276.6888879317553
1474785 282.8436718993726
1476332 279.7031500633139
1477917 277.6461610670916
1479443 278.34889631934436
1480889 283.8812984283632
1482336 284.7910099969382
1483837 284.18198294222174
1485346 281.51837338705195
1486902 278.54397443909767
1488443 280.8434916495685
1490043 279.3523422383308
1491566 279.7025802022249
1492852 84.85014463950125
1494324 286.03640436823576
1495900 280.7739385926976
1497316 288.0186645679732
1498831 280.4621525974478
1500266 284.8295847093125
1501732 285.6706228889345
1503207 284.2233047905152
1504807 273.5906409177967
1506306 283.3670186114621
1507102 9.490604355317302
1508597 283.5782736996775
1510082 284.04483360708696
1511640 279.5834570309503
1513191 280.69479850171064
1514666 284.2335649920918
1516117 148.36460735200123
1517668 282.44742330979057
1519196 282.20538623955554
1520699 282.1147642971331
1522151 285.370880662175
1523637 282.605355088235
1525102 283.69908402383015
1525797 37.30838664238473
1527296 284.8672872712622
1528774 283.997350048327
1530221 286.66815774730304
1531671 281.92467378345486
1533174 280.54846613283706
1534686 284.4539601914934
1536163 284.41448892899945
1537659 283.3065937264328
1539183 282.544676023296
1540610 285.6663262494036
1542123 281.4230705793628
1543678 280.4077570641899
1545182 284.5325704344908
1546680 282.478580656644
1548185 282.37606923200957
1548920 33.56162237192808
1550470 279.9881189067299
1551967 285.7542153926923
1553465 283.9242602850182
1554667 130.28670773978712
1556187 282.4224816581222
1557636 282.31706419235854
1559159 282.3069527599784
1560704 279.91547717311795
1562183 284.2370840489517
1563607 289.46335303726573
1565120 283.4399580622135
1566577 285.9317904466433
1568025 285.9648563192219
1569547 282.78769932084964
1571054 282.3733226895011
1572546 282.4134854731822
1574047 282.7193127959132
1575497 285.06833670329866
1577000 280.2799961690855
1578489 284.66901341270176
1579973 282.1882092486044
1581392 289.3682738308694
1582992 274.4978632078436
1584519 280.81219622682494
1585962 287.9983269290969
1586812 50.49539676949317
1588286 286.8156768495398
1589731 288.65256292015016
1591331 261.2659346532661
1592818 283.2696543744213
1594256 287.8424358707627
1595722 286.54119771988553
1597197 286.63903398766877
1598669 284.89401848565126
1600177 285.52048634456395
1601702 283.04860182453945
1603183 283.8866346140131
1604609 287.9385041124651
1605993 159.9965795390118
1607543 279.70633104186913
1608291 9.596536123694719
1609766 284.68792953955455
1611207 286.95047208221257
1612747 283.4768059126084
1614196 285.9474768698753
1615663 287.75639224427596
1617200 282.11232061486027
1618753 279.5302092087635
1620139 144.72479863164517
1621632 282.5338965064275
1623064 288.1457570272652
1624501 285.2515993945205
1625985 280.89568582524174
1627511 282.39328235085196
1629076 278.7015379317209
1630638 277.7358890851324
1632112 284.6214841066439
1633621 280.5993952937219
1635169 282.27339242792215
1636699 283.2555694639437
1638233 280.7704199173541
1639343 117.89866778078027
1640818 284.0757666533991
1642307 284.3629794183664
1642945 22.069340747117153
1644360 285.69946724213963
1645871 283.04272430294606
1647374 279.1824501370147
1648859 284.30672334188654
1650309 284.6467841779141
1651793 283.643938165584
1653293 281.1808493888232
1654775 286.48889300684954
1656180 286.25782424339013
1657663 283.24672531703845
1659128 283.9154417188857
1660643 285.2165799513219
1662103 282.8084762641846
1663607 283.5142922587457
1665048 288.31819306674373
1666486 287.7762991041698
1668003 279.6076362206147
1669523 281.3025452879326
1671019 285.02895249330226
1672468 287.6701412913184
1673894 289.03794019289234
1675411 279.1001846935068
1676947 282.17931877541884
1678469 285.0767868808213
1679986 279.57463758966054
1681561 277.85778084528766
1683030 287.05066132347616
1684538 281.4599845156069
1686030 282.8575503578364
1687433 138.18968653875953
1688920 283.65134736888234
1690373 285.4105341522719
1691172 43.24731046395135
1692700 281.17615814689464
1694146 287.50441779746717
1695645 280.9433668323474
1697231 278.46174001051094
1698804 277.94905165807023
1700326 282.3435797632864
1701877 281.5433135382383
1703294 287.2064787852726
1704779 284.97069961085367
1705334 8.802800504414378
1706745 288.1497169129112
1708263 284.04350923315985
1709863 275.25761513103595
1711408 280.601848278237
1712894 283.5065149046914
1714368 285.637441806193
1715848 286.3245119593659
1717406 280.4134827545907
1718844 286.41279408897054
1720428 277.16329239060366
1721919 284.0300437300706
1723441 284.6096312960382
1724972 281.02337479311217
1726441 286.53617769993895
1727976 281.4480296680088
1729558 278.0121185687791
1731118 281.10760724681495
1732630 285.2127623094836
1734128 285.24334051373376
1735580 287.05943008555886
1737079 282.92834603829533
1738556 286.99949603623133
1739279 17.58013622016074
1740769 284.58928908914186
1742322 279.96204923949375
1743822 283.34335307546326
1745378 281.12304256629477
1746960 278.06375678960984
1748388 290.433926004966
1749877 285.37936435710657
1751362 285.8590689356431
1752891 283.0693729509414
1754410 281.7998538676389
1755913 285.07440393534495
1756439 -27.633270228751016
1757994 279.2673274288551
1759519 279.17286164489684
1761052 284.8467789977997
1762598 282.12666098618365
1764047 287.4861870023025
1765438 290.10881092431794
1766887 286.29771726976617
1768338 284.9404426558596
1769837 283.41219144432455
1771330 283.00819573031896
1772772 287.6435723766637
1774296 282.6429091427491
1775867 278.2272855133136
1777295 284.5264337339798
1778861 278.6676834175224
1780403 282.17498298795147
1781941 281.5977678630008
1783541 272.68469681940945
1784734 90.50939923459575
1786261 282.51053639437384
1787747 286.04250967319
1789188 284.23900476880146
1790703 280.65536727111294
1792155 287.2702971254097
1793635 284.5227836035726
1795082 283.6322551805605
1796570 283.9274415801544
1798066 284.75876782732985
1799587 281.6151023120687
1801131 282.78165494873565
1802585 286.47252878417765
1804107 282.31873327761105
1805555 287.68445449208576
1806116 -11.802043340055832
1807595 285.54170464093653
1809134 283.9419340166454
1810610 284.6339314740972
1812078 285.26067533981416
1813609 283.259239535031
1815139 278.84890851977894
1816587 285.1292020410952
1818187 274.9734892663571
1819642 284.68879316630415
1821051 287.55368943456455
1822561 282.60974878151944
1824047 283.86404505276715
1825551 281.4212447514987
1826996 286.56810259448986
1828464 284.60060901049343
1829924 285.56647801663087
1831392 285.4863218464269
1832846 287.930690832079
1834257 287.442479914368
1835800 279.5991263903787
1837347 282.9095773637927
1838785 286.6763764755452
1840382 279.9062748975299
1841799 119.20188679445843
1843328 281.9568611430376
1844790 287.1168062060255
1846263 283.93070983504276
1847732 284.34492151005213
1849242 283.9248645886571
1850716 286.9786788538819
1852167 284.97780296459473
1853628 286.6899804494477
1855079 286.662986000363
1856543 286.10577452972524
1858012 288.174861503142
1859477 285.9209085059328
1860939 285.3808480668345
1862411 288.5009999006606
1863914 283.71516206163574
1865354 289.5223717530027
1866879 284.3113896968961
1868358 284.5817961017313
1869878 283.2098885622479
1871314 286.6093845342732
1872785 287.5587768617615
1874291 282.67851615232223
1875770 287.57857538349526
1877286 283.0695595513185
1878815 285.5381935114519
1880242 287.7353585684345
1881447 112.4176970673374
1882865 288.7844311381108
1884382 283.69157124467625
1885871 286.6393439295726
1887316 287.7927212401275
1888748 287.4786416868967
1890186 288.26147069223975
1891675 286.9984530485026
1893171 285.1623325625429
1894548 291.1120135451148
1896077 284.7285265173191
1896639 -48.197340082680796
1898156 285.8962798440919
1899751 281.965622930531
1901246 281.5178529498453
1902768 283.00243088272873
1904263 284.5879998684273
1905728 289.2482794578331
1907171 285.10246993897977
1908654 285.1925237180996
1910179 283.2438983849781
1911687 284.13759620400384
1913246 283.5278436039792
1914656 290.60062520058204
1916098 286.3643864796757
1917698 271.6518170249468
1919132 287.1972000920731
1920559 288.8405620872536
1922082 282.8973565056202
1923552 287.98690399407434
1925112 279.8527456289825
1926607 284.06321623425083
1928028 287.088102539466
1929478 288.20637709428433
1930969 287.56008257641014
1932438 286.167550033222
1933916 286.2685902210417
1935390 285.0519484230279
1936811 287.7480973952991
1938302 286.22793928822426
1939763 283.90318707951167
1941216 286.4988079494408
1942727 285.49238663202937
1944233 281.480670615371
1945693 287.9084140378179
1947109 287.8571693628149
1948596 284.62078213763584
1950032 285.3264168996047
1951561 281.74744785521824
1953048 283.55972524460384
1954514 285.2835327280351
1955989 283.89537903495824
1957589 272.133589778065
1958735 111.35934605802174
1960152 287.08014188293987
1961648 281.8449077745215
1963074 288.21583269152507
1964518 285.46696962564874
1965957 286.76420856280777
1967521 281.568480085578
1968952 285.5788030808865
1970324 136.26067303396223
1971794 284.58733270966144
1973277 286.23982374028077
1974724 285.6229769585997
1976156 284.94110895737737
1977622 287.02154692457935
1979051 286.9887516060253
1980492 285.6170452478838
1981935 286.70746263913657
1983416 284.772191559822
1984818 287.7271521127984
1986309 284.2951834661683
1987821 281.1195186105934
1989203 287.13808708757904
1989361 -86.19746206313683
1990813 286.7007443764235
1992205 288.95951797528176
1993621 285.3704210504019
1995055 286.8441874786935
1996655 276.1961957451395
1998255 279.74185183650314
1999671 289.62880829573726
2001209 280.80501582732643
2002708 282.8837817034916
2004138 288.08330660209475
2005608 284.04707565061085
2007056 285.8039160876082
2008514 287.1222738862943
2010042 281.4138533181825
2011582 281.01524938059566
2013075 285.9000608109723
2014636 282.6749810472724
2016111 284.03442661264955
2017627 283.192585164045
2019090 287.52391816920675
2020591 284.3912087896872
2022052 287.7701252754838
2023519 283.58065945016784
2025064 281.867542021713
2026503 286.55737235977654
2027975 286.1139857734564
2029410 288.37853817226653
2030915 281.7850851930713
2032412 282.70968500382224
2033447 79.37787615229209
2034974 283.1469473169016
2036455 284.48883938822263
2037948 285.8733136575231
2039388 288.8120601646974
2040939 280.6499825629478
2042407 283.69433003077916
2043891 285.47259425076135
2045462 280.97928200052866
2046969 281.3328682014175
2048569 254.51119139779155
2050078 281.90549719499325
2051539 286.0270272355914
2052976 286.5355871594941
2054418 288.20668161230793
2055877 286.09789569950345
2057375 285.57203083216
2058269 46.539167654071946
2059763 282.3521776343583
2061233 287.1026467914014
2062732 283.11218617890773
2064206 284.7725310510427
2065680 286.19520730576204
2067183 282.27456625357576
2068640 284.3177867716304
2070149 282.63853988080064
2071749 273.7340653998328
2073187 287.17568110286516
2074638 287.77025978347456
2076111 286.1729110489513
2077568 285.0346931586736
2079081 283.27944507926526
2080517 286.78350275580533
2081999 286.8527081861806
2083386 288.83274341723927
2084813 288.6784104713728
2086317 284.58972203076183
2087783 285.36048014713566
2089190 288.7128248968667
2090645 287.4799338069176
2092189 280.5897004888785
2093650 287.6277721308348
2095081 287.0498411085037
2096522 287.2404951694536
2098004 285.13964211696685
2099456 287.74305055604543
2100929 285.3299351039486
2102345 287.9726886293036
2103772 289.9683626696054
2105163 289.56246741913725
2106560 290.6955684968101
2108018 285.62611167220064
2109485 284.8117873137852
2110882 289.5803247048692
2112385 283.69302884219127
2113822 289.1120397172796
2115250 286.3304667252095
2116751 285.05945806555377
2118180 288.7704248996393
2119645 283.66736682612554
2121155 280.68009969590156
2122536 291.0384520355697
2123454 27.05475623779668
2124966 283.2316716467649
2126512 279.68123021934014
2127969 285.3210833786575
2129465 282.1579218254201
2130935 283.69497637040547
2132470 282.5157223020451
2133970 285.16545094949157
2135570 277.8607913719466
2137058 287.27163518971224
2138466 289.1665038214026
2139879 290.5332843715326
2141462 280.49347921163877
2142939 285.3300640221409
2144321 291.971761861099
2145813 283.1332841831884
2147272 284.76332298267016
2148801 282.3785009334054
2150315 285.54195275135135
2151706 291.02645126654505
2153176 284.8827494810991
2154683 283.5676717271255
2156101 287.54085835734617
2157537 130.12745514703514
2159019 282.76039246719745
2160484 283.91422547202063
2162005 281.53153498904095
2163441 289.4529315391269
2164969 173.89683013878977
2166449 284.069381554408
2167973 280.7504348078378
2169528 281.44270043343073
2170976 288.5364648070272
2172508 282.4128937093656
2173990 283.8954463921561
2175512 281.58015809004314
2177001 285.44105970966825
2178550 282.728078623858
2180054 284.06030497608515
2181530 284.44796405434636
2183053 281.6308528266365
2184468 289.3388125574608
2185940 285.86465125311986
2187439 284.50294587189296
2188830 291.7206714885679
2189764 72.60570138144854
2191164 288.03644743899525
2192661 286.14397436306245
2194096 285.71981027511504
2195484 289.49715380242486
2196890 289.2875275243001
2198430 282.3515657037779
2199861 289.11644508628194
2201299 285.8364768309259
2202837 284.6914333686125
2204195 136.8613638953064
2205586 290.6496625597739
2207186 281.5655911729733
2208648 283.7467929009414
2210142 284.0507590201141
2211572 290.121456048941
2213027 284.84480660018676
2214482 284.8904559434237
2215932 284.8840960714458
2217437 285.94490190324757
2218938 282.92586570486077
2220418 284.447949871208
2221860 287.9152908611664
2223269 288.64696135084216
2224780 285.4178536288402
2226344 277.48682480344104
2227858 286.2403848532406
2229302 286.69010693564405
2230806 283.04455419863797
2232206 290.92103412083253
2233681 286.0335582155409
2235083 292.15277258360766
2236568 284.639211006575
2238056 285.0505132995995
2239511 285.29779498026915
2240960 286.43116613938327
2242440 286.76805689797476
2243910 285.6148709646247
2245331 287.7170946135758
2246792 290.28365354694967
2248260 285.5630189840771
2249736 283.80622357259256
2251235 283.0963220627789
2252704 286.44136485867926
2254237 283.33844551604557
2255662 288.462745956568
2257127 285.8671892390613
2258560 286.6353988625288
2260112 282.0680510527986
2261556 288.9364404036647
2262995 284.6879853351973
2264452 285.8487990573149
2265931 286.65475000813876
2267441 284.89326574542474
2269041 253.94667346335024
2270498 287.11168649545124
2271098 -3.261504163951841
2272563 283.9447060110198
2273989 287.826555526955
2275517 284.55370154648494
2277000 285.6415715360923
2278375 291.87357678879357
2279801 289.8941560195808
2281290 285.65716657650535
2282725 287.7963506596324
2284198 284.76022536906567
2284319 -92.81265359029112
2285791 287.0472790818533
2287224 286.8011337937239
2288676 285.56426672020183
2290048 291.1667792234578
2291514 283.83119475037495
2292989 287.2444720764532
2294441 286.63514408590936
2295923 284.19935327531937
2297329 288.3985059789802
2298781 286.0272555353102
2300223 287.28920098686103
2301667 286.5152365131555
2303077 288.764750241293
2304549 285.09473715954067
2305994 288.14056113492023
2307466 286.4607878669945
2308927 287.2689973955636
2310367 288.99814239811053
2311825 285.8244280971473
2313219 289.8659035702417
2314667 285.29141526548034
2316201 285.0307161992951
2317660 288.2333417194134
2319147 283.326607250497
2320610 286.18626996457675
2322026 289.71984418868607
2323515 284.6607430932785
2324921 291.53102983882053
2326317 290.7529657962347
2327790 286.2684826231915
2329317 281.5217173358093
2330708 289.3061926911673
2332111 288.3558764648236
2333575 285.55846666637746
2334983 289.62085117369395
2336405 289.2705293993417
2337902 284.286852970946
2339347 287.4056783633804
2340841 284.7780836045192
2342291 289.82748032968664
2343787 283.2152401703292
2345216 290.4445333228914
2346639 289.91616956359763
2348063 287.54273211801643
2349487 290.81765762514135
2350908 290.28897953773196
2352336 287.88954169615926
2353798 285.4526643735313
2355231 290.77671461326946
2356699 288.10121855526154
2358125 288.1304360485246
2359515 290.693325525741
2361012 285.09032609574336
2361767 -29.296873406488913
2363146 291.25482435335823
2364583 288.94101187055674
2366004 291.42686570777295
2367476 284.02325180169015
2368972 284.47047669493054
2370425 288.23252631128986
2371829 289.38022701505685
2373283 286.5854424932777
2374714 288.6338020382054
2376224 282.16851147170144
2377616 293.11730654087705
2379074 286.7595351408394
2380475 292.35585679881814
2381898 289.845451699596
2383356 286.59725226643883
2384851 286.2471029083479
2386333 282.72658012200696
2387818 284.04402888936255
2389298 285.16192824132776
2390689 292.9567070087245
2392157 287.896073164734
2393644 287.8438222728836
2395163 284.2668394159494
2396605 290.7637751980511
2397985 291.57232835430364
2399411 290.3523431018209
2400810 291.60939396299386
2402197 293.21191260454344
2402324 -91.56438730743776
2403713 290.1176677425076
2405072 290.7588171248885
2406553 286.8322170381492
2407986 290.7287505832837
2409532 285.08649899137845
2410964 287.81246401925563
2412558 282.4516145634106
2413984 288.90451761195436
2414089 -94.75027453147062
2414242 -92.40761552795085
2415693 287.1044465241312
2417103 289.13565761009227
2417213 -90.65231276694934
2418712 283.52206558181706
2420165 287.2603627917189
2420346 -96.62142195573884
2421828 285.68650133122566
2423230 291.5217951266912
2424681 288.2012149285747
2426149 286.27357214485306
2427557 289.5953646482942
2429018 290.37659259944706
2430436 288.5648649063852
2431851 290.94193993769886
2433343 288.3489466596312
2434768 291.57974369414313
2436213 288.94679728668416
2437642 289.2069836846254
2439175 283.7116119987415
2440624 288.5370310540756
2442024 290.51690825257464
2443469 286.569929658297
2444935 287.44068514600616
2446347 289.714746179461
2447745 290.95900458260644
2449250 288.2022819361446
2450660 290.28049260288384
2452143 287.7374297956462
2453612 284.2764696692933
2453740 -91.03630618969724
2455152 289.918986938601
2456555 289.36795671988796
2456735 -94.69998561583087
2458138 292.81251025619923
2459574 290.6171715900402
2461042 286.9730099532953
2462475 289.7591152906368
2463909 288.71932302296085
2465342 286.9367855916494
2466878 281.59274470795305
2468358 287.92868166117626
2469805 290.37413876098657
2471181 291.5507824246895
2472638 286.6515112638541
2474038 290.4259571506003
2475474 286.33322723429126
2476885 290.962193472135
2478276 291.7954454309147
2479724 287.37512227544124
2481152 288.43129083107635
2482559 287.9963537103679
2484120 282.38160578272687
2485525 290.46798819778815
2486972 288.1885522706958
2488339 289.1713503905769
2489903 279.32671704990764
2491308 288.228331220631
2492769 289.6014036650891
2494306 283.16002975980956
2495766 283.32959258517127
2497200 288.11990026591974
2498641 286.22870818564223
2500013 292.7088290030611
2501484 287.2537751394012
2502922 289.0190249772056
2504345 290.02025786552167
2505726 291.35016715185833
2507162 287.8605219845949
2508565 289.75597625594105
2509969 289.04608957580837
2511433 285.8916693771959
2512974 284.67534333375687
2514479 281.3683707203985
2515899 288.43930833987883
2517319 289.2704311982086
2518719 290.5752948142546
2520165 288.0224909359621
2521585 287.12355926361937
2523185 259.1520102459433
2524616 288.81845843562644
2526140 281.3304715744002
2527534 289.42181972746
2528950 292.4104185079957
2530419 285.01527325469465
2531893 287.6276205936787
2533382 284.96980555925194
2534814 286.60472357959907
2536267 287.5415690841922
2537737 280.9756300343713
2539228 284.8002346307991
2540716 282.21559172950947
2542316 280.7658909548692
2543857 283.7365361200798
2545307 287.58986558281384
2546763 286.1914106685685
2548230 286.229182072033
2549664 291.22444733022746
2551060 290.82832748911966
2552568 284.4447664251776
2553979 290.9727096915259
2555451 286.1410716200123
2556876 287.9856089817032
2558342 287.9657923170339
2559764 286.42225618723967
2561300 282.54457811835056
2562762 287.75676559088714
2564242 287.65919976319515
2565674 289.50161495055096
2567137 286.87395462015024
2568562 287.1473540243098
2569974 289.8571354842255
2571396 290.90940166575547
2572859 286.9888895871059
2574405 282.1600086187107
2575856 288.598054094075
2577325 286.97920331233627
2578742 289.4755776434231
2580242 284.6463068286868
2581729 288.0501181045528
2583093 291.7985796800568
2584626 283.90203542995494
2586101 286.3949884703698
2587567 285.399053294092
2588991 292.1041135690616
2590490 285.66846950536393
2592049 283.08423896698696
2593519 286.2021627284323
2594992 286.40031622240724
2596453 288.21423674104415
2597936 286.34999379102675
2599504 281.10588665650636
2600957 288.72204302573135
2602411 290.64876523431917
2603845 285.96023416718066
2605342 285.01958223251216
2606770 291.45354964967146
2608234 286.71272101947073
2609708 288.2777803046318
2611308 279.23099092728194
2612736 290.6822834294338
2614142 289.56982226575064
2615729 282.1627371379732
2617142 291.9534130260737
2618695 284.95399520395245
2620168 285.8552266867421
2621629 289.68650448652755
2623138 284.1561661499121
2624576 287.89254520623945
2625993 290.40398264818685
2627424 291.8712771904927
2628854 290.3354817534749
2630306 284.79278631273024
2631736 288.58346851931725
2633172 288.99739429928127
2634626 289.0828499546007
2636076 287.59276249419463
2637500 289.0914078755534
2638878 293.96340566339853
2640377 285.62839299243893
2641795 289.55366668136566
2643221 288.9640312297979
2644323 73.5479087661981
2645774 288.37588812214915
2647215 291.80520237030527
2648687 287.6212044000053
2650112 287.6198399779649
2651629 285.49151017936043
2653133 284.1228859668129
2654547 288.7954285546504
2656045 285.5655023783461
2657509 285.20885163386
2658934 291.24274604658666
2660313 291.62580898074884
2661766 287.6904857822994
2663337 280.4388052136453
2664762 289.61644100694394
2666168 288.2558606257296
2667715 282.99549929418265
2668549 40.64468142345811
2670108 279.69383080781006
2671576 286.3993021886928
2673079 284.60351309546456
2674567 288.41691940254145
2675979 289.17013492682383
2677463 288.4302600877953
2678925 286.6891953947095
2680332 292.94308979772387
2681900 279.7174596960273
2683316 288.6602077895116
2684865 285.3543932268447
2686375 284.3560943795156
2687975 268.6054679445261
2689248 138.42780043021207
2690698 286.53829776939114
2692188 287.4245252752489
2693155 88.93333247696728
2694628 285.4992876296855
2696183 284.5568946634608
2697625 292.2717743842288
2698961 295.685924144225
2700399 291.5472913141713
2701874 289.1970155191801
2703346 289.15112801573395
2704330 80.69656541064393
2705769 289.79498281879575
2707238 287.57483382994167
2708705 290.66106405970896
2710159 286.742739915686
2711651 286.17703887255595
2713099 287.9700193061892
2714559 290.66027330744225
2716042 285.64952697646254
2717430 293.0433335902076
2718917 286.17749447073834
2720391 288.65178693463935
2721823 290.76343022661615
2723305 286.68804581781126
2724719 293.70912523560116
2726162 286.7668698527685
2727634 288.11973784924186
2729100 289.33980175175896
2730491 295.29195358192925
2731924 289.11566406277126
2733428 286.5556972603147
2734842 292.65889250426096
2736260 291.254931859432
2737803 282.87752732138586
2739224 291.50344667909235
2740665 287.00896398286704
2742116 288.72492964336976
2743542 287.9570254399537
2744982 291.337385023359
2746446 290.7609031764194
2747917 286.64826810898967
2749392 289.5683407316985
2750874 286.5146916599806
2752343 289.91919819354223
2753791 288.95871682668195
2755251 288.27046609179484
2756673 288.02172964000704
2758162 286.1166101421328
2759586 290.6922713172478
2761081 287.83925181453907
2762501 291.43453704956346
2763944 290.10925885490224
2765412 287.330352615233
2766826 291.60464485465417
2768309 289.0898407388217
2769747 288.55378658352794
2771219 289.01426843854335
2772647 291.40316693296955
2774028 291.6983449420726
2775442 291.51377071803955
2776852 292.64524406633063
2778320 287.39876304605747
2779830 286.54363197999703
2781280 290.37751694782276
2782761 288.3294794721254
2784219 287.84362151455474
2785600 293.06651591062206
2787121 285.5376838902582
2788594 291.2311911779126
2790046 287.6249800274489
2791454 289.62092407839714
2792984 285.0551055149086
2794467 287.4019237132704
2795942 289.8078442943935
2797401 287.43561290629725
2798852 287.0058185900262
2800335 288.744920217992
2801788 291.3599043559289
2803194 292.78744739282234
2804612 288.8776426424834
2805994 293.5940166788898
2807424 292.6198010183472
2808875 289.73956096049926
2810343 286.28195942073637
2811706 294.37339548054763
2812592 54.88152778144055
2814033 291.039986238094
2815581 283.6861756372287
2817021 290.93866309750194
2818423 292.5557663021927
2819880 288.5142195588576
2821358 286.9450049890417
2822868 288.4083709095933
2824246 292.7454950080038
2825746 286.41383942696007
2827180 290.20342985363044
2828595 290.2426218940105
2829391 19.7232533980154
2830913 283.62305977736594
2832389 287.0918399745306
2833801 292.1112611123534
2835317 285.45936691749773
2835703 -44.70550887780141
2837232 178.77730552472315
2838649 292.338326416096
2840036 294.1491480470809
2841507 290.10186100151844
2842948 289.3698611992266
2844548 277.8263590235316
2845211 2.5640993269130092
2846646 291.35297909876215
2848150 287.52891194801
2849637 288.90426975065526
2851059 292.0884534888199
2852545 288.9434607527886
2854040 288.6956527199589
2854601 -6.12939612778456
2856046 288.72431888061345
2857504 288.3900678225702
2859005 287.70225102041866
2860494 290.4054958403389
2861983 288.68474618480985
2863416 291.19748292413493
2864046 2.959114070704942
2865505 291.1573134368344
2866908 292.2570186070738
2868424 285.6657742220728
2869939 287.7997135921147
2871380 290.6483619158934
2872757 292.5940729403701
2874159 294.5793998958899
2875570 293.4661974871724
2877025 286.2867065028753
2878432 294.8589359913157
2879932 287.5974079519757
2881461 285.46337555333787
2882910 291.77225868529183
2884332 289.4758603866309
2885932 280.82836566591664
2887437 289.3933547940653
2888852 293.5267412419196
2890342 286.73699233862754
2891768 291.33053110362044
2893237 292.709330060848
2894687 289.70670798382787
2896166 285.98293235756614
2897632 292.22082998224465
2898805 139.99981533265205
2900315 284.82997381059613
2901836 286.36006332285655
2903277 289.77857918314584
2904737 287.85331705705335
2906165 291.8987974814232
2907583 290.8162633368086
2909035 291.1810988001324
2910411 292.60870742058745
2911923 283.6654920602847
2913306 294.173071480601
2914780 288.34288506959876
2916175 292.02401356006163
2917580 291.4530672442399
2918990 291.9733308216183
2920345 292.5359525413892
2921709 294.19279773190806
2923188 289.33015729261393
2924626 288.2349339730222
2926053 289.9715306734848
2927555 286.8341633842247
2928960 293.07139986776826
2930433 289.0484401765612
2931824 294.0590448738262
2933188 293.1288407685278
2934653 290.4224781926951
2936160 286.0600159171113
2937661 285.2201854520905
2939056 291.6472437790599
2940503 288.78571135514704
2941910 293.49193642831057
2943271 295.1922021774728
2944688 292.66829379832933
2946108 290.6302857851535
2947521 289.4448542307533
2948964 289.9828333275273
2950441 286.07505767985526
2951863 291.25822652219307
2953262 290.84924447796334
2954714 287.92680552141525
2956199 290.04922862686055
2957647 287.7872793360864
2959083 287.3230740814105
2960499 290.8435554578339
2961958 288.4226486620734
2963432 287.8800338173222
2964906 288.6922591606291
2966273 294.4067289751683
2967664 292.2483815404539
2969093 289.0870498626994
2970643 282.6762290783027
2972112 287.6195953592781
2973621 284.7498471274825
2975008 290.79252461924233
2976417 289.30673609218604
2977792 294.01350706665096
2979235 290.4980464938018
2980681 291.40262423183594
2982107 291.78275058480284
2983570 287.75826582193594
2985005 290.5261238147795
2986402 290.19621427333783
2987831 288.992352874348
2989274 291.3857416457777
2990747 289.48019836773517
2992226 287.54269861478133
2993650 291.22030125039583
2994032 -49.72810137152298
2995405 293.92731040429624
2996835 291.38636686940856
2998279 289.2869185608228
2999790 284.11871019257495
3001164 293.75066157916825
3002636 286.04133895467476
3004096 289.96490270406326
