# reward.txt contains number of transitions:cumulative reward
68 -112.79170071446212
114 -115.93745497293025
176 -117.44512455788504
222 -107.69475979162249
284 -116.94834538575573
352 -101.5896657643028
514 -118.70182809341699
606 -126.84892925925863
1409 -164.30257106390872
1520 -99.78691641040821
3120 -115.64816666542845
4720 -102.79628964690136
4768 -115.58081322199355
4832 -114.2473057728908
4898 -111.59175076782951
4969 -102.57889050105277
5059 -119.18345566750816
5172 -109.05019446993246
5244 -108.25564035090362
5355 -104.25224599358377
6955 -111.4810611763459
7053 -121.11549656316777
7150 -123.86919876803707
7211 -104.7125349518683
7301 -118.07249310459942
8901 -110.05284182794657
9003 -119.21089933028956
10603 -103.9136887959024
10662 -112.5246461132099
10721 -106.1980967206986
12321 -99.2952169202541
12401 -102.07624277604558
12451 -111.07384570991124
12505 -113.99790014928766
14105 -108.79439056347046
15705 -108.34771281316202
15758 -110.42185826912336
15826 -104.25626336608082
17121 -210.58290047342285
17217 -114.25555952475655
18817 -97.27586588800344
20417 -107.36752443071457
20483 -103.14737955945544
22083 -116.57753861132348
22151 -114.4414532723253
22212 -100.6503762141134
22286 -101.30295466794105
22354 -106.25107884774792
22421 -98.1810324089285
22503 -106.16229854010899
22545 -107.38035122178952
22627 -106.03471842352022
24227 -109.3060719803285
25827 -106.02705479727321
27427 -93.95988009375998
29027 -101.43387579534597
30627 -87.34959995057044
30718 -103.50074377791645
30784 -101.96778819699274
30842 -106.92007442268543
30909 -116.08263684077048
32509 -90.17242350497752
32575 -106.45631742908898
32646 -106.50027445279434
32721 -102.34915212893455
32850 -113.67469381734357
34450 -94.25410111552523
34500 -114.56791059188545
34643 -117.65587892467902
36243 -99.97094652882923
37843 -86.00948845111928
37956 -99.18216686469317
39556 -95.18134419902199
41156 -85.54597752244143
41272 -107.19813475228163
41319 -111.68051191643875
42919 -83.95572287453328
44519 -91.40886241923114
44622 -119.71314672371062
44735 -115.47795799811867
44810 -104.10934140573504
44860 -112.44631698015456
46460 -95.78605405492695
48060 -97.760726080783
49660 -95.14905483468783
51260 -97.61870166615356
52860 -88.70330420715844
52989 -125.44943230938476
54589 -86.80791730700844
54685 -94.27365221479597
56285 -83.34106252635969
56324 -109.1973665579753
57924 -87.80624207465357
58006 -117.12146998955805
59606 -84.92254631060698
59702 -129.1358531633035
61302 -82.44444709744415
61380 -109.7894000500751
62980 -76.53775139211325
63048 -98.53101531531165
63111 -106.29668796321874
63236 -101.76918609375848
63333 -101.04011251018166
63405 -102.38463152801805
63478 -102.08983594627492
63579 -117.11326029281628
63632 -105.9077830915753
63704 -104.059192031047
63789 -103.57386381894815
65389 -78.59027402904998
66989 -71.11470653060584
67077 -104.07953002993017
68677 -87.14604103414013
68723 -110.90806469451357
68834 -120.90832456586759
68879 -112.1241265699733
70479 -78.33806595281828
70527 -108.73160578882135
70718 -112.5387532959003
70845 -108.85282354719752
70897 -105.92330166123932
72497 -79.36041948222073
74097 -80.191576950731
74159 -109.21859236672336
75759 -90.65407516673126
75875 -106.55486896344213
75952 -108.41820957946342
76042 -108.6740249887742
77642 -80.1914610876595
79242 -97.1377813463239
79332 -105.14793438681339
79478 -101.64881067813592
79555 -105.95701435246754
81155 -81.25102456175772
81229 -102.33370108308084
82829 -90.36886088401629
84429 -87.16253845806074
84482 -111.52483702775402
84538 -110.32589841041963
86138 -82.19859590029516
86234 -102.87603656522681
86337 -102.34757724319088
86409 -102.10071950869201
86499 -99.76762999012446
86575 -104.03901014090935
86678 -104.91054695233454
88278 -83.98487309062082
89878 -98.20844531533736
91478 -82.97577099532907
91561 -101.23327046018342
91618 -105.91740017135814
93218 -81.50618379962395
94818 -69.8554519604028
94909 -122.34832122729469
96509 -71.99714071507215
98109 -74.69529648238638
99709 -72.13913445373215
101309 -67.08039636692935
102909 -68.58749010967861
104509 -69.04369823424732
104619 -101.41741069283802
104726 -103.94714445507464
106326 -68.29765650135658
106390 -99.86376025714229
106504 -102.97206086023525
108104 -72.16141790342142
109704 -59.025135798031464
111304 -62.49812112146638
112904 -65.53226657444164
114504 -69.07511767025726
116104 -65.82143098452747
116233 -106.73918687589777
117833 -58.281928205929056
119433 -67.87263398716412
121033 -61.59639507425207
122633 -58.023382959974406
122699 -104.51742217900915
124299 -57.8410080382519
125899 -69.19430539653644
127499 -55.62121123871865
129099 -59.258165412986614
130699 -56.45031184580426
130768 -97.95195786046361
132368 -55.692234672687704
133968 -55.97931836071862
135568 -56.961517623192954
137168 -59.010712524454725
138768 -51.78170024308998
138877 -107.61410444596348
140477 -59.29964980427606
140635 -101.67265611938325
142235 -56.244985467474294
143835 -61.1720527915318
145435 -59.89887797824967
147035 -66.10212941071613
148635 -64.95396222863413
150235 -56.56256813431692
151835 -62.83945564949701
151914 -119.6671636163021
153514 -57.22187145382795
155114 -63.18535911064748
156714 -66.16212341208072
158314 -60.290655901497246
159914 -55.84655262269518
161514 -56.50006687258221
163114 -63.57879653427816
164714 -54.724220116621886
166314 -56.85406208550658
167914 -51.175264730648486
169514 -53.60234787839528
171114 -68.77297284128022
172714 -51.23578722061215
174314 -53.33553324058403
175914 -51.89370519279811
177514 -50.483057469973026
179114 -58.894779260507214
180714 -56.15414702298083
182314 -46.792858400737224
183914 -51.25681432936319
185514 -53.943911502003935
187114 -47.86826777065978
188714 -46.96685558675305
190314 -45.60512453531601
191914 -45.003785340747164
193514 -47.697833408424664
195114 -51.66500362257909
196714 -47.05896644881533
198314 -43.20233486017647
199914 -44.87887193760689
201514 -42.53297435836059
201605 -100.96930322997396
201732 -102.77835024288794
203332 -34.65916778015533
204932 -36.21591783930795
205072 -109.34425426708223
206672 -45.93562501540599
206806 -100.18098290469125
207036 -110.20349629551792
207176 -108.89802110200685
207346 -101.400697980936
207521 -111.85723188905914
207669 -96.93431807842168
207800 -97.4628749964889
209400 -44.01672129288317
209522 -101.05094219731198
209681 -105.63267488353824
211281 -43.77499754149466
212881 -42.011403495374445
214481 -38.94086012111361
216081 -47.353299730639854
217681 -49.404394589746964
219281 -42.7411961986304
220881 -43.97835691972385
222481 -37.69778882971435
222686 -98.91757243884479
224286 -41.33242017912365
225886 -52.70790130926144
227486 -45.273723961782345
229086 -39.52442679338098
230686 -49.922932864531084
232286 -49.889297805244134
232379 -98.18429398539848
233979 -41.992363459671566
235579 -40.737723337054405
237179 -49.17167358740045
238779 -42.2227781381806
240379 -40.49192148237608
241979 -51.91493249336317
243579 -47.30482242981912
245179 -49.31397076005063
246779 -48.948333909049985
248379 -45.83066423182631
249979 -49.491602603985754
251579 -47.834017352358266
253179 -40.27406298238484
254779 -44.82935489680231
256379 -40.25608150943106
257979 -44.470571245952215
259579 -46.19981153361921
261179 -44.816191556549605
262779 -38.24138240355906
264379 -40.64900704364232
265979 -43.63943772511055
267579 -37.44689881965581
269179 -37.35038382114599
270779 -38.40234514059025
272379 -42.228046648829256
273979 -46.247344447591686
275579 -36.82913084190315
277179 -34.36950097468262
278779 -27.265779202340777
280379 -32.50627669598812
281979 -22.271805325440447
283579 -27.152239967928608
285179 -30.99905527891218
286779 -24.435016759640533
288379 -31.6182834971579
289979 -36.74008128247272
291579 -26.43923528782307
293179 -20.644864816376174
294779 -29.431013988507914
296379 -30.707603893183208
297979 -28.92851480048517
299579 -25.6808803124606
301179 -33.52495329708853
302779 -26.85384668468081
302864 -96.5019104944691
304464 -22.72943391562133
304544 -98.61404452618274
306144 -17.770754629463106
307744 -20.705452373554916
309344 -16.269433354996153
310944 -28.49519234567084
312544 -27.304534920091466
312598 -106.5892122668686
314198 -28.589928658626683
315798 -30.280245836786662
317398 -37.378351330470345
318998 -20.30312602084815
320598 -24.1820998527752
322198 -13.941922934462614
323798 -25.521285341219397
325398 -25.773393074180916
326998 -14.800691206698014
328598 -14.066990589309484
330198 -12.917462432925904
331798 -26.766374060450772
333398 -21.68910217964832
334998 -13.280199723294627
336598 -18.142818807773885
338198 -27.62727414455387
339798 -19.271759156517703
341398 -15.47834285332638
342998 -20.192550773018674
344598 -15.865272675591223
346198 -14.22814709363291
347798 -18.900199929067863
349398 -5.017931051968904
350998 -16.442721209955725
352598 -6.678254679363546
354198 -20.45303701409884
355798 -16.97217859969663
357398 -11.884952079264002
358998 3.375790266003468
360598 -11.873450689989461
362198 -7.323313652207848
363798 -7.6315410135109
363912 -118.54894036877653
365512 9.566029955384622
365584 -116.46750465205747
367184 6.388576345153625
367357 -96.70936685147633
367524 -105.73987991881123
369124 6.485517902292298
370724 2.3493032439661476
372324 -1.592899762750905
373924 10.278756142649152
373956 -107.1815532597204
375556 11.721996531147264
377156 11.23292444702363
378756 0.35908959378332533
380356 7.144854865974444
381956 -1.7971558478648495
383556 -2.8173046526064547
383765 -105.78655643876208
385365 6.57059029654042
386965 10.893158249563843
387339 -98.85119567515267
388939 12.438177268565838
390539 12.39845506794286
392139 -8.968173954754121
392192 -109.63524084173392
393792 9.679035980697403
395392 10.224583427505552
396992 5.637517721037373
398592 3.2897379793847517
400192 14.35488129106476
401792 17.743026325851897
403392 29.35722003468437
404992 19.162049643972903
406592 15.834923792443572
408192 36.38855571591386
409792 24.736651181048547
410241 -90.64149052875177
411841 22.846887220116937
413441 33.31568366813285
415041 9.61195344121134
416641 38.625733913078264
418241 46.06187114015713
419841 53.220161818471034
421441 41.351301938295954
423041 27.07476284192952
423117 -114.37951795942399
424717 65.4327217478373
424783 -119.78020406136474
426383 37.070037458713486
427983 52.55637615807786
429583 38.48384645501478
429643 -113.19632449685038
431243 25.926141398564614
432843 55.8662340782719
434443 39.38247500141524
436043 43.60649154174388
437643 63.2616795609742
439243 57.95187280571425
440843 84.78917412338535
441601 -76.00214809447215
443201 68.58657852188325
444801 88.1371645323827
446401 45.824787105599974
448001 69.0795797986768
448769 -80.63544252003017
448836 -119.87701382617838
448979 -101.98659636480795
450579 70.79247773310604
452179 67.26155708470989
453779 77.70962613973443
455379 62.52041924930675
456979 75.69196539348904
458579 79.40878925568178
458678 -127.04031424022621
459872 -52.043496782962315
459962 -119.21671179138684
461562 85.73473270670158
461623 -111.49703841331849
461929 -91.80449963802968
462002 -115.29492134759016
463130 -52.795566746445346
464730 88.99987245852384
466330 78.8233576241209
467930 80.66422501419514
469530 79.25293839565224
471130 73.69091494325563
471668 -91.02261491084255
471867 -92.43587333698756
472555 -77.29998691523323
474155 69.58983337341495
475755 90.49566271264604
477355 83.4682291784667
478955 57.7102613886279
480555 65.55759582067284
481491 -71.35723093788482
483091 73.32257186748639
483957 -77.30734269180147
485557 82.52018691136385
487157 80.95152867275786
488757 47.16783958278965
490357 78.88690743692464
491957 59.25276010948825
493557 96.1813459855768
495157 93.45451127418333
496757 98.6005884971763
498357 123.61754788032673
499957 102.09494346329053
500831 -40.70659709763032
502431 93.25442302248435
504031 99.60752633353066
505323 -34.08604742971818
506461 -9.794478906928376
508061 125.4135736012304
508470 -81.69116300048805
510070 102.72363888549732
511670 102.1091062840011
513226 8.584671600957677
513947 -55.42342833318316
514290 -89.70099124634203
515522 1.8507253043719203
517122 93.83045580710414
518722 82.93665257029728
520322 96.8252051986774
521922 101.04561366654693
521992 -114.32938720627378
523592 85.72289552546951
525192 103.7799085873354
526792 127.26448455798756
528392 132.6172507058364
528644 -80.93185350392203
530244 87.81004953046936
531844 136.2844249653713
533444 125.62027348225702
533633 -93.15254322462592
534043 -76.72942644865807
534120 -116.55415115665271
535720 140.06683729229934
537135 -34.63021807088086
538735 114.6875196921112
540335 78.6710799896437
541935 120.77139551224158
543535 129.75660063808445
545135 113.14723564067091
546735 120.4377510809438
548335 125.08872458175698
548435 -102.95926749655852
549310 -41.13123369331535
550910 84.14056818742607
552499 34.267537388941236
553105 -52.70467440971799
554705 143.93918999095027
555351 -64.00284195643658
556951 82.41054014788193
558551 135.4029539665783
559444 -38.88838405045256
561044 146.61461990063395
562644 109.5636598192379
564244 119.65837411599423
565844 152.14281981467852
567444 124.12677244847144
569044 129.0764395429903
570246 -30.56651896607221
571846 121.37525712942913
572511 -60.744079833557905
574111 158.8509201387274
575711 142.70072707341055
575876 -106.4261415906325
577476 114.93851886750018
579076 109.44446078679208
580130 -42.03103345352036
581730 142.50021600503433
583081 -9.664472142831258
583872 -81.39498567749806
585472 126.78562961180255
587072 139.38385280925831
587613 -71.62260847788795
589213 120.58983510163604
590425 -45.63902706965178
592025 117.75610443542664
593625 110.38133866384716
595092 -17.261493095281125
596692 127.5666686020265
598292 114.12450438933156
599892 147.11402929364417
601492 122.00082088229817
603092 102.7638316422627
604692 119.81425713159067
606292 124.80053475165795
607681 24.36157752702158
608837 10.330705434133662
610437 163.82656960847183
612037 163.24585932701532
613230 -0.6379642548250501
614830 157.52894192515163
616430 141.20310968692723
617390 -37.1605739402531
618990 162.59220637033354
619086 -99.75695859080615
620686 154.89374294896908
621164 -67.53398161758048
621706 -55.63539193073657
622744 11.867902946079923
623015 -90.46065980566604
624615 180.4942698794927
626215 156.25715923554066
627815 121.99746532176373
627885 -112.73477189525342
629485 136.03163236871492
631085 140.76570046537447
632685 96.03844302860021
634285 90.66408618593876
635885 126.31124321981223
637485 128.08100087135793
639085 139.96697803695125
640685 170.28631065375015
642285 161.52045352303577
643061 -67.86670373648086
644661 158.59188357935452
646155 71.52826366989504
646502 -66.51558458747964
646686 -85.79245154376888
647404 -27.25287126224893
648123 -40.868479251379824
648418 -76.26267291167005
650018 183.12461696384682
650509 -78.96309935914289
650576 -114.41081374569795
652176 157.62338847105667
653243 3.3941952849837236
654843 150.83885370243806
656443 125.72552988846192
658043 157.434708278861
659643 189.73375991170522
661243 149.02767946430356
662843 192.31035975860544
663296 -52.14498289676013
663420 -103.97300192548956
664825 49.38012082715491
666425 150.46352539433585
668025 140.33586231158296
668485 -90.20128196866716
668680 -99.33328656400741
669142 -62.7379947581912
669710 -48.49802831961634
671310 155.7219826079762
672790 60.3827266376766
672881 -110.22576583078504
674481 117.62531230103677
675679 -3.5411816310752187
677279 132.30971939472965
678584 -7.643066084306582
680184 116.74755380145602
681439 5.992061585958652
682587 8.567855404083446
684187 147.3664073897373
685787 138.37200488642213
687387 143.24792852080492
688987 134.31267742034188
690587 165.40362483600225
692187 171.41834990207394
693787 142.30446155022034
695123 -5.549699675344058
695352 -83.73632650946641
696952 151.34765448647593
698552 128.46831969166286
699637 -2.6613827919277497
699933 -80.58839567842335
701533 153.31724600176025
702510 -5.636923561029306
704110 158.45704416485265
705710 169.71652730907786
707310 137.02521909530444
708910 162.3335067965002
710510 161.47249399421503
711650 -0.9043753622943171
713250 171.46810144446232
714425 48.24944053623477
716025 195.73901258641112
717625 159.7613701666546
719225 202.31806925713184
720825 192.43025184843913
722425 201.9370197269015
724025 202.29362905664166
725625 187.6394512958138
727225 182.3633166732888
728825 211.88390383343574
730425 213.12227643971195
732025 207.52058817373117
733445 63.99003341691861
733541 -97.59866814517416
734501 9.962751124290051
735733 28.348929768204727
737333 164.84224881228045
738933 200.8905336179663
740533 188.26166899448057
742133 190.61651550235214
742613 -58.13400918035676
744213 194.32871223799438
745813 171.76316152954038
747413 198.63339711262466
749013 198.69218976236075
749091 -113.02584951768691
750691 214.39184137816727
752107 78.2031795728966
753707 195.59254880107167
755307 193.13868313875471
756907 190.1128401430867
758369 88.93288267925078
759969 150.0344009808606
761569 184.40710109912936
763169 175.52434920015125
764769 182.957420854021
766369 197.46802230783535
767601 73.84749925264194
768205 -24.48820722981729
769805 206.1537645796714
771405 194.68573380132662
772749 61.98640870263037
774349 215.30125235400897
775949 197.17165434395707
777549 212.93212765752395
779149 187.96735113082065
780749 211.71257192044826
781817 -8.281467273181988
783417 208.3324903170154
785017 188.55479444714592
786505 69.29131699783358
788105 225.67803025259425
789705 215.46807333143425
791305 227.56928938903476
792905 228.66563395035647
793790 -13.217956898958107
795019 77.57320645948326
796065 55.120247854494096
797665 225.3710816090689
799265 231.28773233525777
800416 8.509240312097589
802016 230.40800503450504
802241 -88.52390112814277
803422 59.70663149654365
805022 218.76432828519498
805406 -68.47715609172485
807006 233.34192634604943
808606 201.43367909905973
810206 228.32465442235645
811806 216.63211803660337
813406 214.21911674523477
814061 -34.77156550718156
815661 200.63439202423166
816016 -65.82845935133847
817499 120.491778890103
819099 242.81522842539624
820060 23.94859950736236
821660 224.69013002538782
823260 148.92573059679836
823820 -28.31664605125978
825420 254.31333260630407
827020 256.2273484117193
827864 27.107033945561724
829464 236.13052500096595
831064 240.12432772140664
832664 221.24948274947616
834264 171.2041132102675
834532 -76.8363635891527
836132 234.34629634636
837732 203.48939059846862
837803 -101.6371349183203
839403 213.46514657248562
841003 234.27788216830473
842603 228.15182883364392
844203 158.11013223697194
845803 207.05885225810778
847403 211.43489808414117
848232 -21.292628393104835
849832 224.86608143069938
851432 218.85028607484247
853032 240.63140726852134
854632 227.1620993967705
856232 220.9065084356407
856757 -53.377282400798144
858357 234.55287557362482
859957 170.94224538011986
860021 -104.73883096209231
861621 231.17201931979363
861994 -54.98152233524931
863010 -0.3209554152331151
864240 92.08877297081966
865840 222.13334914997898
867440 217.9490268123071
867511 -108.56758874766622
867999 -46.326391115251894
869599 209.99579990407472
871043 109.12192257839115
872643 221.39597926850632
874243 243.90213523716812
875843 212.93555866067805
877443 221.64079300754747
879043 226.58018074430453
880643 240.2035968904298
880998 -69.76584546918235
882041 33.76683228522725
883641 218.453058764958
885241 154.78721515238712
886841 222.256472705606
888441 222.28751464058337
890041 215.08470612184902
891641 201.28021838254696
893241 234.71786201227675
894841 208.9272499992425
896441 241.577222647542
898041 222.98276181356272
898588 -34.696579989292985
900188 259.0987206149003
901788 237.12015023693206
903154 67.55126975999522
904754 234.7867150659861
906261 105.12167795692312
906386 -97.65715230229932
907986 237.67181597262427
909586 217.66642533824896
911186 216.20797457562787
912786 206.31409269324985
914386 238.97378528097536
915237 2.4488832099929
916837 202.59865486111894
918437 228.3469420790334
920037 208.9901594762931
921637 235.89334581080095
923237 213.1363530525747
924837 246.3814253172041
926437 263.4886186566126
927291 29.143583115287157
928891 222.1794191954265
929972 39.495501163734616
930741 -4.560574107892236
932341 227.48051500560953
933440 40.39635868560916
935040 215.1775517089716
936640 239.95548099700255
938240 238.87932409978123
939840 180.6973424832294
941440 236.46646239011122
943040 247.98155039212983
944640 244.83248053142816
946240 218.4214127878987
947759 116.17054677241836
949359 211.52954367149212
949757 -59.32502427593744
951357 236.04823096089768
952957 213.11491874903555
954557 240.1336583027627
956107 123.95722714003392
957707 222.67688450741292
959307 224.81411162413886
960907 215.7278275550628
960976 -106.68092718613084
962576 219.97440024294195
964176 206.12838474413851
965119 10.97818557480764
965776 -19.48155254030658
967376 242.65567055996112
968976 230.15426675376133
969150 -91.10588495485237
970750 175.88546503792637
972350 212.11157744083775
973950 215.37768109402828
975550 194.73592025205312
977150 208.97640670356023
978750 233.62334608491872
980350 225.23662991288757
980854 -47.10890001948115
981561 -4.678862690645005
983156 75.49817141502896
984756 244.23106371895528
986356 253.17084844146882
987956 227.42838555505577
989289 73.63567707733304
990889 253.67338624878877
992489 236.9551457367416
993299 -16.47991364962367
993963 -14.763833800729387
995563 146.4043505203039
996706 43.89893334953351
997309 -36.6646729044433
998213 6.249776522035376
999813 217.4759226798773
1001413 221.4367220111997
1003013 234.3921544029096
1003429 -65.24234540553203
1005029 248.10440231992936
1005744 -0.38714006041240623
1007344 238.83762960306385
1008214 19.901684602219675
1009814 218.96471742122313
1011414 230.1062288726412
1013014 239.99294067941895
1014614 205.82768186052397
1015125 -44.173148255670746
1016721 114.99804086366078
1018321 243.35657716826356
1019921 236.3485048127503
1021521 221.1848073962859
1023121 232.94602838355718
1023762 -32.20930914362903
1025362 194.95221361549952
1026702 99.48282764309201
1028302 227.28082756451724
1028640 -68.0951046811373
1030240 214.71632972470067
1031840 198.81328540734975
1033440 256.6659643749845
1035040 219.584811402617
1036640 251.43835763630227
1036708 -111.03507550592411
1038308 216.65230322443367
1039908 224.25068162625706
1041318 126.27186098640681
1042076 4.369504995906283
1043326 85.95292975919045
1044926 226.8472459781221
1046526 205.06375597402626
1048126 218.38198081817663
1049726 239.6511116974362
1051326 247.67345957536386
1052926 209.60658596054768
1054526 226.99759866210283
1055623 38.38381386972867
1057223 232.9274370915103
1058823 216.8456716742836
1060423 229.72017008040908
1062023 245.9565455884647
1063623 247.84931074478393
1065223 234.04144245012358
1066183 44.9362043422891
1067620 101.71474612678685
1068162 -32.922670335132025
1069762 244.50590170583192
1071362 220.05540598975054
1071744 -53.203401348112166
1073344 227.16588792817998
1074944 226.93742460234225
1076544 237.51324205257026
1078144 184.98460339287325
1079744 227.13098603920741
1081344 243.02409474638048
1082944 257.5188336896272
1084544 223.96203427243037
1086144 231.28210181801273
1087744 230.63234696505404
1089068 82.63688843274588
1090175 56.09909836029027
1091775 215.78677215463352
1091875 -114.18120954920724
1093475 225.16747390248054
1095075 227.13759183676464
1095554 -48.4416559401217
1097154 253.8826069701862
1098754 220.03145488213173
1099787 39.966844939448436
1101387 228.79443892659916
1102987 208.61709094557045
1104587 212.8803829823674
1106187 237.86768009773823
1107787 217.45030387196442
1109387 215.54370819102692
1110987 238.0351481945818
1112587 257.2625171131901
1112967 -59.194071032479414
1114567 245.75910924486976
1116167 219.79866427003205
1117767 244.85824562160562
1119367 205.52127239996815
1120967 206.5780645626467
1122119 59.736866938590964
1123719 228.29546186023305
1125319 227.7224544667392
1126919 246.23735972483226
1128298 86.20987568906958
1129898 230.5747418411225
1131498 235.9018976091007
1133098 234.38671081295325
1133709 -24.269556156391317
1135309 213.46784566384306
1136909 247.14802477304846
1137752 26.407859579761222
1139352 264.0004775421376
1140952 239.47163856264584
1142552 240.02448330437883
1144152 207.97932181870976
1145752 229.52594356358134
1146808 54.904223701548034
1148408 238.9499584760834
1150008 225.90248116314436
1151207 64.67025642871266
1152807 236.69225418439842
1154407 229.60066292939226
1154945 -57.519005760086735
1156545 245.2918821590631
1158145 253.122830587248
1159284 41.97672766710937
1160884 224.44614912778914
1162484 210.09875342274327
1162710 -73.61728937804885
1164310 218.0111178667913
1165910 241.63197810656112
1167510 221.68323435405645
1167806 -69.21983118303055
1169406 259.8793189833363
1171006 236.04665682652654
1171977 11.460954988943627
1173577 255.03723809185624
1175177 237.40412791290314
1175888 -19.99879058787107
1177488 229.2836508173229
1179088 242.55562256995594
1180363 72.39775494822089
1181963 239.67982757957245
1183553 127.89978965318258
1185153 232.01986191107116
1186753 230.01477624940068
1188353 232.68535065589725
1189953 233.3157825449999
1191553 210.3058338703693
1193153 204.41333531966512
1194753 219.78501134461044
1196353 218.03670229188134
1197953 211.43571460116095
1199382 105.85062590718957
1200982 236.7441517245645
1201055 -104.69642147528877
1202655 244.38311635498079
1204255 194.70030354585128
1205855 233.63618909055862
1205932 -109.16035274917819
1207532 227.20229095469062
1209132 239.99444729152668
1210732 236.32007695852045
1211739 29.91313145769442
1213339 235.90932280022437
1214939 259.86185574685635
1216539 224.50916244246383
1218139 264.58612885896696
1218431 -68.54126459619029
1220031 243.39327817982692
1220917 24.639759230617358
1222517 236.64800114196848
1224117 238.247248980635
1225717 243.04392068040676
1227317 250.5927046108944
1228346 28.958852739411412
1229946 246.25775524902198
1230354 -59.42716750857668
1231954 246.14786970797564
1233554 244.1697765196586
1235154 245.45913437453086
1236754 227.73822813213124
1238354 252.85972500373938
1239308 43.50638121986384
1240604 86.04186923883526
1242204 231.46820909959112
1242664 -44.6833933673219
1244264 233.8815646063674
1244331 -110.88975881934725
1245931 255.9668411651291
1247531 231.60121005424415
1249131 261.84990915213456
1249535 -62.27080940335768
1251135 236.4976623948033
1252735 247.17756541436484
1254335 251.66239368311005
1255935 206.90460274046305
1257535 205.33318376815728
1259135 196.98775701290995
1260735 233.86482186251195
1262335 222.13876863375273
1263254 11.304325117042382
1264854 253.37406613945967
1266454 251.54577970031394
1268054 224.51334934939948
1269654 238.77869741744615
1271254 233.49456378839278
1272854 250.3246957947654
1274336 115.79134031157389
1275936 234.65560164029253
1277536 239.4707109428485
1277846 -68.68982104097432
1278912 31.77899223667825
1280512 235.78778976221358
1282112 237.50269860400542
1283712 240.77575256825676
1285312 223.9342127506376
1286912 205.19585812560155
1288512 241.9489219052482
1289519 2.206365398165559
1291119 233.43401774453707
1292719 252.41820232040845
1294319 244.74396941762723
1295919 227.94794582869395
1297519 249.8276653936616
1299119 240.12805827884708
1300512 65.35856606684962
1302112 244.440546898421
1303712 218.4608510618534
1305312 222.42889981279623
1306912 236.01919163531113
1308512 238.99322647178255
1310112 217.0078694492142
1311712 252.36807981434364
1313312 263.4194270537759
1314912 262.36797910078405
1316512 260.74174869627745
1318112 242.97910512230078
1319712 235.50991271352623
1321312 226.88393165619203
1322912 239.88349568031583
1324512 244.6492954659756
1325160 -9.8029446866731
1325450 -81.64312473155836
1325517 -104.90427198952436
1327117 241.8291632071866
1328717 263.0532297810394
1329235 -21.441609188244357
1330835 269.2369618342287
1332435 243.45288513460392
1334035 245.6613726250123
1335635 233.51659885119977
1337235 227.47451718894837
1338835 265.5367266654637
1340435 240.66284815683022
1342035 257.1407407278933
1343635 254.78435872926505
1345235 237.0948684997148
1346835 258.4840239921485
1348435 189.79786954754692
1348503 -109.32228817004028
1350103 205.17252368914515
1351703 251.25009380874215
1353303 251.89787109204389
1354777 123.30661672366534
1354862 -109.72876135379899
1356462 250.89736537230613
1358062 242.7748124525224
1359662 241.127507586103
1361231 268.32770445868806
1362831 232.23582620404403
1364431 251.98346989740358
1366031 228.02044521357436
1367631 226.2628990092888
1369231 243.48265233469945
1370831 250.26202149909244
1372431 247.6652238157413
1374031 242.80849867464798
1375631 238.83469497381228
1377231 232.15224361587093
1378831 219.946509404914
1380431 236.77394545574876
1381024 -17.554162775174206
1382403 86.9121180893012
1384003 234.29728456851194
1385549 123.07644683897439
1387149 236.02190339298656
1388749 249.18821636304625
1390349 246.7453654497986
1391949 250.58697839713932
1393549 253.7917182818592
1394451 8.632989587111425
1396051 241.29415482622179
1397651 234.6819700329908
1399251 216.5488898777446
1400851 218.30084487592254
1402451 242.45792565518948
1404051 186.8827466408222
1405651 231.1426116470377
1407239 271.3304157814196
1408839 267.32223669642116
1410439 260.4244624943343
1412039 226.2107596278704
1413599 146.0998265588264
1414226 -13.343919367605437
1415801 270.4772891234399
1417401 219.57533440473887
1419001 257.226989748817
1420601 245.9502313536294
1422201 239.90981351590358
1423801 244.84336993450256
1424029 -82.88737424450957
1425629 249.45242619858965
1427229 250.4703270706064
1428034 5.284433145141307
1429634 265.6296188918079
1431234 248.45560616084538
1432797 271.53073227007155
1434397 260.0854007013596
1435996 271.59139684913964
1436069 -110.96008622255005
1437629 273.6266392361095
1439229 267.31442948060436
1440829 258.4178709292278
1442429 214.0767007549554
1444029 247.3206639427687
1445629 240.48990847900782
1447229 257.9506009000585
1448829 261.39967619042466
1450429 229.47730390048875
1452029 269.3009926696204
1453622 267.4691020152509
1454094 -36.4187548225044
1455694 250.3670446571055
1457294 263.18939213715885
1458894 237.73645638400518
1460014 58.76422870365755
1461614 263.7121838377238
1462931 91.59946108769097
1464531 251.06969185844835
1466131 232.1772596507082
1467731 245.7534421190996
1469331 243.60040052411276
1470910 272.0844750199472
1471373 -48.067575182174835
1472973 252.4869296426444
1474573 264.5196970749891
1476163 271.12646225849676
1477763 240.3630395135392
1479363 263.4535216608772
1480582 106.69980594533018
1482145 271.8315609951884
1483745 251.45006123567293
1485345 243.85677892252764
1486438 64.88723686805446
1486701 -73.59534272333636
1488301 260.99343788456054
1489842 274.297979437191
1491440 270.7226936047337
1491669 -72.3579259623581
1492331 -4.094238044470558
1493015 -27.472407250727528
1494615 239.68533286176316
1496148 275.10963939567046
1497493 128.27395007909143
1499048 273.61928753206917
1500648 254.39983987841953
1501527 23.666168798974354
1503127 269.20977949762204
1503281 -92.68773753200905
1504796 129.9085746546772
1504871 -103.6955039545397
1506471 254.49165595281372
1508071 218.45922380102726
1509671 242.84155582119013
1511271 259.2916181813516
1512831 271.84350924874525
1513622 7.522407023256491
1514659 47.54911277742849
1516259 232.1871446223573
1516871 -11.079310035735219
1518471 256.95568463475644
1520071 250.17804518561982
1521671 259.51748696425744
1523271 240.75454716103596
1524871 263.2434156834147
1526471 258.1891971353888
1528071 225.63204541424406
1529671 259.298789137648
1531271 244.8439514876931
1532721 134.79404331356855
1533006 -78.98886832668325
1534112 58.18293316685194
1535404 16.35045266514517
1537004 230.82140185682823
1537512 -34.569697239328846
1539112 235.31025976093872
1540712 239.930256859995
1542295 270.93759231861776
1543612 102.08176347154566
1545212 254.2873954698581
1546812 271.61242680165765
1548412 259.5821240116222
1549222 23.750899423021423
1550337 53.91563361063098
1550407 -105.4267549724138
1551692 89.64295528539088
1553292 261.2865132859363
1553620 -62.36440617372036
1555218 272.551035991063
1555507 -77.32490017580083
1556927 122.80255490938694
1558527 266.8554486485884
1560127 259.1660411057635
1560830 -3.508784979321348
1561259 -41.80801166430863
1561671 -38.29082732037574
1563271 250.74272351631026
1564796 277.052755585544
1566396 260.77877257252305
1567753 104.59197957567795
1568017 -74.1693554192651
1569584 275.5193687158932
1571184 239.52955437981677
1572784 242.95761694969653
1574384 255.05666009523063
1575984 265.14729226679475
1576825 44.075880376505836
1578425 268.97455063762743
1580018 273.0367936068839
1581618 257.91873453911876
1583218 261.3010462754913
1584155 13.822425763834715
1585754 270.08028080936015
1586749 55.48224819150431
1588238 128.7911904577514
1588573 -62.84836405682563
1589988 129.43453821299013
1591588 247.059176521347
1593188 271.66932618555717
1594594 82.73203255775283
1596194 243.3585617145643
1597794 263.81846335645207
1598534 -4.165761301099607
1600134 272.7434130459764
1601734 273.01493768713556
1603334 261.77341784684154
1604407 71.58253660640938
1604483 -108.09721354972075
1606083 245.6824256540845
1607683 270.79698208151325
1608373 -10.623581601616564
1608859 -44.940602244197024
1610459 249.13139587341868
1612059 253.218153614854
1613659 254.24527736348674
1614262 -6.455529200620916
1615816 274.0105954814049
1617416 252.66933564815744
1618630 90.86347425874598
1620230 241.4732528056642
1621108 20.829486207665596
1622708 241.35547978467667
1624308 262.9104164409959
1625908 241.97804719776013
1627219 88.75498544952134
1628819 260.8377927012485
1630419 256.74394396366205
1632019 243.387537532213
1633426 109.23833287467934
1635026 222.3348372156196
1636626 245.29683971309169
1638226 237.24050906699597
1639164 9.696318301442332
1639987 23.777734690950496
1640535 -39.870928576317915
1640946 -37.42864519099953
1642546 257.49256220087574
1644146 236.2784944041662
1645286 67.92815518180447
1646886 234.6519860858848
1648486 227.5964333800134
1650086 262.77047669467123
1651686 222.82124558457048
1652563 24.40487547668873
1654163 251.88288981469702
1655763 240.6164111295613
1657363 203.8396547860948
1658963 210.8763285605591
1660563 233.06799924288194
1662163 252.31040019745737
1663763 220.81863561253817
1665363 250.5457315986794
1666962 272.09724029750527
1668562 240.37614240587152
1669282 0.9127215342006281
1670882 261.94932192257795
1672482 183.0832785610623
1673986 94.41746100732917
1675586 261.27617159331476
1677186 252.33677023193397
1678786 230.79472233863837
1680386 223.92216233028074
1681986 230.87096561063515
1682116 -97.3362583218074
1683716 253.80470372872023
1685316 256.4815564208494
1686504 80.31922678336778
1688104 233.62704757314214
1689704 233.64465003816747
1691304 261.8200869665373
1692904 261.8676271676481
1693811 31.111403543115046
1695378 279.1168186286223
1695847 -63.21757251489012
1697237 116.34743946310303
1698837 262.9829619056751
1700437 241.8312859280359
1702022 109.36730022165929
1702294 -70.48476140290934
1703894 241.07174995035564
1705494 240.48725186324094
1707094 263.06992594833423
1708694 221.80900342825046
1710270 116.3587406063572
1710902 -5.608592304820192
1711335 -51.988532174826915
1712935 248.42427474791674
1714535 228.49999680071906
1716135 265.9700911042192
1717735 240.70871553921236
1719335 250.16398964308507
1720859 123.41536263713138
1722459 234.84909628257154
1724059 215.69537614973316
1725211 52.70820533979551
1726811 261.6872934272884
1728411 260.9723977784991
1730011 265.51078464274843
1731611 265.8841220688558
1733211 264.82085729979445
1734811 226.67688685603923
1736411 243.57837039994968
1738011 245.7366350126131
1739214 96.27890988218095
1740770 275.7654999368992
1742370 258.0777296489823
1743970 243.98070653196953
1745570 231.32974981371302
1747170 259.4061612228352
1748770 194.31995504129426
1750370 266.6578044302453
1751970 253.49297093014917
1753570 248.29779040956402
1755157 275.97795273433826
1756748 273.95112361577554
1758348 251.94371294947766
1759426 43.80323460167432
1759780 -50.736640888857934
1761265 118.93956781066515
1762865 268.6720903309573
1764465 262.80498341533644
1766065 217.20674912187047
1767665 247.22871998380745
1769265 260.9488848511229
1770865 238.1266202225798
1772465 261.328342874897
1774065 233.64524249619936
1774144 -108.29801848717965
1774287 -88.43234349737006
1775887 255.7345852120896
1777463 273.22130875899
1779063 228.08188843453235
1780663 235.21752548942467
1781186 -9.595307769913532
1782786 258.014542002158
1784386 236.52426203608175
1785986 253.7885821868089
1787586 246.16069272461786
1789186 272.69156069403243
1790786 232.29388660697393
1792386 269.7396035207672
1793986 253.87242193576805
1795586 238.63919094148912
1797186 240.9367334193119
1798786 268.1604920355233
1800386 257.9287892268684
1801986 271.4551463082617
1803586 257.8086326481571
1805118 278.4898111333483
1806718 249.40366949433752
1808318 238.3535949706322
1809918 263.79000392734923
1811518 264.9499309560243
1813118 264.0901975221158
1814718 272.37751977948943
1815535 28.786988049247782
1817135 252.38393354148403
1817956 11.633214468244859
1819556 248.93067717519358
1821061 277.9133630222311
1822661 249.05158820194035
1823929 83.0040959532173
1825493 275.1384557026876
1827093 253.69479089945696
1827336 -74.43348665972985
1828936 264.7158623100388
1829796 22.017450629688796
1831396 272.7488467056931
1832996 263.23519572429075
1834596 250.50987437678168
1836104 279.7735856220047
1837704 207.05719727637052
1839278 275.6563030378939
1840878 270.4823657997038
1842478 247.85333009463508
1844078 268.9808867534193
1845625 277.64929104126696
1847225 254.58963773012118
1848825 256.7626561964078
1850425 228.42306524123586
1852025 250.7243235082828
1853595 277.1233916588117
1854727 84.6640257859948
1855991 88.35940799670831
1857031 65.12623750082264
1858610 276.3642857750115
1860210 273.2960376932936
1861757 278.7408661809887
1863357 268.0607927592039
1864323 36.19183973085765
1865923 228.6693762161003
1867523 240.0764082950514
1869061 274.8753217221513
1870660 274.39335285838945
1871112 -48.69689186530748
1872712 261.31894619084034
1874312 259.92479331802036
1875912 235.597223065533
1876799 41.431873309257156
1878399 255.06502290542696
1879999 239.2457219377748
1881599 225.87631743130743
1883196 274.42474917743345
1884796 254.45136458932424
1886396 256.22136519826034
1887996 251.88972263649185
1889596 247.46615838791976
1891137 112.97917064055807
1892737 255.4068407587328
1893515 19.33245941251947
1893964 -41.12157020480247
1894771 16.505689237007104
1896371 270.69925246425663
1897971 257.30654592871156
1899571 260.74955949905495
1901171 257.25093851165366
1902771 236.88082952151575
1904371 263.024842453194
1905971 235.56547556037918
1907556 275.5885795267365
1909156 230.7918976873178
1910756 254.61715994466599
1912356 265.40504755916606
1913956 258.1901340987068
1914916 48.052172976997696
1915507 -9.534959762655205
1917100 272.8535981145557
1918700 219.9090175134592
1920300 252.13349827042606
1921900 260.4080750401618
1923500 251.37429888983635
1925100 237.28517273569608
1926307 82.58017370072182
1927324 31.479384082526565
1928924 269.8623326486415
1930524 255.75561313020503
1932124 244.7653742756581
1933231 74.30942030610117
1933474 -73.69988032345475
1933897 -47.06677916539897
1934437 -21.724101516376564
1936027 162.12716187348718
1937627 266.1055027135663
1938396 3.982084996716992
1939996 251.34577669327322
1941595 274.11310206052264
1943195 255.42406751093733
1944795 238.2771189219294
1946395 247.9735654109073
1947030 -24.523194556857177
1947282 -76.13541147403295
1948882 244.78642484416042
1950482 269.98662995375855
1952082 230.68083010652856
1953682 251.18581229630195
1955282 230.92716814212594
1956882 262.1919161146051
1957812 19.72468939349622
1959297 118.77363899450941
1960854 277.75975791640934
1962454 233.92009884780944
1964054 259.25471514820873
1965654 266.2544444008827
1967254 247.4457865842173
1968854 246.6720322517282
1970454 222.05052857322937
1972054 260.22853933369777
1973654 268.57993820499627
1975254 258.5648390463227
1976853 273.9814927749667
1978453 256.3581556490039
1979984 276.42390430562875
1981334 110.27963938472644
1981711 -57.989239145376395
1983311 266.01175541911954
1983807 -21.171228873825328
1984605 20.662585579388235
1986125 148.87377811985183
1987725 217.6753344239611
1988559 19.488078859133836
1990115 275.97229594157994
1991715 259.72952429211716
1993008 89.63019392850623
1994608 265.0220055684731
1996208 253.23985443052013
1996848 -12.193881436736248
1998358 280.8150038485614
1999958 261.87208531074623
2001558 264.87828888731576
2002926 83.56332041372352
2004526 267.52253995823764
2006126 263.476041448896
2007726 243.90692888605759
2009245 275.40237480673784
2010845 251.16033985951495
2012445 268.40177129090256
2014045 259.5650691761678
2015645 221.40958206706523
2016773 72.75225154463888
2018373 262.4415533073061
2019973 258.1272795519423
2021572 273.48619546080425
2022537 40.883346532874356
2023691 72.54046110803901
2024367 -0.5842659468111293
2025967 257.33737507182923
2027515 272.1002822365669
2029097 275.0694576924246
2030697 270.31159882025753
2032297 246.90068412489944
2033897 244.26150867826647
2035473 270.9314096519474
2037073 238.5979005340417
2038192 29.839583723983594
2038968 -11.959507810764094
2040568 255.29749519170872
2042168 269.9029236149882
2043768 259.96871106770175
2045368 258.8115556806165
2046968 251.41332073336568
2048461 123.37015263622482
2050061 264.55452066794567
2050326 -75.97757468333035
2051926 268.0684205193767
2053526 259.1458594855116
2055126 258.4623387525879
2056726 260.8018121554062
2058315 274.0491890104487
2059436 65.94101690890582
2060607 78.76425569809683
2062195 272.1685726098146
2063795 247.4829658671005
2064804 63.25074746041864
2066370 275.2860158059995
2067970 253.03597359004158
2069570 257.1888146949608
2071170 247.1596072603497
2072770 255.56351511198173
2074370 249.20402794724342
2074774 -48.05066210687036
2076363 273.31049539252496
2077963 246.23623656410211
2079549 272.23793428887876
2081149 258.90627505166105
2082749 253.35714097710837
2083657 7.411461814539123
2085257 262.9294910431238
2086857 237.3562961830524
2088455 272.8067715478267
2090055 254.26154820918305
2091655 225.779834233968
2093255 263.6584122352613
2094065 30.724498246082334
2095631 275.6661529836373
2097231 262.2023647774498
2098831 246.17844989183808
2100431 234.1266307981475
2102031 254.26792277846354
2103631 275.9598628594153
2105231 270.7682260727594
2106831 242.97075970308137
2108431 247.2475264828694
2110031 268.35831478480117
2111631 225.46219660356914
2113231 195.3158927066953
2114831 266.13316296720416
2116431 233.3705788901266
2118031 223.59777140041496
2119618 275.49715999229505
2121197 274.79356729222985
2122797 232.84286235165186
2124386 274.0974271800922
2125986 225.6296431184664
2127586 247.21790965589
2129186 237.12204255287006
2130786 258.79983164624934
2131430 -5.086010391067759
2133030 253.32446750414906
2134630 256.0315244305724
2136230 262.2147840143357
2137799 275.22538505230193
2139399 257.05817174780645
2139777 -46.9818562625665
2141377 246.9358961084297
2142977 256.3338919493915
2144577 248.80151164017562
2146177 256.98884900560654
2147777 246.38930553571296
2149377 251.5578891718247
2150058 -6.202942977370682
2151521 104.0815297421621
2153121 250.42002924714154
2154721 251.9631582934404
2156321 267.9109913710937
2157921 242.358491052022
2159521 265.50741724856596
2160698 89.16772784921983
2161729 66.75728731915629
2163329 272.23484002756044
2164929 229.33757277974834
2166511 275.06030411054076
2168111 252.37098094677623
2169583 153.71563175595932
2171183 263.31402961544086
2172783 242.859679349103
2174383 256.72800938477315
2175983 272.39855923269965
2177542 278.71936102317915
2178462 40.83670080790847
2180062 263.28265709003426
2181662 245.0535183184077
2183262 257.1423432913495
2184862 245.52619574473678
2186462 267.70442581398976
2188062 223.34339559604345
2189662 266.2260358721086
2191262 266.94538470828275
2192862 255.76807683552866
2194462 254.86631219639497
2196003 275.9481660060411
2197603 269.010184293072
2198398 17.00488427488827
2199961 276.19409559019186
2201561 275.28318130674273
2203161 233.03489525721162
2204761 259.94830588261846
2206295 274.8705732941795
2206717 -58.47022844821341
2208317 251.55705217109198
2209911 273.44245902781375
2211501 275.0292418333979
2213101 255.54973964443778
2214701 265.05840718771424
2215074 -44.714810506607684
2216674 258.1616219107206
2218274 265.7658289978645
2219874 248.9630240687561
2221474 268.7135582203329
2223045 277.5071504339801
2224645 265.63666819389135
2226217 276.3401465070453
2227817 267.01533385708353
2229362 275.9583382485748
2230962 225.6721456581644
2232562 270.618403357313
2234162 257.6118614283648
2235748 274.66574967027435
2237348 275.18161892312855
2238926 278.3578224375272
2240196 105.7295647819937
2241796 266.29612723921076
2243396 260.06531404617135
2244996 264.3280236528881
2246596 265.6036615840522
2248196 256.08451755266515
2249784 278.0706799847721
2251384 265.66834317933757
2252981 274.81791673685456
2254581 265.97046839235225
2256181 252.28148391491496
2257726 281.69656357345707
2259326 252.63345339381507
2260926 248.04432014687075
2261692 13.724901768250291
2263292 269.96828364322283
2264886 272.42180448201543
2266486 221.59535557676725
2268086 52.137748938574234
2269591 282.28823430929003
2270287 -21.677964095545377
2271887 225.85376253089478
2272430 -29.778340719080234
2274003 277.1746843087121
2275603 276.4466529643173
2276998 116.39004094953225
2278335 94.17360161959525
2279935 264.55388927265733
2281535 254.58075917755968
2283135 227.9722705692341
2284735 238.59249010195813
2286306 274.8102625504787
2287906 255.92586814777863
2289506 206.89594333317893
2291106 258.6872037616158
2292685 275.89238559794603
2294285 244.6207753091913
2295885 258.61447439722724
2297481 279.03977024698844
2299081 251.75239738396758
2300681 261.48191624927796
2302281 258.96051109150443
2303881 276.95277917536595
2305481 272.5976367378663
2306502 51.80602939682498
2307073 -33.852658178819624
2308673 269.80516726312834
2310273 256.6066861949385
2311873 268.0953303943515
2313473 230.23362045079256
2315073 271.18913535981807
2316673 257.8839842459626
2318273 238.5522222194864
2319873 252.7454197081971
2321473 233.32955207619645
2322843 111.76816341555624
2323778 40.09300406708442
2325378 254.7215020739948
2326978 273.2458988606718
2328578 271.6641413512186
2330146 280.2054365378751
2331746 262.58513481546146
2333301 281.1914734172262
2334827 283.3252886723327
2336427 267.7577845499409
2337995 279.4408467400748
2338667 -11.952035519276663
2340241 280.539268705107
2341789 163.87051747821573
2343382 276.92819625830225
2344913 280.037814294273
2346513 275.34198018718155
2348113 263.01261368299566
2349713 259.6212184506508
2351313 279.436185910337
2352913 265.37070519465635
2354449 280.6167165921569
2356049 265.2704599847669
2357649 258.4555577548304
2359249 270.28008261967335
2360275 47.552696880826204
2361819 282.6798286859176
2363419 267.31758931178246
2365019 276.75545943710637
2366346 112.79549018374448
2367933 105.38684903873431
2368725 19.084763730983383
2370317 280.5036179611003
2371917 261.94936183136565
2373517 270.6395267109703
2375091 281.63791256018044
2375803 -3.169793287989691
2377393 278.88752351975506
2378993 266.22855113087275
2380593 272.21490939042513
2382193 256.63688563084304
2382962 -7.277961951666796
2384562 251.8696552504944
2386162 278.41303089315136
2387702 285.0057008716104
2389302 272.9251964594349
2390872 281.0639033777614
2392472 270.32620857979776
2394072 273.3199640602594
2395672 248.68337035634008
2397272 261.7654950788703
2398872 280.76359562719676
2400472 262.1569905729372
2402072 256.13007539184673
2403672 265.0799070293393
2404912 93.63274154625037
2406512 262.56815476172596
2408112 265.87972488334225
2409712 250.54311317179577
2411312 253.82272590963453
2412912 269.8539924559355
2414512 272.16908135311763
2416110 278.79993212687174
2417710 278.44621338984507
2419310 231.52255292462323
2420910 243.28423927268543
2422510 267.2564767833286
2424110 256.11672263873464
2425710 277.2916096813249
2427270 280.84562656956126
2428802 282.5047060237313
2430402 269.55570745946983
2430717 -61.91573565015321
2432272 279.73809259728813
2433802 282.67743529836525
2434516 6.168663056469185
2436116 270.69430228436516
2437716 258.5047394398425
2439316 264.2875473254449
2440916 277.88493613937754
2442502 281.4971326878957
2444102 278.9418496022657
2445685 279.7123516117869
2447285 253.3125792657059
2448885 279.0806480089845
2450467 276.8775357047641
2452063 277.7784982493893
2453663 266.5775690060116
2455247 278.20192706587653
2455490 -71.68022872905837
2455553 -111.05718931660118
2457153 224.87113300127672
2458753 266.210994660366
2460353 267.8597800906891
2461953 260.4750090756737
2463535 278.46277969533566
2465135 268.9943274942781
2466735 274.22514879682086
2468328 281.46628764969563
2469928 254.67732833148293
2471524 279.62408322697627
2473124 256.67931968712713
2474724 272.36029080337823
2476018 94.06960247683361
2477618 245.23829226664958
2479214 278.9877603931059
2480683 141.66267446750774
2482228 280.8239035171928
2483774 282.2786009438233
2485373 277.88174914062046
2486973 262.15027482700873
2487884 28.803720862096384
2489484 249.6145560478053
2491084 266.5838269183266
2492684 273.4010415740698
2494284 247.66995650948695
2495884 269.3324951717018
2497484 251.52125647787267
2499084 253.07539709368922
2500684 264.03178530513077
2502284 245.0313220335083
2503884 261.78820421891356
2505484 238.8914975655321
2507051 279.6581530875311
2508651 254.89999506480314
2510251 270.6575623079475
2511851 265.93597477032563
2513451 258.41267196130957
2515051 279.0960805505271
2516651 263.0028431027459
2518251 268.89559507546363
2519851 263.3033141733859
2521451 266.69872124457765
2523051 254.0906222104445
2524651 263.5680630022617
2526251 271.91538728509533
2527851 248.36563086574472
2529415 280.10732668241116
2531015 279.1123559671299
2532615 271.5174973302255
2534215 246.42422968555928
2535815 250.50544768621515
2536855 40.7322217915503
2538455 273.53511631621234
2540055 268.83580602039683
2541655 267.7605865360584
2543255 262.26158724770534
2544855 267.43806239050826
2546455 245.52927749696724
2548055 257.8292819778102
2549655 251.31130036273152
2551255 267.51142696930145
2552855 242.8476468631924
2554455 247.41294165232313
2556055 246.20017896644458
2557655 265.6884767257917
2559255 252.91394956410082
2560855 260.61387339963574
2562455 254.08454110632533
2563617 63.98202138022688
2565217 269.9654779215444
2566817 272.971745184696
2568417 267.93184743962615
2570017 267.03796833438156
2571604 280.4293190129919
2573204 272.9367647595622
2574804 274.28912483775304
2576404 262.15419862946965
2578004 265.7480239346407
2579604 235.57436953594433
2581204 256.0653651791232
2582804 277.0155073295178
2584404 253.34846487852795
2585995 280.7429790926708
2587322 90.54702462222218
2588922 261.85442000501274
2590522 245.84969055347938
2592122 270.53624996307434
2593722 266.03275636392556
2595322 281.2153001736614
2596922 257.39612813504965
2598124 92.82750637156911
2599724 248.121359824863
2601324 272.25151242307004
2602900 282.9147714672911
2603641 16.035278691016202
2605241 247.24733881127023
2605779 -28.900549194585537
2607379 259.48325421379775
2607983 -20.711169501441205
2609572 281.194827563295
2611096 284.77002503424916
2612673 284.36129191619153
2614273 272.41441227702995
2615593 93.91415736241524
2617193 216.08550609602514
2618793 261.535526981226
2620393 250.44506613570096
2621496 81.68543212329175
2623096 253.196970231994
2624696 261.73381171212463
2626296 266.7020484077105
2627896 259.56463173326864
2629427 288.5610082363432
2631027 275.79408571022026
2632627 271.29009285181223
2634227 271.65645959258063
2635827 252.18836358843993
2637427 282.69858256755555
2639027 265.5031130502822
2640627 268.91778825852236
2642227 278.4337147857447
2643827 279.9334259700541
2645094 90.42714509669233
2646694 233.78179169395577
2648294 279.0266062122744
2649894 283.3301495824058
2651494 268.68956605392304
2651869 -65.4780768101464
2653459 283.9609839501622
2655038 281.389580405154
2656638 277.7168665857616
2658238 244.6340436974442
2659838 259.7027239036677
2661438 271.4657932566846
2663038 274.00010995855666
2664638 262.28564334420986
2666232 282.7810069753839
2667832 267.46515550542694
2669432 272.65031194827947
2671032 273.041162560899
2672632 217.94931783277892
2674232 280.710784997916
2675832 225.23867373106947
2677365 286.40238005439517
2678965 276.08901582175196
2680565 255.95454234896505
2682165 258.17938690004314
2683765 264.2142236140477
2685365 263.34351743254865
2686940 286.36390505163916
2688540 280.80836458157466
2690045 287.03435865314736
2691645 264.70910204843403
2693207 286.4779117580444
2694807 259.3270357153653
2696387 279.88845872762977
2697942 283.18753750581
2698966 45.27006056437253
2700427 143.90912920540742
2702027 269.6776406748529
2703627 271.93029892920623
2705227 255.16305196590397
2706827 256.52487624043675
2707636 0.6607681738752973
2708020 -38.834778149778636
2709620 227.10247713984745
2710107 -29.933260525060902
2711707 258.27580513422765
2713210 288.21747988796915
2713976 -8.112100410270173
2715564 282.4782907390801
2717164 276.830620838495
2718764 266.53431911460336
2720364 283.95341463660077
2721964 266.500582203371
2723564 271.0929856479587
2725145 283.3512126945527
2726745 236.86488653703609
2728345 259.2804726167158
2729945 263.426049834744
2731545 279.25468427903235
2733145 262.3424413849217
2734692 285.71570071673386
2734962 -73.61853196568975
2736562 277.22487788347473
2738158 283.0676962935234
2739092 54.54209733322881
2740635 285.56454636499575
2742235 265.35741642891674
2743831 282.9029148446583
2745431 254.96180422281432
2747031 271.46808709431133
2747686 -9.421469785144595
2749286 272.22846795974795
2750886 279.2079751409999
2752328 132.64807580245403
2753909 170.48042686550497
2755509 271.35497841650357
2756226 -14.89632653304848
2757826 265.5608661722976
2759426 266.17267554095326
2761026 271.74325151606104
2762626 282.8307840223271
2764196 285.82949391205165
2765796 281.64574778203246
2767396 256.6348580072591
2768996 273.6638501908085
2769121 -112.9857623830897
2770721 282.3534425538166
2772321 276.4161892970525
2773921 247.98230048081194
2775521 280.7002578563428
2777120 283.1025925850521
2778720 281.69455399956666
2780303 282.8109707305919
2780698 -43.89980927482809
2782298 272.1789545205585
2783898 268.11501392847345
2785498 270.69804671008916
2787098 242.56419753990417
2788698 267.357263534973
2790298 265.06783846751165
2791898 268.2272195808892
2793498 275.2727079421892
2795098 268.4122896153243
2796698 255.530355348895
2798298 258.14198808245266
2799898 253.62188338444312
2801498 276.60931752625214
2803081 286.4712606021765
2804681 268.99206999019805
2806281 265.09412980273953
2807881 280.4144706946867
2809481 255.4724708980623
2809611 -91.4822802862047
2811211 277.6512690845779
2812532 123.46764164327487
2814132 251.32260090148523
2815732 247.55309362218253
2817332 271.97045750132673
2818931 277.9364729551177
2819071 -88.71553960604096
2820671 262.3483727659533
2822255 283.1657217373976
2823848 282.0170245510569
2825406 282.75833308434983
2827006 264.6055292212341
2828606 239.58008386377116
2830206 243.50015583357495
2831806 266.4648916660524
2833406 242.08806639232307
2835006 263.0254148747285
2836606 272.82834618670466
2838206 273.43225820456587
2839806 271.87543283909264
2841406 260.8398816450376
2842983 283.2109573904326
2844583 260.01912608400977
2846183 270.8961070476941
2847772 282.8003180682228
2849329 283.87462315621497
2850929 258.40027572911214
2852529 260.39141524357086
2854129 260.5814407629244
2855705 151.83529029588018
2857284 285.37651068597
2858853 284.6114036810867
2860453 268.0226404380825
2862018 285.9760721086022
2862488 -34.645648182426626
2863633 89.97913952262917
2865168 287.4143251624946
2866768 174.01411371409932
2868368 277.52191273072884
2869942 284.3763427848864
2871542 280.5940057384888
2873142 282.372718499278
2874742 284.08990542538504
2876307 284.7859194618587
2877822 159.7157965890653
2879408 283.30000507289293
2881002 277.79267065554325
2882602 263.75245097384703
2884202 253.96014952962142
2885802 282.1773895043471
2887386 284.43582502497384
2888984 280.2002044317966
2890584 247.05159313287382
2892177 283.0364996856542
2893776 154.10676993806135
2895365 281.1519821810312
2896517 73.52590940184501
2898117 249.5724684608397
2899717 279.89527476275055
2901317 280.5827155732121
2901724 -33.7912332555978
2903324 250.5341893348299
2904924 277.7081549511463
2906524 274.25515026868874
2908062 282.42113211154066
2909662 240.14400392392798
2911262 274.7091788862951
2912862 245.35998257624865
2914462 255.1194633262852
2916049 280.764848214532
2916705 -12.975120907381225
2918305 280.850200983218
2919898 279.73238020076343
2921498 271.8662117456098
2922674 85.05265889873039
2924271 281.74898960738943
2925294 30.77110969680666
2926894 253.27640360305145
2928443 116.99520580183287
2930038 136.85289568659925
2931638 267.2497242872202
2933219 282.57349454807087
2934818 282.5371986026101
2936418 254.60056074216536
2938018 253.25911484604055
2939618 269.42946182296896
2941189 282.313184983754
2941776 -34.12071081284438
2943376 274.32553435989706
2944928 285.3531881341607
2946528 272.9066681727128
2948128 279.0313489985918
2949728 278.2904558976838
2951328 278.7758147747054
2952928 260.0278395512806
2954528 271.09704957284777
2955601 87.1516037068501
2957201 275.3034501849877
2958801 249.0935061222075
2959475 10.746186384264405
2961075 264.9973854883276
2962675 234.73703757887517
2964269 281.4930634531678
2965869 274.40057503801046
2967440 280.59130206159927
2969014 283.24983923957177
2970604 282.910130576923
2972204 272.70202689340994
2972933 13.760297778803107
2974533 259.8113685689431
2976133 275.40908501831314
2977733 269.92217914397133
2979333 269.0920149254272
2980933 271.9097651814269
2982533 269.5451890929064
2984033 100.9762296994881
2985585 281.3751228170505
2987185 248.38209766742116
2987500 -72.76974315233343
2989060 281.94834449112415
2990660 262.37129767627175
2990974 -71.62658600384432
2992574 269.2490597577596
2994174 270.8511465449952
2995774 245.3893419566708
2997374 258.211228300307
2998974 263.0914220764364
3000574 256.34496914942713
3001733 82.70891929065459
3003298 280.9010861199967
