# reward.txt contains number of transitions:cumulative reward
68 -112.79170071446212
114 -115.93745497293025
176 -117.44512455788504
222 -107.69475979162249
284 -116.94834538575573
352 -101.5896657643028
514 -118.70182809341699
606 -126.84892925925863
1409 -164.30257106390872
1520 -99.78691641040821
3120 -115.64816666542845
4720 -101.83654728775208
4767 -114.44261971812323
4994 -132.49783121618412
5049 -104.87536534161308
6649 -108.47905845760434
6737 -104.45856011272471
6798 -115.67447092536713
6844 -110.3488278295286
6905 -113.8812830617254
8505 -126.10402419013305
8574 -101.74930704251149
8677 -99.90345027424519
10277 -123.69793450120015
10347 -116.37427379765361
10416 -100.27249361362571
12016 -118.16284507036882
12085 -118.18186390905205
12155 -101.11756437094695
13755 -108.15797617910586
13823 -103.51159880067331
13925 -125.0691978606495
13977 -109.95551619797449
14076 -102.29040358804353
14150 -103.33421526557734
15750 -122.62931835641906
15810 -110.16160964763972
15889 -100.36923769547356
16016 -124.09205060425074
16121 -117.42448501563693
16164 -105.54114213531155
17764 -116.86512312489864
19364 -112.90103970448608
19420 -115.65022033648938
19507 -103.81813075491041
19589 -115.27619544262191
19689 -103.15940393169379
19733 -111.47262218916292
21333 -116.81914957270193
21398 -104.78631968858559
21474 -118.91236839942695
21565 -117.2401784654061
21664 -118.85795570960703
21751 -100.16954234433608
21836 -101.59514891578878
21918 -105.71856848133247
21976 -100.35826050048632
22119 -104.44577002725191
22253 -121.48259797819674
22339 -115.80353904678051
22467 -103.19019743189185
24067 -114.03935712078692
24135 -102.78942092558555
24254 -119.51805887064833
25854 -112.43331320098093
27454 -109.44877656288278
27515 -102.8992540485772
27593 -107.06354247023845
27732 -111.79239253696925
27830 -110.03471562758274
27878 -111.38404135927621
27926 -110.88618549030119
29526 -99.36356058992497
29625 -117.19569521122239
29725 -103.55455513891019
31325 -108.26788563627382
31409 -99.08396574183492
33009 -113.82372416252274
33142 -106.08234268615504
33233 -118.01550248115139
33298 -105.0797672964527
33363 -113.67764338971085
33419 -101.93494528732946
33481 -108.65839595564641
33549 -114.4081306553483
35149 -115.68358555751023
36749 -98.3001878008471
38349 -110.30085200241219
38441 -115.93793072950918
38538 -106.56431486888478
38615 -115.37530972330956
38725 -125.93648683069337
38772 -105.74066799585336
38828 -102.81571587351709
38884 -109.14105336685044
40484 -109.24930128322688
40557 -101.57176816654858
40670 -109.98069601354375
40718 -113.87916276481624
40792 -107.42343725474149
40852 -103.38273273729844
42452 -104.14751463218757
44052 -116.12067596985543
44148 -104.43101560263739
44234 -101.17610334308507
45834 -110.71593683366244
45909 -102.22889094880907
46008 -100.1887034693472
47608 -90.31707444514514
49208 -100.468205236569
50808 -109.60017388094069
52408 -109.16244648177367
52509 -115.71515505125498
52621 -106.24425132437516
54221 -96.9232259144009
55821 -110.66429079469846
57421 -93.8811007727556
57502 -104.93501558243359
57567 -121.06476277833899
57629 -109.8373028340824
59229 -97.70444473158405
59319 -101.9993996309191
60919 -111.44292103263568
62519 -86.9772618952463
62596 -99.50592239855416
62673 -99.23125162571358
62742 -118.1380507153937
64342 -110.29183134592567
64414 -102.55342936457818
66014 -88.08208712762377
67614 -105.6592264898629
67690 -104.10741321230726
67736 -112.41469772883768
69336 -106.93854511119609
70936 -101.4487211456809
71103 -126.8082373963644
72703 -108.22951411072066
74303 -119.89262723702667
74410 -107.35075124256964
76010 -107.005845631382
76094 -114.86646098111818
77694 -109.25724862433906
77779 -111.81500111279823
77857 -113.82185778733901
77954 -108.19275377429463
79554 -103.8465526059593
81154 -111.26690480882733
82754 -108.61619135207128
84354 -114.64730624148368
84425 -111.72860782265042
86025 -108.27425225994196
87625 -114.3826547725003
89225 -109.0271610919566
90825 -106.78394620497146
92425 -107.81990087844999
94025 -103.36469801066093
95625 -100.80992304510144
97225 -100.87341534712023
98825 -95.88278937813637
100425 -108.45968837671484
102025 -94.90677404219372
103625 -93.48170680022774
103696 -102.68281903083064
103767 -99.66721916981476
105367 -82.01962463876112
106967 -86.67342169655909
108567 -81.74782509597493
110167 -99.59503467086635
111767 -79.38452230029824
113367 -91.61494557990395
114967 -76.31359968165872
116567 -75.99939341055837
118167 -76.2827017529633
119767 -77.90491898478047
121367 -75.48536893375713
122967 -69.87217148164416
124567 -66.66136702847572
126167 -66.62848195893756
127767 -62.14239720185913
129367 -68.7357829209033
130967 -56.80570731863181
132567 -64.54699081807895
134167 -60.58569998656776
135767 -54.602150956918464
137367 -47.106099215950785
138967 -51.38525614956709
140567 -49.514282997677114
142167 -46.67281146037507
143767 -47.405175732344304
145367 -44.203176880175185
146967 -36.23941833719223
148567 -38.55254521497875
150167 -28.792430291546527
151767 -39.392552851121565
153367 -37.37193625185821
154967 -38.00513905283341
156567 -32.09257533915936
158167 -25.25307046865952
158253 -112.32394054505104
159853 -26.114820258136792
161453 -28.00444715559544
163053 -36.017324142927926
164653 -29.886375801724725
166253 -43.92184529434296
166329 -101.99757086755895
167929 -25.24661502483269
169529 -42.78541443569029
171129 -32.26599874222169
171201 -120.3653401117778
172801 -28.61007184051961
174401 -34.1923141436937
176001 -39.16135078033514
177601 -34.68961854365821
179201 -28.18663018007759
180801 -22.28805751875511
182401 -18.315769519217305
184001 -18.090863932568126
185601 -20.693389922638108
185656 -117.8288231995472
187256 -19.04455084011823
188856 -25.84483417564256
190456 -21.404241898247324
192056 -24.22728524376699
193656 -46.10452040642442
195030 -167.51865158943573
196165 -181.9529478055387
196810 -113.69139618971386
198215 -195.0421700334462
199815 -14.650567214689525
200608 -164.2010542182109
201222 -154.71993915556678
202353 -182.97396761111514
203619 -189.02574577675136
204402 -164.20357847421613
204788 -97.72587885835456
204989 -109.93461700359484
205270 -120.17003228652354
206118 -167.52459504467438
206184 -105.5958033452034
206846 -111.5196037445627
207659 -165.69907384922607
208176 -149.4509527213729
209038 -157.15326966446824
209152 -103.50152077423098
210220 -177.16989023429332
211267 -156.44236310381814
211661 -121.77983948045969
212728 -179.93042974041958
213739 -176.2277060292667
214582 -167.32620341977116
215786 -185.06185260067815
215879 -100.09650981815221
217479 -96.25300295533424
219079 -94.69760328828869
219527 -132.2215847131203
220793 -189.6414822846
222053 -176.21041881452732
222149 -100.09560404026135
222254 -97.6323892291002
223846 -186.64012346449397
224096 -102.07356615865044
224997 -169.6373809683206
225556 -128.80745222329554
226989 -195.8797100078911
227188 -105.7930598017294
227315 -104.01655544668499
227369 -111.68106276550269
228279 -152.3455127127078
229111 -145.92559832588677
229242 -103.78684239082101
229818 -138.40933062509944
229939 -101.70108166152673
230088 -102.26914489449436
230609 -117.91891762534345
230805 -103.45964825884812
232196 -175.94720640736003
232329 -96.65192786784657
232842 -122.12684482469285
233991 -180.39090569566932
235591 -85.43298947932823
236457 -146.53044271644762
236609 -92.22455981361804
238142 -171.35460892129328
239742 -86.58945896608867
241342 -85.63974673894292
241520 -98.96136130028404
243120 -72.59196762230903
243226 -99.90302352604022
244826 -77.84012236090709
246426 -82.8306002419026
246546 -95.99461255664565
248146 -78.8717215686005
249746 -90.02117126603922
251346 -83.91567506995486
252946 -78.28117600963262
254546 -88.87234625488279
255756 -156.38735105511543
257356 -86.58632306469985
257464 -96.90233111876249
259064 -85.99231426122492
260664 -79.75354540996076
262264 -82.17570225635932
263864 -74.00985679036135
263992 -95.35413755395325
264106 -103.28707641441623
265706 -77.30266248653955
267306 -77.47819317612063
268906 -75.87536787731446
270506 -73.43047936338061
272106 -79.12877378769348
273706 -72.91932850411452
273811 -95.18936514649168
275411 -72.08890077585349
277011 -77.55141486886694
278611 -71.80893927368717
278790 -98.83372309949372
280390 -70.80387606574999
281990 -68.75369139657275
283590 -71.09696726646582
285190 -76.3118415474572
285304 -107.0631666881169
286904 -60.823782347939705
287009 -106.08509925758901
288609 -68.55121935118333
290209 -59.43093307844524
291809 -72.24460948965428
293409 -57.36231489641407
295009 -68.7852957410468
295371 -95.68616485280357
296971 -70.34874085367836
297099 -95.04711473929633
298368 -147.6668468599242
299968 -60.4127095448359
300289 -102.36476738852356
301889 -57.47350174541871
301991 -116.11208540673803
303041 -95.073199084968
304641 -69.43905593709816
306241 -63.32932705920942
306567 -104.51108993417273
308167 -6.700670816156378
308712 -98.20457377805934
308782 -105.39597225567451
310382 -3.6070520214065964
311982 0.23228414966880337
313582 -13.168920650634297
315182 -8.502528467552114
316782 -67.9427727644103
318382 -17.265847996745265
318512 -111.02172451541014
320112 -17.949480725433705
321712 -21.057303277306836
323312 -79.68471196777881
324912 -47.44372846105455
326512 -50.233121586695354
328112 -9.18744245643478
329712 -51.33928622569439
331312 -0.5932402147121463
332912 -13.850325203031915
334512 1.8500679342827437
336112 -54.83151687497764
337712 -85.07963430585203
339312 -6.0446385365991615
340912 -78.14892056264708
342512 -53.8762205818147
344112 -14.427732279128708
344334 -102.25524611332175
345934 -27.87058354524802
347534 -21.833565871591393
349134 6.826325118331244
350734 -30.15766053118399
352334 -17.3501464315243
353934 0.9832895408371932
355534 -12.888737290866445
357134 3.655106771480921
358734 -33.65457076375619
360334 25.489480249369354
361934 -69.04896078687345
363534 -72.3691535486834
365134 -50.76265406043827
366734 12.656614568770856
368334 6.952759872642031
369934 18.31194837498133
371534 -54.70528240148789
373134 -43.545083511182405
374734 -68.12749705293206
376334 -8.722819789901374
377934 -35.73130135253506
379534 -68.27256570826755
381134 -77.44116073504179
382734 14.564787139225748
384334 13.606940322489804
385934 -82.66835708168706
387534 -75.50225486195525
389134 22.170667154607646
390734 18.110753033804965
392334 -33.86057547775408
392468 -127.90911036746824
394068 -32.67412739782998
395668 -67.91825887825779
396180 -92.28837794069511
397780 23.867490347366306
399380 -57.88736583066671
400980 -64.47414252627128
402580 -56.20266871621159
404180 -45.13988435030479
405780 -53.388927106135206
407380 -60.682458684468955
408980 -43.73577333389723
409063 -115.5885877729201
410501 -83.9550125869854
411654 -74.81374450853028
413254 18.933366657545804
414854 14.912640661580802
416454 22.415156999730822
418054 -39.013280207286215
419654 -20.23468770029925
421254 19.197273158010677
422854 20.23326931324294
424454 18.520476209913696
426054 15.19740864839776
427654 18.052498253496985
429254 22.514811988629376
430854 30.075000663756068
432454 6.731744558133231
434054 -45.60442183612549
435654 -56.08325287479904
436222 -94.73756656596623
437822 -22.36179917422184
439422 32.48263363311967
441022 -55.68738578666116
442622 31.968724911787582
443427 -92.99407894526514
445027 -66.80460217272932
446627 -21.792496858306848
448227 -73.79019087387618
449827 -24.267907537113228
451427 26.544315183124176
453027 7.3906482356681105
454627 18.862742850375003
456227 24.510287874071498
457827 -17.380855944696496
459427 2.313018690802785
461027 16.26761771289288
462627 27.79738479453757
464227 30.790748299477116
465827 -0.17180869914188343
467427 24.526327975300184
469027 -45.653952731718334
470627 24.297353326112024
472227 35.239379701887096
473827 -56.7651120273806
475427 -56.730119691037295
477027 -46.90749429736756
478627 -45.302928820765594
480227 -21.65451517146364
481827 26.17156645788685
483427 24.28595746058596
485027 33.3113773451634
486627 12.24618500107715
488227 29.30886014351869
489827 -47.47746350904124
491427 -35.795979935764045
493027 -51.48307200839807
494627 -58.82050142286031
496227 -47.57029716403472
497827 -9.497615407612763
499427 -5.6223978852154515
501027 39.56720022442345
501194 -104.96627085664744
502794 -29.198977705271286
502945 -100.94020810043315
504545 -48.02968015676211
506145 -33.25848659799277
507745 -33.57993775321867
509345 -14.863154652440594
510945 15.330236414367938
512041 -76.07500958217064
513641 35.70763352095147
515241 18.470194777138857
516841 -53.94017424293084
518441 26.71495248137259
520041 16.958097148376208
521641 25.868122784246978
523241 24.356801768285518
524841 -18.585386425979898
526441 31.080867123963642
528041 37.37877918960212
529641 32.7335384586621
531241 31.648400074607355
532841 42.38521770320649
534441 -82.75943168448609
536041 30.563620380608338
537641 -86.14566366484273
539241 -35.339325103406466
540841 -60.62694599817505
542441 -43.44204569630144
544041 -74.05559603239546
545641 37.0626910083387
547241 37.386317858182494
548841 -71.95831751951037
550441 43.38199801126742
552041 11.884551665432136
553641 -38.675751573786435
553762 -124.74596334952489
555362 -69.99089119010831
556962 44.70698902791055
558562 -74.29893578456755
560162 -52.8206194059923
561762 -44.1347154388285
563362 41.68200627297911
564962 33.03968159577406
566562 35.23436275854027
568162 35.47615790943861
569762 -17.97775548219119
571362 -79.23744927538053
572962 47.34599587191644
574562 -51.61793057101038
576162 -58.640909825795084
576363 -96.88647976616522
577963 -43.44669035530155
578014 -109.28425646726973
579614 -48.79917253736341
581214 44.85401684813513
582814 -62.7512687274633
584013 -70.98995793734805
585613 48.20612499465376
587213 -31.41388688360141
588813 20.811829946241804
590413 3.6333661457772193
591968 -78.90962367022226
593568 39.92219976773264
595168 45.76322991098343
596768 8.655194114695613
598368 37.359443371178216
599968 47.26843778737228
600079 -122.53854571645738
601679 -37.33765721788823
603279 52.54105541100544
604879 -52.73863485144398
606479 -47.93028899112966
608079 39.64140982431883
609679 46.747007690701544
611279 -27.930426853395975
612879 32.77089800030488
614479 35.791300162421514
616079 -34.86566970632289
617679 36.64508865129327
619279 -1.9406592617115725
620879 47.82017811147399
622479 39.52526170342748
624079 -14.664015065801976
625679 18.891370874553
627279 43.357922992387046
628879 40.78350524722095
630479 48.9324786501726
631776 -71.24552440009326
631841 -105.82587303990017
632012 -104.55753025306389
633612 34.66638373693794
635212 37.289510376513526
636812 35.98064070809943
638412 47.382599228216
640012 42.010533532684036
641612 59.9787358425509
643212 -50.18239904277617
644812 -51.138053499789315
645369 -79.0258589575744
646969 -45.90799897008954
648569 26.289537209919374
648864 -97.7333462889328
650168 -125.76245592238631
651768 46.92363952682594
653368 54.43334926197665
654968 41.96996703989124
656568 46.21560673459258
658168 45.76324815441047
659768 44.823200075859575
661368 52.13572766543364
662968 1.3121154193784546
664568 49.246764578013156
666168 47.676860563978636
667023 -90.30467146416875
668623 10.936017569145168
670099 -146.80915152054962
671699 -0.02028515921752015
673299 51.70830313283516
674899 45.47982765140753
676284 -57.93218059925983
677884 50.90257487191196
679484 53.94687337780648
681084 52.05003081086032
682684 62.680817542672976
684284 57.261474371487125
685310 -82.90459553797854
686910 9.321690124726528
688510 58.90464764232436
690110 -15.494965679125686
691710 57.45288417538805
693310 57.917884876865195
694910 62.80764883400253
696510 56.63062028370945
698110 46.90144407895837
699710 63.57642618402855
700667 -85.54991736651522
702267 50.05693225562706
703867 -43.445667168866756
705467 -38.74518549047104
707067 42.31601609724265
708667 54.4432298975213
710267 42.526117214140235
711867 51.10153695950124
713467 66.39706785005698
715067 66.08637132534264
716667 68.86596969599341
718267 49.827100873614945
719867 62.54459539245973
721467 64.70386227002943
721638 -94.87017252939319
722937 -48.475312504638055
723771 -73.82685116588914
725371 19.52158027042206
726050 -81.7909760456551
727363 -51.56816577456593
728959 -29.69447252384522
729248 -89.54409159393049
730150 -74.84641440240108
731652 -48.28844433938277
733252 57.01896411048241
734852 -20.80567950463418
736452 70.21147473225626
738052 54.39182769940975
739652 64.43809459952472
739870 -102.55853320585541
741470 70.47339272857465
743070 63.7601919399318
744670 63.471266202164195
744911 -102.72349661207944
746511 53.86571767570069
748111 66.16327299397426
749711 69.94988172056459
751311 69.73915100696321
752911 51.183393590030626
754511 16.191734784109695
756111 49.3020000943107
757711 59.154755813545734
759311 58.9490140596696
760911 68.80905308681601
762511 62.346438290775545
762741 -100.55948757361962
764341 64.04582511147167
764458 -91.69058858262251
766058 71.0903784253021
767658 67.8834795493082
769203 -33.3619402121889
770803 64.03613228778977
772403 71.14944779449142
774003 69.4547081996103
775603 65.40384910579213
777203 76.67711063137027
778803 70.22150284770485
780403 73.83516828811592
782003 59.47332889000461
783603 64.60572967585647
785203 60.60731437864644
786803 63.36938173312565
788403 63.987108264617476
790003 74.89355448154976
791603 70.52230664785
793203 76.7352843990129
794803 62.61499097127707
796403 80.95303058815735
798003 68.35535574849496
799603 49.869881960259285
800839 -31.29209983827856
802439 76.22285999747189
804039 70.68398835349636
805639 76.93180236262626
806310 -107.07127057782219
807910 69.5206969548793
808872 -57.46767082067143
810472 81.7965387780642
812072 75.69760481068026
813672 82.57623497856586
815272 58.148639510652636
816872 63.0243753261486
818472 77.20688535816103
820072 83.62572899311036
820860 -66.19917081834063
822460 64.43220477948523
824060 84.92869225706814
824234 -97.51518078983452
825834 71.11421963379105
827434 76.32957003593089
829034 68.83707422491787
829703 -70.46674328056847
831303 77.91452175864943
831365 -105.05359528947125
832965 61.58643173696857
834565 79.90667025937509
836165 71.02651485271387
836851 -70.89893084381639
838451 80.37416835979607
840051 68.34164762963535
841651 87.14304594433688
843251 73.25375297910433
844851 76.92990684767008
846451 70.51816932511007
848051 73.66364381897576
849643 -30.150455192208923
851243 72.62278598240903
852843 80.24518930797944
854443 76.85557226381881
856043 87.99003060888555
857643 77.50712686241724
859243 -16.50630403644156
860843 -27.35499277531819
862443 71.7809295464287
864043 78.77307894877835
865643 68.94690667913989
867243 78.62420304112491
868843 75.84538252357761
870297 -43.65986293032082
871897 77.00384323470027
873497 78.51609858889508
875097 77.04748477095683
876697 83.8640399484273
878297 90.62947819913697
879897 79.80485721399201
881497 77.77524825866931
883097 78.45465072385649
884373 -37.90462356434514
885973 82.03347297878962
887003 -53.58463341876805
888603 87.37515440870605
889241 -73.05426697240023
890841 74.21281824774114
892441 81.95767427076336
894041 86.39424432707399
895641 82.89687597705543
897241 83.03363047844736
898427 -42.58519842120387
900027 81.92206750962292
901534 -27.94056921083876
903134 82.5441838989357
904734 81.47555165031353
905604 -59.141748043774385
907204 89.04249058723326
908804 86.58755109472085
910404 74.01154689865311
912004 77.97849535460158
913604 84.47622795611619
913979 -104.34525575588597
915579 80.64676643534338
917179 78.24981998900616
918779 88.81322378273805
920379 83.7375780086863
921979 83.28509847646147
923579 82.23306104848726
925179 77.27542489943727
926779 86.55548017872243
928379 78.29971375193104
929979 90.09004436520756
931579 88.02549228998143
933179 84.16636640309547
934779 91.37550602842141
936379 98.89238341489053
937979 98.15783480628943
939579 91.88083135521654
941179 93.98823288667603
942779 104.93212519393057
944379 103.38613497688641
945979 107.48336297213538
947579 102.08222801646092
948612 -32.44555275354813
950212 112.43366746576838
951812 98.26984981734405
953412 107.84641948407132
955012 120.77696937265821
956612 110.07120477196744
958212 115.83351456481087
959812 108.52724978368607
960752 -36.565512698346424
962352 101.53624592009237
963952 103.01927144047164
964358 -78.21166108942775
965779 4.524669379801082
967379 107.65472845441846
968979 110.93057162845943
970579 111.0903453646471
972179 115.04280257718598
973779 123.59995408842413
975379 115.21815545192045
976979 113.65047095697761
978579 128.7984818686553
980179 138.8413803289412
980959 -42.65533297114265
982155 -26.66133011628834
983755 126.7023193217964
985354 31.106192075017844
986954 123.92020996846539
988554 117.71214230670911
989279 -50.701200674884085
990879 129.99729956173482
992479 100.91561605191093
993260 -45.363818646086315
994860 130.19752369920758
996460 114.79420782536856
996722 -84.8343130169877
997047 -90.62189293318987
998647 98.56309940559169
1000247 123.047689343306
1001847 115.28745987978807
1003447 126.8714315773524
1005047 111.70405545173347
1006647 101.05483783416791
1008247 113.59796018030909
1009847 113.050372511379
1011447 111.31051043446764
1013047 112.35729180601248
1014647 109.57603203825147
1016247 121.37830139234258
1017847 116.70272941575374
1019447 107.94803383591031
1021047 114.86047381341939
1022647 115.57205688180015
1024247 121.3951988483524
1025847 121.09712919725429
1027447 126.21367443124073
1029047 129.65203868525418
1029122 -103.78915064140284
1030722 115.95183655443813
1032322 133.45140429121312
1033922 126.94495198850693
1035522 119.51793703227756
1036574 -12.934147463258356
1038174 118.12971561041199
1038229 -102.73055266503927
1038615 -79.49148329157818
1039486 -37.822072074703875
1039575 -105.62204587360533
1041175 135.87495537088142
1042775 131.59646980274212
1044219 22.053146115277755
1044962 -46.894422035351056
1045570 -56.29425623841272
1047170 130.42049033361323
1048770 138.18180179803895
1050370 127.03973547463168
1051970 135.44994065093272
1053570 128.90096918451195
1055170 114.22938555000029
1056145 -22.89398415422373
1057745 117.88385090950429
1059345 125.68284990238055
1060945 131.317109796306
1062545 142.7740994042901
1062683 -99.85333760957234
1064283 125.36226419506822
1065883 135.1050821082878
1067483 136.53557908379605
1069083 138.7117047633218
1070683 129.93787138671547
1072283 139.21960182324378
1073883 136.51209952336134
1075483 128.36051752199242
1077083 129.6997864663156
1078683 126.54793613754698
1080283 135.8633607434967
1081655 20.59869789123033
1083255 135.66661497989486
1083318 -98.71435220175299
1084918 135.45012823145206
1085988 -9.08832275748658
1087588 130.6143811924892
1089188 134.06121139418224
1090788 138.52794722563775
1092388 142.9892083062433
1093988 148.3681552079355
1095588 117.91530565399486
1095849 -75.63040811679573
1097449 138.9915753934439
1099049 128.12105029281707
1100649 129.5607963308188
1101952 -0.6842662609035273
1103552 128.1493229017693
1105152 122.27931408182668
1106752 125.60227510436013
1108352 111.91487719537619
1109952 130.59323014405348
1111552 113.66934724340764
1113152 120.64693433916848
1114752 128.0141281289482
1116352 102.87260462048162
1117952 116.22263531983434
1119552 127.49782170850034
1121152 151.29051036998592
1122752 121.89711727540148
1124352 153.1072961347268
1124691 -85.61308977919009
1126291 137.6941754087742
1127891 123.1981936497467
1129491 136.19423021437672
1131091 128.40675489818432
1132691 131.81112092785085
1134291 142.37307862079382
1135891 126.8399493152103
1137491 139.39024762354728
1139091 137.78104028112682
1140376 14.20515549711881
1141976 145.49792096168505
1143576 136.07006718180276
1145176 119.88952147438917
1146776 130.82597891864194
1148376 123.71614903518271
1149976 142.74051391963496
1151576 144.94561248343808
1153176 134.4431357346513
1153524 -73.29013942247009
1154755 9.980406975561081
1156355 140.76573163484716
1156913 -63.87847459314022
1157446 -66.0666548671561
1159046 133.393985295608
1160646 141.91888961195934
1161336 -55.2686898812758
1162690 19.525923476050025
1163193 -70.27114539413843
1164793 154.60160559902508
1166393 142.03260354206742
1167284 -35.01572501189516
1168884 157.51310112623054
1170484 154.8992837897925
1171180 -39.75504139228975
1172780 154.23994654668417
1174380 146.7445008143131
1175980 143.69753178455494
1177580 120.08594012012047
1179180 157.8599838303004
1180780 125.66549865034835
1182311 31.441207389071508
1183027 -48.960557065377024
1184627 133.8195997786477
1186227 138.02652868415743
1187827 130.77779666496374
1189427 137.26751280314218
1191027 127.47293302425251
1192627 155.64877863322636
1194227 147.9079592467718
1195827 136.3245113787194
1197427 137.93898471342132
1199027 152.16374768608267
1199433 -86.8452536392392
1201033 145.97203414952182
1201166 -91.87655345071107
1202766 149.93533669364595
1204366 125.37915145508643
1205966 134.36481764764065
1207566 143.9159505263365
1209166 132.21910325493604
1210766 128.19527151492863
1212366 133.31192279028153
1213966 151.32194956083046
1215566 142.04058294223864
1217166 107.60193822001908
1218766 137.54785592769665
1220366 141.22483281078897
1221966 136.76026756514602
1223566 145.6921978478371
1224493 -40.425715424561865
1226093 121.51322091030643
1227693 136.5704841063076
1229293 145.6876053961958
1230893 134.5595236716733
1232493 149.02921249155324
1234093 147.29898043349462
1235693 153.3933882809669
1237293 148.67546887461228
1238893 139.6683067201841
1240493 149.75544791494306
1242093 130.1907834345348
1243693 139.03389639627696
1245293 155.09407865438772
1246113 -40.498163127756804
1247713 146.71996084023857
1249313 143.63422600240744
1250913 142.18711409125734
1252513 134.9072805383424
1254113 151.85945791253525
1255713 137.02712933975087
1257313 149.73341701359766
1258913 153.06298627865854
1260513 149.2212670564939
1262113 140.95070699895376
1263713 133.54046506424794
1265313 146.520358650783
1266913 145.38015742101587
1268513 164.94362488132015
1269757 8.335897243548175
1270117 -80.5474289755908
1271717 152.62471197963518
1273317 146.31219242509928
1274917 173.38751234970027
1276517 164.71192830776155
1278117 168.5709812883254
1279717 179.0923136459844
1281317 148.2976560832157
1282526 2.8481949579635426
1284126 178.72462104001403
1285726 171.13309234851354
1287326 168.72807543272322
1288926 140.32099777231235
1290526 160.3499979959248
1292126 150.64763811022127
1293726 169.5419691403699
1295326 167.8169934452283
1296705 44.91814180182055
1298305 151.85295559516246
1299905 165.40811258654094
1301505 155.19543806835327
1303105 166.9458863289934
1304705 148.06972410608017
1306305 190.21337176072154
1307905 162.43547439482685
1308544 -43.300130672031386
1310144 171.6061454750538
1311744 137.43070424301717
1313344 151.44353390012205
1314944 165.6843926930622
1316544 164.30829220100992
1318144 162.24440091944078
1319744 150.9792514297048
1321344 154.3023546729661
1322944 176.3209786132909
1324544 165.3167024824659
1326144 166.98752277832952
1327744 103.5707489021135
1329344 181.34963091806023
1330099 -18.192633444045924
1330737 -41.64631351070662
1332337 159.452056007309
1333937 137.1942329301128
1335537 185.1574037334091
1337137 154.3818884660094
1338659 45.50069109573383
1340259 148.90174520826665
1341859 145.80771133939493
1343459 182.91332279887112
1345059 168.5462817744501
1346659 166.79910098458714
1348259 176.11928237109873
1349859 155.50031484958998
1351459 165.2102641253851
1353059 164.98163298111737
1354659 158.4752812881871
1356259 175.51878155876958
1357859 169.6927495773429
1359459 185.99254754873704
1361059 176.13363460770952
1362659 152.9328698664896
1364259 165.2468698202954
1365859 180.07503840591218
1367459 165.88777214860298
1369059 172.16824484167375
1370659 154.6487881156596
1371261 -43.20466664027175
1372861 175.53650801241426
1374461 167.82045914594784
1376061 159.91296722150187
1377661 191.13208897568558
1379261 173.20513642609637
1380861 181.4130182353273
1382188 47.86273754852121
1383788 176.84361837234596
1385388 187.55181885587461
1386988 174.23816653708926
1388588 175.3994064047826
1388800 -80.6256577465677
1389039 -70.40995926957825
1390639 191.51552908096508
1391494 -9.570953780361833
1393094 154.32975540821647
1394694 172.32489212852366
1396294 181.20744463797692
1397894 162.52342297835213
1399494 214.34308547537384
1401094 190.96447292434684
1402694 183.35359127061287
1404294 193.73840338351133
1405894 177.04419157797685
1407494 196.2963971311486
1409094 182.9160996605716
1410694 185.1440934173477
1412294 213.6038869599606
1413894 197.4258476673364
1415494 193.99730154304876
1417094 194.0758595885989
1418038 14.479741572368823
1419638 205.79906393763594
1421238 206.0530997707617
1422838 202.44927797162683
1423412 -32.643503486289006
1425012 189.19165070000733
1426067 33.6509451022161
1427477 82.0252220192273
1429077 178.6513925746467
1430138 38.30269307882594
1431738 184.023492833417
1432255 -46.75653095828836
1433855 186.00025737450835
1435455 192.966592090818
1437055 212.13086762663008
1438655 187.79530453968368
1440255 210.56892034906826
1441855 202.25266884325347
1442174 -66.5353673204519
1443774 175.95084230309664
1445374 192.3215977691169
1446974 205.21909741467323
1448574 191.78477585595422
1450174 203.07755697694023
1451774 201.38677644683793
1453374 208.9012420703899
1453528 -88.29747642182062
1455128 216.69178692834217
1455337 -84.19769636065638
1456937 202.9292668739295
1458537 186.85621628708537
1460126 98.50976831860376
1461726 215.24005271973945
1463326 194.2553596862887
1464926 197.17569144604204
1466526 204.02557614780804
1468126 207.3759316572794
1469726 220.77416529028972
1471326 185.51662737294993
1472926 205.28080479659334
1474526 194.0584450432182
1476126 188.2120057564872
1477726 194.2037348744459
1479326 212.4485002022195
1480926 207.66533395476281
1481232 -77.06599177730145
1482832 214.512495764105
1482918 -108.53200328121768
1484518 215.8094519719373
1486118 193.47512875962113
1487718 209.94407707360546
1489318 185.6453822959758
1490918 192.48282722161147
1492518 180.19304037878922
1494118 203.9386024756057
1495718 195.66707068226407
1497318 198.99657769584334
1498918 202.2571527924654
1500518 194.1512461054052
1502118 191.74357314222428
1503718 207.17492203915054
1505318 196.49990484054507
1506305 19.996304532175287
1506429 -90.85084247894213
1507882 70.28523671929415
1509482 204.25669763722743
1509769 -76.28456606679084
1511369 197.69627224029193
1512969 200.73809135711343
1514569 187.79363211845512
1516169 194.59151695388798
1517769 192.8472090653827
1519369 205.8620873127894
1519792 -53.108133888641085
1521392 204.21647280062922
1522936 78.63165905321551
1524536 206.33998393264721
1526136 188.39383665067496
1527736 200.8467544886685
1528411 -31.24527086802631
1530011 180.75142187902046
1531611 199.10339542763657
1533211 190.1106285593624
1534811 179.49960060803312
1536411 205.00400590601723
1538011 192.4827401645623
1539611 203.6206464224476
1541211 204.99943215654963
1542811 189.8402237190446
1544411 193.78910214490227
1546011 196.0083901142539
1547611 192.61783484765843
1549211 182.065659490413
1550811 215.20743262112353
1551896 25.958095437687405
1553211 53.84058616555566
1554811 199.52121141933785
1556411 216.5144678968317
1558011 180.64105257393618
1559611 209.8492476860892
1559745 -92.55576576887879
1561345 194.72842274214318
1562945 184.96864031709262
1564435 93.59601883739111
1566035 202.92716309778376
1567635 216.57154242527992
1569235 186.2323272743574
1570835 212.70350772214493
1572435 211.0936169391189
1574035 200.1497696640994
1575635 205.4089167092782
1575738 -96.42475713967409
1577338 191.70758645661866
1578327 15.012209685086106
1579306 12.180221090144897
1579396 -103.13817504673669
1580996 192.60150469010586
1582596 216.8948715496553
1584196 203.7654581869954
1585796 220.05230816360697
1587396 218.84888022600848
1588996 206.89379559254274
1590596 205.26909958871727
1592196 223.7355039835047
1593796 191.12981539750018
1595396 219.50621780674123
1596434 10.937039024944383
1598034 223.8025116144257
1599634 220.34181501378393
1601234 221.12935066312826
1602834 220.03101194347641
1603629 -3.0901940004316657
1604411 2.1290677275370484
1606011 208.0682221210238
1607611 202.1135772552731
1609211 227.788455766677
1610811 211.393893609021
1612411 211.1326920114676
1614011 225.7454304306502
1614600 -35.50357775205438
1616200 230.81716465499912
1617800 213.92030438252223
1617891 -100.23189658492431
1619491 216.87727164603484
1621091 212.84920540982387
1622691 204.11067061746303
1624291 216.41235793233358
1625891 226.17480178967517
1627491 226.11680353230028
1629091 213.2970841862338
1629981 3.645867276759887
1630123 -104.68811607174948
1630206 -99.9400179924611
1631806 218.97735751838866
1633406 228.11487703462467
1634839 89.76185508833188
1635350 -43.014649513573985
1636950 236.18926582019122
1638550 218.11137303373252
1640150 193.05208058246942
1641479 69.11506238127916
1643079 237.31737783286434
1644679 197.2197706674334
1646279 212.59296812468108
1647879 209.07734725050233
1649479 227.19865555098966
1651079 215.1545503572075
1652679 204.7912030631814
1654279 227.80157729863615
1655879 215.46082615221218
1656378 -37.280648660876224
1657978 219.10841415295772
1658423 -49.62794846225473
1659710 57.934519168923316
1661310 224.44073335882152
1662910 206.0606395460307
1663769 13.34702833285651
1665369 210.68234446414934
1665462 -110.67090757961385
1667062 233.91318973941085
1667883 -8.251438951225325
1669483 195.044475744303
1671083 243.19357947808106
1672683 218.8117541376066
1674283 225.02932759368537
1674394 -95.343090101252
1675994 231.1287035297494
1676710 -2.204993276837641
1677840 43.61344156293316
1679440 245.70803588874034
1679532 -97.04312764965991
1680766 77.913235848982
1682366 204.76635420034538
1683966 239.43579808751525
1685566 227.38579455355705
1687166 219.91617196338288
1688766 231.98581124374897
1688884 -87.3428034427017
1688947 -100.30180117265259
1690547 219.14784212311852
1692147 229.11899272405398
1693747 227.0779178846118
1695347 225.8470468314777
1696652 79.9468372610429
1698230 121.01084282749537
1699830 226.32277578055832
1701430 233.83424758171458
1703030 220.03624601578935
1704630 222.19604933036322
1706230 212.0198517912942
1707830 223.67751462618872
1709430 217.78400166299184
1711030 235.2451645787969
1712630 232.83304056219993
1714230 209.40429507317353
1715830 249.4288136952629
1717430 231.44182090642795
1719030 224.54200349077934
1720630 233.9125657680069
1722230 212.36580479086288
1722352 -90.68921767838859
1723952 231.86211361535788
1725552 214.8475556329809
1727152 222.0071187321362
1728752 236.8064587502038
1730352 220.57777692346357
1731952 234.2512138013757
1733552 234.40649894277436
1734305 10.229680348847765
1735905 232.62276443943492
1737505 226.71775411224343
1739105 238.48288608888245
1739621 -45.91907292181624
1739700 -97.35963368321707
1741300 221.49537950427077
1742900 236.4151248244592
1744500 223.8567355771222
1745495 48.171815856821695
1746386 22.480150489593683
1747986 206.45116241351104
1749586 226.02635719371915
1751186 240.23374116958612
1752786 249.18144291449187
1752975 -90.03839171604487
1754575 232.06207720588446
1754668 -98.84538303190531
1756268 222.6291015224159
1757868 244.94056462514448
1759468 226.41903265898412
1761068 243.82422222641426
1761169 -91.21009026018469
1762769 221.64891066009298
1764369 236.7733446781596
1765969 218.62307126436366
1766139 -95.08313335234764
1766229 -98.97126437131719
1766335 -86.0308401515279
1766427 -98.95552088243141
1767398 29.233343635479372
1768998 227.78033693861605
1770598 232.1685881443077
1772198 228.62511892770146
1773798 231.37390100249422
1774555 -2.3153480865822758
1776155 225.64970085321534
1776257 -103.24128814931183
1777857 220.60338493841357
1779457 225.72047759288287
1781057 221.87123240181512
1782657 233.6938210523432
1784257 234.28215824997866
1785857 224.9977064070898
1787457 236.01373230433222
1789057 236.81787610220934
1790657 234.90225402705894
1792257 243.74421683978125
1793857 220.16022016688603
1795457 229.58444587682095
1797057 199.54067078861843
1798657 247.9864003016836
1800257 177.43229823574754
1801857 235.14740138069186
1803457 221.09173501049847
1805057 224.7527665429232
1806657 242.18006525479456
1808257 224.23130308852305
1808351 -100.90529807007685
1809951 237.02930528377343
1811444 104.91532220869766
1813044 231.82953468065526
1814136 60.82481121068648
1815736 233.81620091188861
1817336 233.96926947725268
1818936 229.50377901496034
1820536 239.79724747175348
1820600 -100.64733906193946
1822200 241.42960234341047
1823800 239.489654415939
1825400 236.23971611602562
1827000 254.03715225820852
1827482 -46.088037051695586
1829082 243.35912773859548
1829440 -53.39966379218547
1831040 250.164025858953
1832640 232.54983718200296
1834240 230.82401441538414
1835840 237.87227721627082
1837440 219.7949700612652
1837539 -100.10179591008152
1837682 -92.1347402900389
1839282 240.62511281270875
1840882 227.48509479699896
1841796 16.385201205758392
1843396 245.56425197537467
1844996 234.57583508704448
1846596 256.91414680890836
1847882 80.57334931907477
1849482 236.25610462941208
1851082 244.92326651065693
1852682 260.88656036579226
1854282 221.5321855070498
1854916 -13.637177023884618
1856516 254.0546881026218
1856966 -40.81252613572461
1857329 -59.051129438798256
1858383 54.533538957980426
1859983 244.46221629793658
1861583 233.12480347904344
1863183 265.90705045917423
1864623 85.00060108189135
1866223 253.66888116337978
1867823 234.73556176249338
1869423 239.55053338362106
1871023 244.89976500248667
1872623 235.2938682446868
1874223 227.03301721800756
1875343 61.958985038732095
1876943 233.0620575705041
1878543 242.63438086745404
1878820 -71.33677654040913
1880420 238.42990956171542
1880515 -97.23349394808648
1882115 247.46087157689354
1883715 264.7299236912098
1885315 239.07258829717648
1886915 215.15742761851914
1888222 102.39073477307741
1889314 46.077393911735044
1890914 224.4177179603692
1891955 45.198034841889324
1893555 228.70384916247306
1894684 58.27798658389918
1896284 235.4117934542773
1897534 79.1100279589507
1899134 262.32147896344713
1900734 231.76108408573606
1902334 235.4870427164293
1903934 211.49558609031206
1905534 219.14194398812745
1905663 -101.81544039075698
1907263 245.85540524425988
1907435 -92.70005753928966
1909035 227.15726469927256
1910635 235.54923118613556
1910854 -89.06634646132153
1912454 241.52505246866116
1914054 219.22462051856002
1915654 245.57101886790215
1917254 242.59576284949455
1917709 -36.473014026858515
1919309 224.87901819656102
1920909 229.64661608727818
1922509 240.3521203845501
1924109 226.76719147273707
1924732 -15.820039643975676
1926332 240.84494432917265
1927932 216.43267712613283
1928040 -103.1424248397965
1929640 238.57799401944766
1931240 231.3666113437968
1932840 227.1133491581444
1932972 -93.81547284932465
1934572 243.88597279663318
1936172 217.55560168192778
1937772 234.22518141213874
1937877 -91.50363824094646
1937979 -103.81426715984786
1939579 219.43035570401472
1941179 225.8204913319472
1942779 226.91612643567294
1943585 -3.5971257391080655
1945185 212.3726154859619
1946785 238.89024724056677
1948385 232.35688570386145
1949985 250.25354258863013
1951585 231.42724238744472
1953185 234.72447863462705
1954785 223.91908505966663
1956385 218.82093170240321
1957985 232.82218357221961
1958496 -30.86337604069898
1960096 250.75268201712663
1961696 223.73523487155737
1963296 234.49869248745205
1964896 238.62927856219667
1965001 -93.98624322864475
1966601 250.49275055351058
1968201 220.8331778496608
1969801 226.9485486870091
1971401 241.89984837909577
1973001 232.57796246635553
1974601 230.48880948524956
1976201 250.11484572093372
1977801 244.04939505656554
1979401 245.00499777231698
1981001 224.6304082834603
1982601 219.05682938691928
1984201 254.7384245977818
1985015 15.92417398351239
1986615 241.54863325303657
1988215 257.16798875895716
1989815 225.1321285551864
1991415 237.59820466103452
1993015 239.5607903822623
1994615 231.0562826354801
1996215 261.67401871546565
1997815 255.00231955007828
1999415 251.3378542114528
2001015 241.7184279060274
2001392 -54.458300244207784
2002903 109.60863793891414
2004503 248.17724155539472
2006103 242.6837837407685
2007703 237.50759575418434
2009303 261.4101380144847
2010903 236.38226644458757
2012503 228.35016830253917
2012748 -81.29249888242782
2014348 257.9111457245404
2015948 246.2995595955523
2017548 199.2996566854242
2017961 -47.756487719473114
2019561 245.24276576581914
2020505 41.58780881321121
2022105 227.76502378560386
2023705 222.373194440036
2024579 6.137983610844671
2026179 239.6086556805798
2027779 233.9850124676066
2029379 239.18812748811007
2030979 243.29657557466396
2032579 253.84584554646338
2032695 -91.8142934060134
2034295 255.67816529434464
2035895 259.5587669730206
2037495 237.83856185679642
2037614 -91.66688878384885
2037704 -98.54085458461071
2039304 255.71993439760567
2040146 28.314751526347607
2041746 233.68918416827927
2043346 254.46949616711532
2044946 236.72239466452896
2046546 254.18552680159127
2048146 232.15362884981027
2048241 -98.14377512253262
2049841 240.2471768495353
2051441 254.50486753645015
2053041 249.40297475848698
2053208 -82.63942234929155
2054808 249.68423762386468
2056408 251.70603861637255
2056551 -88.19557088864781
2057021 -36.86202911554331
2058064 46.37519935742668
2059664 245.28241803193174
2061264 249.27524215528905
2062864 237.63928828039315
2064464 241.85957629411973
2064751 -64.59318204851446
2064883 -88.72513126577374
2066483 253.00750365415126
2067203 2.441769447102317
2068803 245.03349858922024
2069192 -58.79986364254077
2070293 74.38835548053169
2070670 -61.792405506751614
2072270 260.66571627223533
2073870 269.3818843887551
2074117 -71.5839043297333
2075717 247.5535521772504
2077317 236.69222127074005
2078917 247.60647121787056
2079467 -22.17257876995879
2080794 79.71122817363474
2082394 256.077689619949
2083994 250.40181866040953
2084105 -97.07166621822988
2085705 242.12653663789487
2086155 -40.289643005319554
2086237 -99.43285748088795
2087837 138.80987148021043
2089437 248.40939303337365
2091037 247.83998166668806
2092411 109.34964694455059
2094011 249.51510583714295
2095611 240.1605164512491
2097211 233.14283971290726
2098811 242.48883246544088
2100411 234.2347019559867
2101656 80.97153299086304
2103256 234.26475140950728
2104856 240.35807728010911
2106456 235.87775542863173
2107272 21.31260428544755
2108872 229.71760951474016
2110472 231.98098772995624
2112072 263.2820117405539
2113672 251.6631743260186
2115272 245.37606651624944
2116793 127.18824575958706
2118393 235.16715729376142
2119993 248.98653367210156
2121593 237.67663248812818
2123193 242.83781420237884
2124793 243.2394756769423
2126393 239.11987690122945
2127993 249.83756147863772
2128100 -90.03500609229877
2128835 -3.978063629477603
2130435 235.02923446566726
2132035 244.82729681974925
2132148 -102.2672491509545
2132477 -66.18092383874546
2134077 236.00007692042277
2135677 228.87364492515277
2137277 250.14334744318742
2138877 262.20294205954684
2140477 246.14304920475237
2142077 211.82756155278815
2143677 248.4164080322523
2145277 240.8316273374795
2146877 238.6479666330447
2148477 238.90718290678836
2150077 237.93766601322505
2151677 241.0344464502103
2153277 242.57205061907462
2154877 236.0875125969216
2155725 8.908184977334031
2157325 234.3517908022456
2158925 246.51133789304424
2159201 -74.65969557616239
2160801 237.92016969970723
2162401 243.3045237725491
2164001 245.82277733712823
2165477 113.30941161471736
2167077 242.66161126404143
2167283 -76.85487886272992
2168883 205.18575103870242
2170483 214.9203633890691
2172083 229.5111435479242
2172797 -2.8413590331815755
2174397 229.96307232275547
2175997 245.48018532200115
2177597 252.4366648105107
2179197 255.55667257237957
2180797 233.1834880029674
2182397 230.08248648985975
2183997 240.06435752420552
2185597 242.4170976807372
2187197 238.863406172876
2188797 230.9251331960811
2190397 240.9111197902865
2191997 248.70109271944523
2193597 241.6394243506507
2195197 248.6665454590168
2196797 252.587599289564
2198397 229.27714299774806
2199997 224.98622554271427
2201597 238.14696503620746
2203197 250.29213707502657
2204797 251.23710451333707
2206397 226.86413187305135
2207997 248.6359212670679
2209597 238.01975639266968
2211197 231.77633919060509
2212797 233.39592236798183
2214397 257.8520185840496
2215616 68.55748445637127
2217216 245.20660920730666
2218816 239.60286169572495
2220101 102.79602882143362
2221701 241.7754005786575
2221824 -93.88236370452152
2223215 117.83678819359599
2224815 241.02524690755286
2225074 -59.559026665596306
2226674 250.35421269927414
2228274 245.3101501348458
2229874 259.933463133088
2231474 246.85562653008287
2233074 250.51466797095716
2234674 247.64932219515572
2236274 226.5674635621142
2237874 243.6623486305028
2239474 247.40411605779465
2241074 233.9227783098715
2242085 48.02629977624218
2243685 240.6806730493831
2245285 258.7330849799529
2246885 235.7369104488984
2248485 244.7834949494157
2250085 239.70820693484103
2251685 239.51388024007417
2253285 239.98553489889406
2254885 256.73284720527323
2256485 221.77222658834887
2258085 241.96133094579486
2259685 230.25738435010484
2261285 251.59626479189083
2262885 228.1740674897546
2264485 244.36527331699244
2266085 233.24039272380466
2266865 -4.2766595017525475
2268465 251.72883541252773
2270065 251.5655856992377
2271665 245.64763125680102
2272898 80.75537841140633
2273027 -91.71066955760867
2274627 251.05131440987455
2276227 230.9169383735817
2277827 239.19286711580165
2279427 219.11470062116027
2281027 260.0902248121154
2282627 241.47623107299927
2284227 249.27930744896332
2285827 230.26686937873745
2287427 243.4012560516531
2288003 -20.609569698127316
2289603 257.6029540572002
2291203 230.9355658455527
2292803 227.4902730775469
2293143 -54.533214813655206
2294743 261.88912569980954
2296343 240.36963579571346
2297873 122.60862068701701
2298952 57.120802049312516
2300552 214.9261903302839
2301440 12.816667785743718
2303040 233.48270940214937
2304640 245.18083459627238
2306240 240.22786606581818
2307840 252.07046096723593
2309440 253.30610346239936
2311040 253.28697208645036
2312640 253.37767113747938
2314240 241.2266453845522
2314310 -101.43080764062951
2315910 242.75461854474597
2317510 257.28130017796406
2319110 260.0290781234788
2320710 232.6442080519171
2322310 257.4328558207024
2323910 245.31992522084806
2325510 238.79508029763545
2327110 247.04390968779413
2328710 232.65423133007326
2329734 40.1651263963507
2331334 252.23375512751917
2332934 235.34210584958385
2333083 -97.80823651829083
2334683 230.0028912102401
2336283 239.40231781041376
2337883 240.0736309774404
2339483 251.28119583382957
2341083 252.08832394680192
2342444 85.17059574990049
2343643 65.39919331895356
2345243 247.57186628614105
2346843 243.20192979988843
2348443 240.53725815821056
2350043 262.8217004327245
2351643 234.23864439310196
2351777 -92.38188705184147
2353377 240.92899285101134
2354977 260.88604980646267
2355104 -87.07992349205043
2355212 -105.84192303995415
2356797 129.65759403043626
2358397 259.8630746921033
2359997 249.63980404569287
2361187 80.44739477114246
2362787 257.13975716565653
2363762 53.36035065860506
2365362 245.5753599281388
2365488 -82.84064970876959
2365592 -97.86623042779975
2365933 -58.222851811693374
2367533 230.89784236942805
2367706 -94.56841933452831
2369306 249.94990103871595
2370906 250.70547499104845
2372506 242.30392852509036
2374106 239.071841688944
2375706 240.73446123683286
2377306 233.90723714319583
2378906 248.89612114389573
2380506 228.31996751284424
2382106 245.27427449567597
2383706 219.68154354118744
2383854 -92.21734468143372
2385454 236.62490057266712
2387054 232.9337280134917
2387152 -99.1373868938343
2388752 246.75399373303767
2390352 249.65343013142058
2391952 232.083430714449
2392492 -29.086621092162076
2394092 235.5412977506011
2395692 240.9319419158103
2397292 231.66301133464526
2398892 253.77951971893617
2400492 249.0268503509866
2402092 254.79189303588706
2403692 227.1753898184701
2405292 240.1416545131884
2406834 116.62928206473873
2408434 246.7136874223376
2410034 255.85121036622792
2411634 241.69716687371502
2413234 255.25752644335483
2414834 216.13702303391628
2416434 49.76805001984786
2418034 232.17443016927515
2419634 230.90668995839383
2420162 -24.427530846613507
2421762 218.27640028434348
2423362 257.19481554707806
2424962 250.13780002453237
2426562 253.77598911117036
2428162 238.1562406844528
2429762 239.4213880784234
2431362 230.1783763596152
2431514 -96.75570387685391
2433114 240.77442904723586
2433709 -14.986596057195896
2434415 -0.17917558640974107
2436015 246.72777500304346
2437615 249.21377463898028
2439215 254.121355260165
2440815 234.52471104149407
2442415 254.51702881531585
2444015 238.2842982801837
2445615 242.87371654772642
2447215 236.44641702952688
2448815 247.38283179887088
2450415 249.83110777199147
2452015 243.1378158312728
2453615 261.3824940844967
2455215 245.13031903726645
2456815 243.08672110458076
2458415 244.28071465461898
2460015 249.48702816751643
2461615 268.04008907630146
2463215 238.41867056838916
2463333 -93.70376317399756
2464933 233.62322205459824
2466533 256.72245506063916
2466661 -94.04078946109489
2467800 54.46218684691604
2467921 -91.50212737434667
2469521 255.50814302898
2471121 264.84007751414015
2472721 254.43023049111318
2474321 254.38672625327953
2475921 253.7443835120254
2477521 263.6973019609721
2479121 244.25495435785032
2479870 3.842333651412517
2481470 258.4491744310746
2483070 256.16460759138346
2484670 232.28117948068697
2486270 259.90108285348316
2487870 248.75574296863627
2489470 250.84409044755253
2491070 240.29217493941513
2492670 248.00947349122623
2493562 35.200654083408466
2494525 52.19072357442053
2495577 33.83330872534157
2496436 13.588284561967171
2498036 266.145643686455
2499636 267.3730713602633
2501236 262.0446460017844
2501686 -38.59858681930574
2501910 -80.58258855967969
2503510 263.7742576215925
2505110 257.1704406159948
2506710 247.95558217165842
2508310 265.3646010349891
2509910 244.4863839149291
2511510 246.95548868804772
2511646 -90.52077104822608
2512200 -30.47041367136559
2513800 252.75431365790396
2515400 236.7804542185986
2515521 -90.767129205135
2517121 270.4202975474433
2517246 -100.73657173348715
2517363 -90.90819440098448
2517491 -86.05746903753653
2519091 252.17951407384422
2520691 244.00164727251175
2522291 247.3298543997356
2523891 268.6225751990598
2525491 245.79921966688676
2527091 240.95760551656912
2528691 262.4285992721011
2530291 260.76772892729906
2531891 245.3397417969996
2532676 9.747948979005514
2534276 238.09398212919822
2535876 263.21518913107025
2537476 252.21557241411108
2539076 253.56423392043226
2540676 249.06093545656185
2542276 260.73185918317284
2542429 -93.19861452708207
2544029 274.1696700123538
2545629 250.7750286920761
2547229 257.7796748119744
2548829 249.55102577941227
2550429 258.86141258152895
2552029 241.23056831630225
2553629 256.45639583714103
2555229 250.31195184437618
2556619 124.3933067953148
2557062 -28.56990170539636
2558136 64.33747546723203
2558225 -99.35789279691689
2558366 -92.09688645511804
2559105 9.482949395408596
2560705 257.23247275816396
2562305 265.2627076245533
2563905 263.72849515459785
2564632 9.378160583881169
2566232 264.6676663735662
2567832 229.12742230866218
2569432 254.00046264600985
2571032 255.61144103424525
2572632 244.48793860540263
2573072 -41.79999240005264
2573822 3.3255650317716032
2573940 -88.99390016325626
2575540 261.9872104772114
2577140 255.72517090372173
2577280 -88.2173929231825
2577378 -98.63188039803008
2577491 -96.57023529981201
2579091 250.7447045863477
2580691 252.45156067674083
2582291 249.11592130920445
2583891 243.57905023048073
2585491 242.90506093007767
2587091 235.54592843139667
2588691 245.5059719265834
2589435 6.937206991657291
2589759 -57.36025372989538
2590696 47.47660294281599
2592296 246.9872682595489
2593896 250.2513126036494
2595496 245.5536140036428
2597096 243.61858875171725
2598696 257.7911039030894
2600296 247.61390384175508
2600403 -97.11475986653443
2600507 -92.5157874857032
2602107 229.80139062116896
2602245 -90.80118831695337
2603845 250.19477558697005
2603996 -85.47389366481174
2605596 221.51225642416213
2607196 252.4703535605698
2607300 -96.36709944823694
2608900 245.11427855373597
2610500 278.655390175777
2612100 239.6822255485976
2612254 -87.23669898739239
2613854 248.64108483213172
2614694 1.5303683977234073
2614805 -94.17489795185253
2616405 274.04328747221575
2618005 258.37104366012744
2619605 252.06355665218103
2621205 262.36194059880756
2622805 241.89155369246382
2624104 93.01546565749143
2625704 254.74295605859524
2627304 273.288744140233
2627753 -53.92017210697808
2629353 251.53157407832668
2630953 258.72167252769606
2631063 -93.37385878819444
2632663 265.2944552294962
2632769 -96.50363027258777
2633659 30.619110911726068
2635259 276.482048383526
2636859 245.0192107994022
2638459 253.308231394578
2640059 250.650895074109
2641659 264.34521954201966
2643259 244.6596419131316
2644859 253.4128272324348
2645777 35.3443870669187
2647377 260.5545526319598
2647503 -92.9208126304187
2647615 -95.62211626980516
2647735 -90.98130109115007
2649335 255.25186828226688
2650210 24.68397155115376
2651810 249.01876446169325
2653410 269.50025755151904
2655010 263.5596968344379
2656610 244.11116741363216
2657023 -53.908837854025876
2657663 -13.379241479831592
2658358 -17.43114008712932
2659958 261.9951381402064
2661558 265.97561293321695
2663158 247.98306188651222
2664758 237.91056808776963
2666358 256.1209560245131
2667958 265.4135006937769
2669558 241.69954779017039
2671158 238.81725937846443
2672758 264.5579353062058
2674358 253.8716243387173
2675958 252.42820228173144
2677558 274.3334594724621
2679158 248.57244174563579
2680758 230.9146642932029
2681796 57.410533262195884
2683396 265.2912011105246
2683525 -93.97374310436845
2683645 -95.5085766372811
2685039 86.93233411641495
2686639 275.2314674600047
2688239 246.9120378177803
2689839 242.9395096373294
2691439 246.2019840539012
2693039 256.07908508617345
2694639 252.625044104524
2694742 -96.8321368709635
2696342 263.3678783482781
2696470 -88.95739723917718
2698070 247.8578682813564
2699670 254.71099941660628
2701270 245.72077039900375
2702870 259.7408108682314
2703012 -90.28525264637483
2704612 222.74585813668006
2705947 96.55535960783735
2707547 251.34660563965605
2709147 262.1897669027369
2710747 271.69975436813843
2712347 267.6434780566076
2713421 44.96608399044851
2715021 249.8692949314127
2716621 260.78738873537475
2717860 96.26789774287622
2719460 269.6994862499386
2721060 245.49168116728123
2722660 235.07614304130246
2724260 256.2201700371756
2725860 263.55224550590924
2727460 243.6091668123865
2729060 263.16215002197595
2730660 256.5891325343191
2732260 271.0983904828449
2732388 -88.63286267000001
2732518 -89.59861861161018
2734118 247.7983244175467
2735718 231.89705392355538
2737318 249.04150002179358
2737416 -95.83099144709297
2737528 -95.15752506618014
2739128 243.13798908489937
2739252 -94.84477284759313
2740852 256.46937073311574
2740977 -92.12577762399303
2742577 222.77208228397808
2744177 45.66386354970962
2745777 262.8057979088761
2747377 263.8975008630615
2748977 251.0404023073947
2750577 233.0378767909593
2752177 262.5150767884036
2753777 255.7817569742894
2755377 256.148161667534
2756977 244.04544192775214
2758577 223.48639462204733
2760177 257.4801157000286
2761777 247.26575876747722
2763377 255.45492087480307
2764977 244.13704144842143
2766577 252.60985962808064
2768177 259.3685215596472
2769777 250.67822442341404
2771141 99.92083598835671
2772741 254.23291643491018
2774341 233.76056224549427
2774468 -89.1722710143278
2776068 259.0273419189783
2777668 247.609626388837
2779268 257.4462379068342
2780868 252.39779093938395
2782468 258.0419687366888
2784068 247.46535900794723
2785668 237.2118050984358
2787268 245.08707110039128
2788868 227.30163363451047
2790468 247.78429277675502
2792068 259.9063640040884
2793668 262.37569655335807
2795268 248.9005976238444
2796868 255.60303162080626
2798468 240.99914952676212
2800068 256.59994316076745
2801668 262.1685310138542
2803268 269.0014229201304
2804868 248.42818119342544
2806468 259.9609605195615
2806591 -91.57425703052307
2808191 237.0264553007106
2809791 249.97020139969425
2811391 233.54739612661814
2812991 238.90261057956096
2814591 245.07360398021754
2816191 259.55441751137704
2817791 211.50758338950226
2819391 264.01911709601825
2820991 268.2951928427513
2822591 242.08318176623078
2822931 -55.628466701300496
2824531 246.63402376121323
2826131 256.0484413950496
2827731 249.07443645492006
2829331 242.27707076357714
2829470 -89.82992416185544
2831070 248.45200362970115
2832670 250.0797242223714
2834270 245.18616231442175
2835870 239.8746045682976
2837470 260.64212164354535
2839070 281.58756101749543
2840670 264.6237173935104
2842270 260.8657987090224
2843870 243.74889705978313
2845470 246.67827134552957
2847070 243.3035766452616
2848670 255.8282089187473
2848808 -88.94458393965506
2850408 260.17038453835784
2852008 259.1494627825617
2853608 244.38563432985399
2855208 218.14806387288246
2856808 247.2681664326817
2858408 257.9638335670592
2860008 263.00844761135164
2861608 261.8588008949856
2861761 -87.15654339144223
2862283 -22.114976747779806
2863883 251.07506313213239
2865483 235.79296606558484
2867083 263.56195091903413
2868683 240.91891050251095
2870238 152.78714050899902
2871838 261.13824450924636
2873438 220.63857716927293
2875038 268.3486626441997
2876638 258.5291232861828
2878238 255.8032419092842
2879281 43.69454265124085
2880881 265.40913429053103
2882481 266.34161460500525
2884081 251.6239935897874
2884207 -88.81394305974524
2885807 263.7606412074149
2887407 225.97909337132697
2887511 -104.73247378296033
2887668 -85.80542683355883
2889268 262.0917756538745
2889393 -91.20371261920687
2889553 -82.46991909235467
2891153 262.2558356339246
2892753 263.58527286594904
2894353 265.94035494820963
2895953 272.24480727018204
2897553 254.977206136014
2899153 246.12376187434222
2900753 253.99711117216054
2902353 270.2062894303465
2903953 264.524466965773
2905553 256.26757300154634
2906914 110.07771708409149
2908514 266.57890875896305
2909672 80.91135007406615
2909800 -89.3292491017844
2911400 255.8696423403881
2913000 264.7246557866859
2914600 253.4852664351626
2916200 255.80280527122008
2917800 281.58716157368457
2919400 251.37032188236168
2921000 272.6129836556955
2922600 258.8063806239164
2924200 234.75650142319589
2925800 240.72705856978047
2927400 271.4504000270324
2929000 274.74587092604037
2929162 -94.82993716486016
2930762 249.01641456069973
2930842 -98.71125776005101
2930969 -96.0824203536883
2932116 65.42420046662443
2933716 253.93146934635655
2933810 -102.40043376580378
2935410 251.49364582680641
2935533 -88.38176485076113
2937133 271.4735501668429
2938733 257.9109488698805
2940333 246.59177234203744
2941933 253.90736506940175
2943533 247.66207847702995
2945133 255.40229133141253
2946733 262.2582519637367
2948333 264.5014108536896
2949933 262.74896335067973
2950813 25.820042651859012
2952361 130.09836278562864
2953961 262.12127356304893
2955561 276.5595540828054
2955910 -54.04176765933851
2957510 264.60142224022496
2959110 268.474191630427
2960710 262.1634391021539
2962310 267.54298751598395
2963910 270.0029102238569
2965510 283.5756756440231
2967110 276.2453750540555
2968710 270.55952459709385
2969674 39.10623265960078
2969957 -68.46449214090515
2971557 262.2292155459013
2973157 234.57678109786227
2974757 276.5074414945024
2976357 266.51737104313
2977957 263.1513682710126
2979557 247.87289045201686
2981157 245.57010073233738
2982757 273.5791239398804
2984357 254.02365295931438
2985957 255.6683459817311
2987398 124.9915639985789
2988998 271.95280529045243
2990598 242.3530804194089
2992198 264.47322992877747
2993798 254.581151328495
2994904 62.47769684814858
2996504 263.2413371394907
2998104 264.2729729562041
2999704 263.97610341584766
3001304 262.28182543383565
3002904 246.78579580397394
