# reward.txt contains number of transitions:cumulative reward
1600 -110.09884546820844
1658 -114.96766057910335
1723 -116.72481224881773
2412 -161.3885117337403
2519 -116.05997108588042
2616 -122.81620394168414
4216 -120.10453365839702
5816 -123.27886446893193
5989 -122.47566579751671
6061 -102.19931852330268
6162 -129.83448257286784
6246 -97.37895773749922
7170 -193.12153090998845
7224 -104.79025998713696
7279 -103.14542258101733
8879 -107.37974732429235
10479 -122.43883892066042
10544 -118.8880373809524
10653 -124.47844960572269
10718 -102.03960763343113
10789 -120.04791570282728
10824 -108.12466108912727
10956 -100.35652792125691
12556 -119.75148932574916
14156 -114.11227211213964
14230 -117.15008002199542
15830 -126.09845276919775
17430 -124.51390772514445
17492 -106.67902253992732
19092 -97.88983787583055
19144 -113.75934508286308
19203 -113.01294204672224
20353 -170.64290448867365
20434 -115.7998563044096
20484 -104.90812463403121
20563 -102.26353304324113
20619 -111.878041815465
20665 -110.44104091791623
20733 -115.95268795554495
20844 -104.81634009849715
22444 -87.33082758077823
22487 -107.2761669816468
22543 -100.08842707291184
24143 -86.06643991847963
24233 -100.26069180868132
25833 -87.14331204899466
25902 -101.58922807849198
27502 -83.04134265520239
27561 -106.8990426953497
29161 -77.12180977613048
30761 -115.78339352019738
30823 -114.69552590937478
30884 -113.88681891751227
32484 -80.68767097250169
34084 -77.25830020513328
35684 -83.8582713993498
35778 -117.30183078970201
35840 -98.21252354599163
35933 -114.56011233143508
36004 -120.7199244264948
37604 -78.52915477966842
37664 -115.02439663710258
37757 -110.11710729048153
37860 -105.80148737062079
37921 -115.08441369673795
37988 -106.18465166286006
39588 -88.71201882688862
39713 -107.36106297446912
39791 -116.503840602234
39894 -120.37030780266039
41494 -73.66920621514126
41591 -103.37562738631355
41704 -100.6879085231951
43304 -82.41236283688038
43365 -104.04019835108394
44965 -82.13787605963921
46565 -83.33234498142447
48165 -79.45200650203041
49765 -78.29768064451285
51365 -79.37644438557021
51425 -102.86736169117192
53025 -78.4489025535707
53079 -104.46932715238569
54679 -79.42617844219373
56279 -78.21975978932464
56353 -111.26925561728576
57953 -86.4967762706151
59553 -86.07616755738267
59649 -125.16949886688032
59714 -111.47312631895207
61314 -83.95579551816424
62914 -85.3315926629648
64514 -79.79038881547869
66114 -76.29189785101767
67714 -80.10586109536649
69314 -92.55859490593626
69375 -120.48358155383914
70975 -83.23447481524269
72575 -115.08150411922483
74175 -73.66959661622661
75775 -84.14848482408959
77375 -88.60665662656965
77429 -113.47188824477357
79029 -87.21607508925771
79107 -116.21338016928608
80707 -78.7075736971628
82307 -77.80595433480305
83907 -83.62465191707233
85507 -84.92679007006384
87107 -81.72944812026398
88707 -82.55461158290372
90307 -72.29322431199853
91907 -78.12376576590158
93507 -81.92215611860709
95107 -85.99521353603711
96707 -82.68495473223064
96808 -114.91098379361132
98408 -76.1905356569455
100008 -75.79118028211909
100084 -99.05703412101977
100143 -104.91329234070703
100191 -101.62602606412334
100314 -100.98162668483953
100368 -102.64400820142961
101968 -102.0634384804676
103568 -84.7476660402881
105168 -61.643320819263614
106768 -79.29326120481706
108368 -71.90891183816595
109968 -71.14133226564529
110039 -111.07445679551176
110109 -105.0205038205379
111709 -73.98981017578386
111763 -109.4145948128545
113363 -80.81272150811253
114963 -73.23045781128357
116563 -74.20837706572948
118163 -84.6298784994215
119763 -75.91278417817323
119834 -110.52382505975044
121434 -78.0652227811388
123034 -76.76074575725433
124634 -73.75292259883135
126234 -74.03519168103803
126302 -115.15604902607699
126402 -103.78349151304488
128002 -78.2067974440803
129602 -76.13731120997844
131202 -75.03703486373037
132802 -78.90167818274512
134402 -73.78951041860692
134465 -114.68873469500741
136065 -73.6388230013133
136142 -119.44090783769823
137742 -73.24156565921332
137797 -112.44235737356482
137846 -108.60537315106703
139446 -74.64328320001874
141046 -80.46121959488346
142646 -72.25752771341986
144246 -73.77048484734829
145846 -82.9285746639686
147446 -83.70048822402137
149046 -71.32257095427259
150646 -79.53693719072017
150693 -115.05552399436509
152293 -74.876007923898
153893 -78.54252993633263
155493 -73.54942604898842
157093 -79.50779965555066
158693 -72.48957663540534
160293 -77.89458028167124
161893 -76.3068825915952
163493 -61.638494998582345
165093 -71.9772350031037
166693 -62.196460047043274
168293 -74.68345103263098
169893 -63.28326651107914
171493 -64.24332940552293
173093 -59.153688137946276
174693 -63.19930015563787
176293 -63.45185154690529
177893 -55.42038309197816
177974 -104.12850330425115
179574 -59.402886753338144
181174 -47.517504724192825
182774 -66.18206069171367
184374 -59.0852420191379
185974 -56.93728967007936
187574 -58.68694050513718
189174 -65.98004591268239
190774 -56.943577716626926
192374 -44.51830151892676
193974 -56.76993128381665
195574 -57.48972735132708
197174 -58.65720215036164
198774 -52.030582432814
200374 -53.80815277546829
201974 -50.60534989215488
203574 -51.85241431720958
205174 -50.659675935101255
206774 -49.88294415564157
208374 -44.27915775418609
209974 -37.2915925636459
210019 -115.87520965877424
211619 -49.600191729529094
213219 -45.982886720107906
213283 -120.19017271366405
214883 -39.37589531849935
216483 -47.22752844848299
217758 -141.79451540698298
219358 -37.25825352201853
220958 -40.950903220034995
222558 -48.113233215805714
224158 -40.64751252643025
225470 -144.8642277709435
227070 -29.036919175234942
227132 -110.33308909333621
227233 -108.26352388832223
228833 -35.48282602720205
230433 -35.31457459127777
232033 -35.78875311057032
233633 -37.84456802053759
235233 -37.94349905223525
236833 -35.91609984229941
238433 -27.861277835762746
240033 -39.342606814238515
241633 -38.95217923795212
243233 -28.104788576186323
243282 -105.86485840941221
243398 -96.63032065550983
244998 -26.343419887805982
246598 -18.021510144269705
246679 -116.66749936553711
248279 -24.98796081653331
249879 -29.33569861293523
250642 -105.49053364723595
250731 -120.52475580769405
250767 -106.17599584563139
250894 -103.27908949137262
250959 -106.06235737852037
251015 -109.53317549609517
251078 -98.72017292577246
251169 -105.12912906528015
252769 -23.783946452888653
254369 -68.59018476475775
255969 -31.34793057563098
256054 -95.66668492586616
257654 -31.740554422200937
259254 -24.632795884165937
260854 -26.696126626769043
262454 -28.38697419926276
264054 -35.50890016940861
265654 -19.9818251483217
267254 -11.630237521966441
267328 -107.62517498122901
268928 -14.674781709669116
270528 -5.1340929184928585
272128 -8.305737201456841
273728 -1.0971624320422586
273842 -106.31489584995963
273892 -112.04139872151427
275492 -8.3874088858037
277092 -14.841792903557419
278692 -19.747869147691276
280292 -20.59999585306398
281892 -5.461115681958679
283492 -6.82579668772655
285092 -11.361903558336849
286692 -20.866051823518568
288292 -15.434847592778475
289892 -2.471373045918226
291492 -16.41274988905341
293092 -6.208497100123861
293178 -97.01736341907953
294778 -78.3182002286971
296378 -1.5836246903784184
297978 -0.16259990307874883
299578 -14.024738654583397
301178 7.103701461128869
302135 -111.89959575011332
303735 9.958538305732105
303856 -106.35950051106698
305456 3.2571784758990714
306568 -92.64631426316375
306624 -112.29410546304597
308224 2.8273078360861743
309824 16.655715749563647
311424 11.719153515368708
313024 23.13038468467881
313122 -106.02128076297356
314722 16.276185987942654
315622 -88.73282742774363
315843 -108.58202904872877
315928 -117.84775720941649
317528 17.243027935357745
317860 -98.9094729004583
319460 16.554539918392887
321060 24.19629553181866
321172 -113.22671052701894
322772 20.700014717590037
324372 16.98627111818024
325972 6.423240031449757
326351 -104.94427609380024
326428 -105.9426480460527
326539 -97.43184691410201
328139 23.95314084758172
329739 22.02458010629563
331339 5.725734439011663
331398 -107.25400003248018
332998 29.12723594323425
333055 -113.67812275306385
333130 -121.39847381478113
334730 19.80581549061773
334784 -112.59888010776974
336384 -0.01469770671955399
337984 20.129220306415718
339584 29.545184089895965
341184 23.362149268422908
341255 -115.3684403071714
341386 -106.19268020237423
342986 33.21164002240267
343071 -105.05136014310023
344671 10.35596110598868
346271 7.336796959717917
347871 31.927657448124712
347928 -115.60748310221112
349528 46.8280797104612
351128 21.42156980177697
351270 -104.17432393682158
352870 29.2133533431199
354470 35.85441599806391
356070 49.850228332631275
357670 39.66381885024349
358229 -98.74609476231909
358280 -119.92805725953045
358744 -93.32726111480842
360344 52.05293016971837
361944 36.47651250385061
361994 -117.94196903534792
363594 18.536975634803365
365194 30.792627666776365
366794 19.851876564866554
368371 -51.83519378472919
368420 -115.64477103327339
368470 -107.09763493791223
370070 36.58117261982526
370115 -115.10379261424082
370609 -94.26882604406401
371614 -76.37392180815365
373214 34.45884658142364
374814 52.12208877366559
374935 -114.66674980275084
376535 49.55885055163512
378135 51.773106736366984
379735 46.91937306390515
381335 60.35252193782912
382935 62.81057225635594
384535 50.81853820784532
384586 -107.91976932414
386186 60.41717104539905
386245 -116.27526986131413
387845 65.76115226899145
389445 59.92996343293735
391045 47.69932196275142
392645 64.78937701214846
394245 64.80272159589464
395845 44.506822604249535
397445 34.70724899851531
399045 59.6926519298758
400645 60.76248089703295
402245 65.19861423271638
403845 54.446586999942554
405445 70.46547667206949
407045 57.12754906755809
408645 67.71092941077048
410245 76.7166720991253
411845 76.82846071728456
413445 68.04703877636287
415045 75.57251379499338
416645 74.11255788919308
418245 100.29113166930401
419845 85.55428092997707
421445 86.07229454084468
423045 90.36747821526663
424645 89.53600190822344
426245 107.3740117820942
427845 92.64985677924942
429445 76.457148497482
431045 91.13275512903418
432645 100.28501893658752
434146 -41.04896324058252
435746 90.20006030151367
437346 96.68790116966451
437961 -69.32124676478158
438057 -112.6045656395064
439657 75.48826704458865
441257 84.14686339590382
442857 110.6832622295804
444457 115.98255611022516
446057 113.3715110873521
446150 -98.30823120826606
446326 -96.76855906259703
447478 -35.29521947877417
449078 89.1957021244031
449910 -59.80935685493674
451510 119.56326117256859
453110 84.78996162811197
453189 -108.04224996976865
454789 118.32647547197661
456389 89.68946601015755
457989 97.57958437976933
458166 -117.79762304905367
459766 99.54571440678663
461366 93.30685308187941
462966 90.43838160103633
464344 -8.71916824479284
465944 70.18359563311878
467544 50.06420367581022
469144 99.1338558619705
470744 114.55660350819177
472344 126.3550298096099
473944 95.91593706635507
474039 -97.74283174819375
475022 -48.79781469318455
475073 -111.80051151785193
475751 -48.679193842152074
477351 123.64977242585641
478951 106.71131745861568
480551 126.77947867115472
480669 -98.92408227030312
482269 113.6367090439399
483869 103.84890944332484
485469 129.2117845406718
487069 104.36649392692969
488669 112.6270327769518
489109 -78.83597776407997
490709 89.98713785133387
491432 -63.87920905339033
493032 119.28197233251676
493127 -101.78988465201917
494727 134.64669431769175
496327 96.50155233200961
496434 -99.83060002610212
498034 119.16388763589666
499634 111.01088571482192
501234 102.14172397952962
502834 114.13102673107058
504434 97.05936953087333
506034 128.34933895177457
507634 131.69603651928728
509234 93.05728515830197
510834 90.44935370299793
512434 112.40554043060982
514034 114.00529079567018
515634 133.38866441345525
517234 121.80156152784909
518834 121.40952984558734
520434 108.63458527756183
522034 119.31826381183295
523634 129.69535625731243
525234 149.35218391050847
526834 122.70489789957672
527252 -77.83340592309588
528852 120.72031079777618
530452 119.81164832427918
532052 119.04360616851406
532165 -101.84943180005004
533765 120.29207420699035
535365 117.39582299856471
536965 134.0241584758522
538565 133.7020276055522
540165 120.96535548600923
541765 129.55660065098294
543254 22.122911815208056
544854 134.88655007484454
546454 110.07249794094642
548054 126.78311710906657
549654 131.6641475930307
551254 128.93954939107667
552612 16.454148285004365
554212 103.89481111044668
555812 139.59651767294116
557412 114.11822480833798
559012 115.33427549795934
560612 153.1412103772796
562212 130.73507383005463
563812 130.98662272119432
563948 -109.54280892626258
565548 150.85234766200543
567148 142.29588849117823
568748 145.91875827767836
570348 134.04470310688941
571948 147.991929699673
573548 139.96187386916338
575148 160.48402883904697
576748 169.55063984464041
578348 169.34988206548113
579948 153.9765377545139
581548 165.79249675654953
583148 148.6193365096221
584748 173.73472668835637
586348 174.5157832563654
587948 170.81442109210317
589548 170.57651826360203
591148 145.62732544143572
592748 157.53495702783096
594348 179.75757977189633
595948 150.6803111692393
597548 154.89581230250258
597816 -84.65080512113435
599416 170.5438981457407
601016 156.9386231757379
602616 158.26467952553432
604216 174.3094285278567
605816 171.7955725511519
607416 170.0797093647703
607471 -107.07886687543802
609071 161.47275330812172
610671 154.8656519211649
612271 164.33153677400426
613871 160.5186148894534
613967 -112.49922975448395
614102 -102.43837622134139
615702 177.41401261343532
617302 183.99357867320705
618902 167.73306692537776
620502 170.9243571043206
622102 143.1683349507489
623702 178.02737611072354
625302 176.0437082143307
626751 34.66752520621151
628351 141.96963142865158
629951 158.56870101244184
631551 165.5952049591276
633151 164.63798067852784
634751 185.93727281831514
636351 147.74613329421496
637014 -35.55962905621968
638614 155.50670987970202
640214 150.59852789473715
641814 171.65444069931573
643414 174.59987965949537
645014 191.98410275976767
646468 60.07999750102772
647372 -27.663536908744604
648886 74.73258768519824
650486 158.53607923869842
651460 -0.26145640740605813
653060 171.5870956494117
654660 166.21174380282318
655370 -52.48931191423112
656970 182.48921445086492
658570 174.58069356618162
660111 70.37368611171922
661711 168.9738261291096
662097 -72.66616722002192
663697 169.82739969102147
665297 170.65449310682394
666897 185.15313389568325
668221 28.52634465212617
669821 186.04297949214813
671421 178.05862703299576
673021 179.43635158026444
673848 -7.031826250475476
675448 175.7739190387393
677048 176.16763939306065
678648 175.88414645148447
680248 190.5147940067051
681848 160.2522853806467
683448 179.6703883548302
685048 175.68043261878404
686648 191.14266068016116
688248 172.4452395094
689848 177.24648522805808
691448 184.4565403810561
693048 180.6537088879208
694648 176.2223227577127
695965 30.75374875872197
697565 179.61171385181424
698314 -22.17495444407804
699914 179.42591949392545
701514 186.2499605706094
701629 -99.20079219163767
703229 181.287149303443
704829 184.6900179638748
706429 190.61379743816704
708029 186.71620503670155
709629 170.36682577298185
709791 -112.71992364372188
711391 192.7990730968842
712991 166.06435144602375
714591 176.68274683969835
716191 186.78682935675627
717791 180.57696981415438
719391 174.44059510139653
720991 177.2563350989805
722591 176.0920376455604
724191 175.84047298992576
725791 169.24272084806907
727391 165.16155689753072
728991 155.49303440444967
730591 176.83203359966717
731761 -14.003310713023552
733361 161.67611331491284
734961 187.87042720684346
735786 -25.449507574071376
736079 -86.95508126424036
737679 180.30826335880775
737743 -110.47522690665723
738981 19.204728319350394
740581 168.87133148799703
742181 152.99254842933016
743781 169.540593050127
745381 174.26614508723787
746981 171.5759725950229
748581 176.94592855011334
750181 175.86485265203953
751781 170.2133051307865
753381 171.1679294578409
754534 18.53537351190431
756134 160.60597329289882
757734 140.5334711491642
759334 157.82034010759574
760934 162.98498302562913
762534 184.2615489376449
764134 145.96399417780208
764243 -104.70038822889313
765843 156.95239216435314
767443 190.89696758236778
767545 -101.77653656039821
768008 -71.34297578661642
769608 174.19943062605756
771208 146.20981434691535
772808 175.4513691028547
774408 181.52729046193926
776008 163.54096956845828
777608 173.9991582791369
779208 180.55679713085118
780808 167.1353441997995
782408 178.96209459521356
784008 182.51868759639729
785608 166.6101351300794
785658 -104.99433013760361
785740 -112.81046742917287
787340 181.04419364986796
788940 190.01739556910144
790540 170.83724549414498
790651 -100.54132010417246
792251 182.48499341782943
793851 181.05869461625267
795451 194.82170087982624
797051 201.2278430692759
798651 209.19091279570134
800251 184.12273240968472
801851 184.14699734613262
803451 202.36920848097824
805051 186.62699525190868
806651 181.65744688631585
808251 198.43111120899795
809851 204.4348185071487
811451 201.4527011076069
811591 -96.43913307926742
813191 186.23998376290805
814791 203.88376661364336
815417 -43.165280204351326
817017 201.09824723629634
817633 -36.273459696088594
819233 198.86753608710382
820833 178.846530504429
822433 188.92660912755235
824033 202.93097780202925
825633 195.9677338006264
827233 205.39267061156846
828833 192.91211386925985
830433 219.14959646266396
832033 197.0615185468064
833633 203.6222299079993
835233 205.2148467726893
835281 -106.56315893926471
836881 199.59487899307115
838481 209.05330638099508
840081 212.69998958948065
840813 -23.46642442620488
842413 178.75460054338356
843616 18.418998164726432
845216 170.91484965588123
846368 22.936188872658278
847968 184.0352352063687
849568 206.9687378410734
851168 211.12963823022585
852768 198.67767284826482
854368 203.31739347160615
855968 212.6995268448456
857561 105.94398527949218
859161 201.3617221200714
859254 -114.62622496449077
860854 196.332134129424
862454 200.8719638370351
864054 215.681773631708
865654 210.3322380328765
867254 187.1760527983145
868854 191.80257596235055
870454 200.38176752392272
872054 202.5939226979447
873654 202.9838025611338
875254 208.24431900536516
876854 216.93853429003002
877286 -54.68777143389795
878886 207.99223551336755
880486 210.4273272670462
882086 219.09995448570018
883686 225.38348625395844
885142 68.6855971736235
886742 216.59384299629437
888342 219.55763187975077
889942 197.642302478858
891542 206.83426949986458
893142 210.5684119141666
894742 218.7391525009702
896342 192.81819723880224
897942 213.76103384915967
899542 201.24126964134607
901142 197.8227609542238
902742 196.5035740951845
904342 200.64349809410493
905942 202.21114678156766
907542 238.20616759553766
909142 211.81637492329386
910742 215.91379647447425
912342 209.98161074286062
913942 224.81134091548608
914514 -31.905743761075016
916114 203.3659993584671
917714 211.7969134629898
919314 194.95020402277882
920914 214.04681329963185
922514 234.47893257789582
924114 212.7957777181964
925714 220.7411597599085
927314 221.85965962461324
928914 224.2706146256292
929321 -64.50571139853321
930921 208.252254787753
932521 233.01381111651415
934121 212.77861130655847
935721 205.28416958214612
937321 242.6074194285442
938921 231.77224015991098
939983 27.017841747938178
941583 226.9089529670545
943183 204.04136950988263
944783 232.9273601829088
946383 232.84692680026407
947983 222.63593386711224
949583 212.48817241306867
951183 225.3666721361262
952783 224.2499770873755
954383 232.86180704565567
955983 240.67292395583513
957583 232.19211928632458
958566 29.609944990800756
960166 223.24253029138217
961766 240.1035171127239
963366 234.6441599061415
964966 221.97153940561844
966566 224.17013821984372
968166 244.54335587100536
969766 231.7188739794737
971366 230.69677838757224
972966 214.80132443703886
974566 226.93298662507672
976166 235.29751978685152
977766 232.6872817199652
979366 227.79308914091348
980816 73.67027506736699
982416 228.38532522231594
984016 224.68298972940426
985616 235.95759607504502
987216 223.92233928517265
988816 250.28934565039472
990416 243.22539617289814
992016 222.41822358723437
993616 237.42748310449096
995216 237.00826907753932
996816 240.57440093567678
998416 243.51587397639923
1000016 221.09540110294762
1001616 236.6341698648213
1003216 217.94927689369766
1004816 228.26768989516023
1006416 230.50845175664992
1008016 240.76998777378233
1009616 221.15837849232892
1011216 220.3714797508368
1012529 55.18847570263759
1014129 249.1431224931374
1015729 239.79575882473554
1017329 251.81961060662059
1018929 250.80176316568358
1020529 245.1701331523517
1022129 244.84409130519953
1023729 257.09553853336195
1025329 236.91104602769815
1026051 8.820541714420557
1027651 220.13567276005338
1029251 238.53792597111052
1030851 223.58421664374455
1032451 250.61210235462602
1034051 257.1204441220272
1035651 243.5459894268819
1037251 232.55318545324053
1038851 238.32148445974744
1039590 -15.825120617392173
1041190 226.61336812359806
1042790 248.6452804264892
1044390 251.83511273338294
1045990 244.67878296379985
1047590 244.03147478590284
1049190 250.7958681053633
1050790 257.46521162117557
1052390 258.1729381712999
1053990 247.19097855142107
1055590 222.06803959301257
1055632 -109.24571881454003
1057232 244.16436270149833
1058832 234.54193015856245
1060432 220.17783306812944
1062032 247.2816678883995
1063632 225.53798776583355
1065232 240.09054333607625
1066832 257.3098499853256
1068432 224.36510106935523
1070032 243.91788182396672
1070152 -100.54036716620251
1071752 232.60372023285046
1071959 -99.03815747748439
1072427 -43.03909357682429
1074027 231.8320598169078
1074208 -107.84089582491387
1075808 260.8954197669225
1077408 233.90880590862517
1079008 249.87166996790046
1080608 247.2190155521955
1082208 240.74008375822078
1083808 246.3803884483872
1083853 -105.30197739377556
1085453 245.78677554603155
1087053 248.2125715547986
1087205 -93.84729835823364
1088805 252.12006280327398
1088951 -99.29029972094794
1090044 35.53731250851757
1091644 238.41105100966746
1093244 241.01572594533943
1094271 26.653356574700496
1095871 231.61286417220293
1097471 230.04388226686405
1099071 256.8380343134074
1100671 261.51264006878
1102271 226.28994547752555
1102323 -104.44431918513713
1103923 210.84390738812462
1105482 115.0050160433654
1107082 257.64099979997445
1108682 252.8025894067476
1110282 237.69888952488077
1111882 239.79450223143706
1113482 238.58973448012566
1115082 253.8783060388838
1116682 204.57099936194902
1118256 266.350526750416
1119856 257.90121540154985
1121456 252.9374945448361
1123056 251.30026700553833
1124656 251.7018809255101
1126256 210.54625894324155
1127856 245.30969627559645
1129456 243.24967058765662
1131056 246.46650119155873
1132656 247.7824609445292
1134256 197.6924005868028
1135856 242.06022220465195
1137444 264.59574467800314
1139044 231.08384927847257
1140644 243.5764108349753
1142244 228.45581303770174
1143827 263.8430507927768
1145427 248.03282244784336
1147027 259.18211019423296
1148627 239.37159511491328
1150227 257.799636431944
1151827 254.4573559386534
1151889 -108.95150606961363
1153489 247.84582277935556
1155089 250.02023816910685
1156689 237.34655661983652
1158289 252.17270782634355
1159889 249.92642700641142
1161489 247.49661579019596
1163089 232.64713903987698
1164689 248.3621722017886
1166282 264.9346473249927
1167882 236.04359719834997
1169482 245.649663635821
1171082 252.62711402536337
1172682 263.1689302006844
1174282 236.18374241799046
1175882 253.02071195494645
1177482 252.12847213013515
1179082 252.66563516650254
1180682 249.97065392915138
1182282 223.86140003685802
1183336 35.39971773943424
1184919 268.7505722701483
1186519 252.97155368036573
1188119 251.06812272979963
1189719 253.85439974393623
1191319 258.6116456636351
1192919 249.91863644816732
1194519 239.06310583841724
1196119 229.34285095862433
1196166 -105.89719254760568
1197766 245.47202572141106
1197825 -106.65988240522829
1199425 245.87180503798214
1199532 -126.53353974235864
1199627 -117.4912745646437
1201227 264.1835426124321
1201276 -104.62388769001824
1202876 237.12227529751848
1204421 271.02696128626036
1206021 248.30435739405084
1206068 -105.63649535500942
1207668 232.14956365970968
1209268 239.33680815502015
1210868 250.89546480686153
1212468 236.20909746828963
1214068 249.69064023692636
1215511 277.80085168442355
1217111 251.68668705270645
1218711 256.70917263757264
1220311 253.79212010019432
1221397 68.61893626139184
1222997 253.97387171712631
1224597 239.03047975449437
1224643 -105.37098751499131
1226243 257.2079904990727
1227843 259.1143060927104
1229443 260.3128508623421
1231043 265.2472471885105
1232643 256.8939518868151
1233584 33.20716610674921
1235145 267.4460929999012
1236659 270.99304081383144
1238259 247.91538990008561
1239832 266.826964142979
1241432 249.3560371516608
1243032 242.25362349890995
1244632 252.96219197446896
1246232 246.67182259724115
1247832 259.5646192389168
1249191 125.59220540319228
1250791 261.00590926610226
1252376 266.63440313596243
1253976 254.68573799813024
1255576 259.3968067327456
1257168 266.58605440545347
1258768 252.82207134673894
1260368 241.71328133002805
1261968 246.21087759339667
1262016 -105.90002886931474
1263603 266.26007752303167
1265203 241.9874056797111
1266803 259.57170801936144
1268403 242.9202549052475
1270003 260.5352917788774
1271595 268.9755727393102
1273195 208.3810174549249
1274795 255.94230788654104
1276395 265.363149524524
1277995 263.7383317060327
1279595 245.60125484757992
1281195 255.1042828454814
1282795 263.9397737492815
1284395 253.47696131497793
1285995 260.2123889349754
1287595 252.18164126788346
1289133 273.37741518629065
1290733 266.6569987489388
1292333 263.45816859606697
1293933 231.20009400936792
1295533 266.83039288965733
1295666 -100.2394610826814
1297266 248.8304953197595
1298809 272.9917205805416
1298924 -101.66492958163532
1300524 263.6929669519687
1302100 271.07922635392373
1303593 275.3349157269813
1305154 271.1337199093107
1306728 269.4862815423521
1308328 239.04504071345482
1309928 254.7438353955265
1311528 261.8133063815367
1313125 269.8279700827708
1314725 259.5022901806416
1316325 255.3901953263233
1317925 261.1872650692496
1319525 264.20482569140995
1321125 252.3752838406822
1322687 271.742668993665
1324287 265.55438092235903
1325887 236.47244930480392
1327483 268.1669327350068
1329010 273.85990667516086
1330578 271.0395924789953
1332178 249.8616588300293
1333756 270.1752284213303
1333804 -105.79629687849246
1335404 261.860488289434
1335481 -114.99067744592763
1337057 269.7845186526854
1338657 250.15619497995834
1340257 254.70850840665693
1341857 254.47176587885752
1343457 251.29313571802044
1345033 270.23795868373406
1346633 229.25238769806276
1348233 260.4424105691076
1349833 253.94716613619383
1351433 258.3374573070235
1353033 230.08537791363003
1354633 241.71521753184348
1356233 255.16369039179122
1356311 -113.50531697333231
1357911 266.95388122373777
1359508 268.01978777417185
1361108 256.5539052458118
1362708 265.797977047415
1364308 247.9025324492878
1365908 268.35523892782203
1367508 235.66149177773497
1369108 254.26399714978663
1370461 122.24996138323613
1372041 271.13004986892616
1373641 264.26999551387587
1375241 256.28187951749686
1376841 254.29197691829944
1378431 269.7828456037522
1380001 271.5126598120397
1381601 263.8200861645857
1383199 270.90799491323844
1384799 248.23662550041558
1386141 119.93235252260703
1387741 201.95571504894133
1389311 273.22047356553776
1390911 265.93552901673297
1392511 265.18929462697827
1394066 272.9065258245901
1395611 271.7349159800132
1397211 269.0330796492827
1398096 44.018680025710836
1399696 267.03228042712607
1401296 264.8557822512905
1402896 257.38284487931713
1404481 272.3801371522709
1406069 271.13143907926377
1407630 272.5967965172923
1409206 273.4783786556373
1410806 260.94466548248147
1410856 -101.92271241752927
1412456 263.15796984721635
1414006 274.58931529043286
1414055 -105.1617307451473
1415655 251.27438023700572
1417237 270.21980599846745
1417292 -108.10070973400461
1418892 269.8821142340351
1420455 272.5914216782422
1422027 274.0074817922629
1423627 267.43151712129895
1425222 270.16121326804137
1426822 266.0004069584738
1428422 266.4374180281661
1429970 274.2968216668307
1431534 272.7014506943037
1432349 32.560655398230466
1433910 271.28402847718246
1435480 272.8309711792771
1437080 267.3409315829677
1438652 270.35749668994606
1440252 264.48296513877307
1441825 270.5801942270968
1443357 274.03468237678896
1444871 274.7586450710226
1446412 273.8638063934786
1448012 261.5518731265344
1449612 268.42853113739733
1451212 268.1935303332774
1452747 273.7526539539498
1454347 259.2291672113319
1454773 -74.29008635904395
1454914 -131.42709722268145
1456514 259.8926438204222
1458114 256.52645130408337
1459665 273.4475654928503
1459754 -116.40585481780892
1461282 274.86167926041384
1462818 273.09372117047667
1464418 257.4339322172943
1465956 274.34650176737244
1467556 259.3562770954039
1469156 249.83995525659032
1469933 24.13705957468521
1470548 -12.380254710846671
1472110 273.02731442227144
1473657 273.67172360731087
1475231 271.86848399015236
1476831 269.26208729111255
1477226 -62.559693915437954
1478765 275.93570430552063
1480289 275.3941137388253
1480946 -0.975326946487769
1482498 272.3029298852421
1484024 274.9448322905874
1485549 275.7427396145238
1487112 270.95091331242287
1488712 267.80983545316707
1490222 276.85524907538
1491822 260.1084909035059
1493288 278.71185140893346
1493435 -96.56263306983126
1495026 270.5742288421577
1495558 -20.85958777290888
1495894 -113.75189834809676
1497427 275.76633025874213
1498215 3.3052235185690506
1499815 246.76945982744778
1501378 273.7867167415685
1502883 277.8922659979847
1504483 259.2243123165165
1506083 254.53185101239995
1507592 276.2415917520228
1509121 275.5003622219189
1510721 240.85881365276092
1512286 272.6084471084155
1513862 272.44655520720903
1515346 277.65955703278337
1516825 279.27286432673816
1518362 274.55834214493996
1519962 264.58230713550597
1521546 271.7382730318305
1523121 272.83462979179916
1524705 272.302328874097
1526305 271.576962254649
1527151 41.57690348618496
1528737 270.8854367266762
1529361 -40.054055474333516
1530873 277.44596940495575
1532473 262.1781331079359
1532675 -82.09179318389513
1534153 277.4749561241731
1534607 -36.77753275230367
1536147 274.6039904364653
1537700 274.76971947145034
1539182 277.39979392753395
1540759 271.23013681682187
1542333 272.6677954505161
1543891 272.10603511097344
1545441 273.15861921332294
1547041 249.88593031008733
1548640 270.7958744162679
1550164 276.8612321629957
1551714 274.34312005406326
1553266 273.2852185170572
1554856 271.6993784396938
1556456 239.34711729782924
1558010 274.483208053367
1559586 272.47984000364545
1561163 271.3385617322254
1562598 282.66496167374123
1563667 79.24042976929991
1565130 277.9512043334011
1566730 255.63958594129795
1568279 272.6561678939956
1569877 272.29639263808775
1570510 9.726736816211883
1572046 274.91964866994454
1573509 279.7148535261878
1574977 279.9752685533916
1576577 263.75022217961777
1578172 270.292010878634
1579738 273.29169757181245
1581334 269.06434455237854
1582883 275.57228347922313
1584483 251.77160008486317
1586067 271.94605904883036
1586684 -2.002353665499953
1588261 272.63338265226747
1589861 270.88457632909433
1589913 -105.11997999943048
1591497 269.8309363908837
1593097 255.17580427837342
1594697 264.13895294233026
1596297 269.3512199035279
1597892 271.86936931992545
1599406 278.04386693858925
1600964 273.1738317971119
1602564 271.5024871904542
1602681 -99.61914986070059
1604281 240.4721317380113
1605733 279.32714748392556
1607276 274.1812957626248
1608876 266.0101440859925
1610359 277.47934635294627
1611947 271.7471916009675
1613464 276.2014923330556
1615007 275.031207047075
1616607 270.28924180382904
1618207 267.39373363997043
1618329 -97.50682004194894
1619789 280.0285518824415
1621345 275.24993067086376
1622914 272.10546179957424
1623393 -54.28137613735228
1624908 276.6015542009195
1626468 272.8811471606115
1628029 273.8727284398676
1629629 263.00440271264125
1631157 273.93588455082374
1632707 274.62121669806476
1634145 282.4097521741381
1635745 248.85993795553907
1637345 263.87817415146714
1638868 275.96915867405994
1640370 276.96856332858323
1641912 274.60663014628733
1643448 273.9538422662516
1645032 271.8132295569889
1646632 261.22686264172614
1648232 242.01310331792632
1649820 271.63398607289633
1651306 279.2190537438413
1652895 270.64216814874504
1654449 273.604924126334
1655953 277.01339720988716
1657518 272.6315275597942
1659118 263.593112571113
1660612 277.2064658956228
1662134 275.573921564174
1663691 273.7487403938897
1665200 275.3780742821492
1666717 276.26299645344614
1668173 280.62658891962235
1669764 270.76588451291894
1671350 271.5210432518749
1672923 271.8320474095552
1674523 241.39817512824314
1675994 280.05834674111907
1677594 270.3116923769544
1679194 267.5973248491615
1680760 273.6981616668555
1682252 278.1056870129813
1683781 276.3180159496395
1685345 273.3594742412688
1686945 267.7420255972491
1687262 -59.78362497099491
1688781 278.080912738335
1690272 278.884316728659
1691846 271.7754608953828
1693292 282.8627584138606
1694812 276.3917214362468
1696296 279.5867094543445
1697833 276.9769438640245
1699305 278.8321606219328
1700146 52.7503824525416
1701746 270.33081286855315
1703254 277.2020211456164
1704338 53.039689288800474
1705891 273.38530600863743
1707491 274.0985550084576
1709091 269.65484372963965
1710629 275.98856178326827
1710930 -74.11656744257236
1712493 275.36672789359596
1714071 273.3774809259119
1715671 263.29121532019025
1717132 282.70011314597525
1718701 274.387613447183
1720220 277.75888563070333
1721820 265.1635060421783
1723354 276.5080298615694
1724954 272.51933626214856
1726495 275.447917848363
1727888 285.5318406003135
1728864 13.351227311000216
1730367 278.5500920688904
1731967 270.8964513174536
1732167 -88.97630741996753
1733689 277.9702603264378
1735163 280.9012550450266
1736689 277.5578823836319
1738203 278.095381189051
1739761 276.04733916811665
1741253 279.7994227337122
1742828 274.666932394213
1744421 272.2527159410178
1746021 268.6342039880235
1747576 274.96774532731166
1749054 278.7629621200461
1750628 275.77602517740377
1752228 263.82732658695255
1753634 284.3225656140837
1755234 265.46221895235755
1756718 279.438225471437
1758207 277.80613846269824
1759791 273.3426091808378
1761391 266.71763161747265
1762898 276.10784713818657
1764460 271.69798411969356
1765962 277.5946860464176
1767477 276.8178478669513
1769034 273.5047474785011
1770592 272.2927537688918
1772192 231.78347917993125
1773405 100.56047330309664
1775005 261.852202776024
1776573 273.0679402943682
1778050 279.3860615014476
1778254 -115.28933569294898
1779777 275.3005256828584
1780159 -66.50734989282768
1781061 51.37001949314998
1782643 272.6319579065344
1784188 276.3403053878825
1784604 -34.8390119098034
1786204 262.64224122569243
1787743 274.43837046376746
1789214 282.2915498182942
1790767 277.0632153820549
1792210 283.30892140290655
1793722 278.29128757491884
1795292 273.18217345076727
1795364 -109.10137003540092
1796964 265.10843582197435
1798479 279.18534489055486
1800029 275.3867825367747
1801616 273.9435373827308
1803216 272.4398886100783
1804748 278.01853730006405
1806309 273.13256980763566
1807894 273.2182919477741
1809494 267.90623856333093
1810991 280.539265759873
1812433 282.8575639748686
1812490 -103.2482809950461
1813962 280.119008377643
1815542 273.44616642112163
1817085 277.5416469897613
1818624 278.96250362854175
1820114 282.2026195885199
1821714 263.75824075754736
1823182 281.7122553007888
1824767 275.21252472067385
1826357 275.5339599737528
1827845 280.45865328419393
1829329 281.0194254743459
1830328 81.71371612698508
1831735 283.9917909970263
1833262 277.1872963088361
1834862 268.89993585640724
1836392 277.929340423405
1837992 236.55224661653693
1839494 277.601404502038
1841003 280.6769417107665
1842540 277.38291882681216
1843955 284.64413566934394
1844198 -102.48384902513399
1845798 267.03474483292587
1847398 263.38913547783056
1848998 271.43622984343966
1849078 -113.00805849841362
1849133 -105.6332238983661
1849238 -125.19155128031038
1850724 281.21773236701614
1852303 274.78233361181805
1853817 279.8532459048923
1855310 281.2133844528562
1855526 -106.74652234164346
1857001 281.39419969957936
1857100 -122.13644233500088
1858604 280.3068314336832
1860204 275.15302802680424
1860324 -126.60220557925416
1861924 270.01547634113825
1862038 -119.15599154273792
1863551 279.02869303356505
1863674 -125.16651927792965
1865163 280.7494899452143
1866688 277.9445715987486
1868180 281.61676444769006
1869656 282.827572495351
1871256 259.61181235921606
1872654 285.8599677637936
1872865 -89.53958801329694
1874358 280.9808776043155
1874485 -99.82641936698121
1875976 280.90195354162495
1876328 -77.05606037029872
1877378 58.45476188066061
1878978 275.6342150757835
1879133 -97.7950936677251
1880733 270.7996889516245
1882208 281.51747156419077
1883702 280.3888997464388
1885103 286.7656693134889
1886208 64.00568183736073
1887760 275.3161369874222
1889236 282.2542655477821
1890829 272.5725883139303
1892296 283.7846123037397
1893745 283.71881519365417
1895215 282.59452069550167
1896726 280.3411212480149
1898254 278.28049986170555
1899821 274.9741395851874
1901281 282.0930376580419
1902832 277.03599495375545
1904427 272.79160035272525
1906000 276.7543123958192
1906110 -126.7979907364988
1906909 55.87267471110502
1908410 278.7084697433138
1909849 283.36180195733294
1911338 279.2006195335805
1912912 272.62284099828264
1913126 -99.57663198229577
1914626 277.5796823971324
1916084 280.2925548664913
1917684 261.35068323873867
1919176 277.8394624203431
1920682 277.0430732140147
1921221 -17.2120092075442
1922053 39.693331671919566
1923540 278.260840736058
1925140 269.0834096756638
1926669 276.9842326738904
1928107 282.92658061441085
1929673 273.58488849225904
1931273 241.83384161797073
1932714 282.00355794464286
1934314 198.06380346507405
1935914 252.22761618833974
1937387 278.9420825732646
1938907 278.2987424699318
1940359 280.2344121804687
1941769 282.69930818563466
1943207 282.22167934502977
1944713 277.04599423452555
1946248 276.72349486713847
1947812 274.9282409856899
1949276 280.66671339690714
1950816 274.14226774901846
1952251 281.13751974421166
1953700 281.31284417541883
1955206 277.84292013720284
1956718 277.66266660076263
1958202 280.64623789819035
1958295 -112.24896563727098
1959774 279.5932027569207
1961374 258.6841579744291
1962902 275.969218999276
1964400 278.8486131439095
1965884 280.3178792574852
1967484 249.80238026135726
1968979 276.8223923033982
1970392 284.7056455434814
1970459 -107.28845518582376
1971977 277.77071691983195
1973456 279.81877391916623
1974924 279.4022382860416
1976400 281.3378645171363
1977845 280.6292922396597
1979445 247.30566279825544
1980917 279.64209764250194
1982354 283.9242362587744
1983850 277.2257608866975
1985283 281.4758139681082
1986827 276.02917615356984
1988286 281.55868141911634
1989834 272.6799850263995
1991371 275.89021736839436
1992969 270.81065084392895
1994467 275.58813784296433
1994549 -112.74489344763694
1994635 -115.78453687286004
1994686 -106.26650126190421
1994819 -129.8048647541559
1996193 135.832562001821
1997667 278.9648557450855
1999134 279.9107558358223
2000685 274.37202571614296
2002195 273.7709390712961
2003585 284.4320913277672
2005076 277.75633423042416
2006652 273.31389317956547
2008252 213.52383351666742
2009508 99.2966083547361
2011011 277.15754600937976
2012471 282.3102612586372
2013969 277.5828408079841
2015411 280.9164195683533
2016869 281.6983468593061
2016955 -112.35234306998551
2018423 279.2644092536457
2019910 276.9849901606683
2021448 274.6037469441909
2022925 279.7410802717747
2024446 278.23647150566075
2025941 278.00164425704025
2027515 271.63849695388336
2029115 225.7506133386807
2030657 274.26712646766686
2032081 283.85419159990744
2033681 248.84783489906332
2035196 275.37768641628776
2036631 282.31146920432207
2038127 279.4049713178363
2039651 276.26054378865825
2039902 -79.58817467600977
2041443 273.13770201273354
2042925 277.85336257306557
2044276 287.77565372163417
2045761 276.3786347961905
2047281 275.2762609512869
2048849 270.97048247357424
2050423 271.5641433257728
2051630 106.46773012128929
2053014 285.82437483688636
2054545 277.462182917209
2055986 280.9150488731844
2057405 282.97644874301176
2058750 115.63049141707944
2060203 281.01890088162315
2061633 282.6336408600255
2063125 278.3009744013788
2064541 284.67738169519595
2066127 271.16235220570417
2067523 285.57472849518325
2068918 284.99290290316316
2070445 275.6071775473525
2072036 271.2043755906247
2073567 275.2351303604299
2073681 -101.70160178668984
2075215 276.4146607462898
2076802 273.07057475742624
2077296 -28.65767428676598
2078764 280.7329547449375
2080364 254.28197798837047
2081951 274.6261109363474
2083424 280.0019685081389
2084871 282.2666195167486
2086405 276.23663193579256
2087893 279.1783204136
2089419 275.5238546033028
2090888 282.22378065242447
2092377 279.68253826847337
2093858 280.3294766024134
2095313 280.2962788520009
2096803 278.3937941702475
2098347 274.65128286783926
2099822 279.5776272779949
2101242 284.96146985146174
2102725 278.32872992321
2104230 279.55851059144067
2105645 284.2881382661436
2107242 272.90405040292165
2108658 282.6259214212497
2110177 277.8801549499911
2111612 283.42941258798254
2113101 277.7257185373674
2114546 280.4985264251597
2115975 283.5482933478269
2116268 -100.67941079578394
2117773 275.50082611458777
2117996 -102.6371174586049
2119502 278.5261701107196
2121016 276.6889790013182
2121074 -107.07738271880646
2122623 274.72757053101606
2124167 275.27092860288786
2125672 277.018943970044
2127118 281.58882609788856
2128631 277.2576038640951
2130162 275.7163360169623
2131681 277.3604541691378
2133281 259.7289258828132
2134758 279.30806682973235
2136149 285.8500878082684
2137620 280.4955924155779
2138515 49.047276161095084
2139996 276.9939747297011
2141579 272.44840796402605
2143049 279.62635995840037
2144505 280.67230463675077
2145922 283.6451872389161
2145980 -103.22850022658271
2147536 272.881187318402
2148894 289.97028278473505
2150400 276.8675988484743
2151234 26.651138126082756
2152737 276.8341456036066
2154225 278.9701636204369
2155699 280.2411862462841
2157030 126.12551208115386
2158483 280.4274812790234
2160008 276.0048727775396
2161388 285.4607402598484
2162790 285.26881513796064
2164268 277.54843313169795
2164318 -101.60612015140802
2165856 272.0835382008665
2167456 247.74883918599303
2168983 275.3288461577553
2170483 278.78726875719644
2171919 282.86823225542673
2173341 281.841642816657
2173554 -103.58996804122255
2175013 278.49797182829695
2176532 274.82344473731985
2178132 253.03821978501588
2179506 286.7785867273268
2180956 280.5221477383726
2182450 278.64334518552266
2182647 -104.73628131170074
2184141 276.36295353041254
2184287 -103.35454856395225
2185887 240.69619640768244
2187310 282.7058152394738
2188910 255.91581304742346
2189037 -90.30561647581371
2190435 284.2889214786724
2190584 -104.04201326639951
2192117 274.34564969193497
2193693 270.2333898754067
2195132 280.78866071618717
2196528 282.99830363317955
2198056 275.6249444328284
2199079 61.132369868553525
2200518 281.1785703977371
2202021 277.9226818732437
2202269 -74.49416700672978
2203717 282.35689260230237
2205160 280.89646106211893
2205338 -102.85373381000106
2206817 277.84767679713184
2208306 278.1334392740256
2209897 273.0236192774752
2211323 281.8750303783066
2212723 284.73449677592004
2214123 284.9409088242125
2214288 -92.6324142464629
2215787 276.12766222948034
2217330 273.4383279351089
2217466 -95.25144165058992
2218873 284.1790482255692
2220295 283.66133182231306
2221766 279.70063253903265
2222219 -50.59768367459195
2223638 283.52981912826664
2223768 -90.37198674239156
2225364 273.26622040022613
2226779 286.3580183011217
2228279 279.44664756703025
2228586 -97.96491498954285
2230010 284.9235318246576
2230143 -104.65900766696471
2231588 283.1035774264615
2233017 282.94018973139094
2234458 283.9386012156054
2236058 266.85472666193635
2237572 278.9402708484949
2239048 281.1686307376898
2240471 282.5299447297929
2241904 282.5525200340587
2243267 288.51550893151335
2244710 282.70788196774504
2246253 276.89440367368303
2247701 282.139554924524
2249203 278.98336762006295
2250717 277.71888097988074
2250964 -99.84415835603016
2252489 277.4113887964514
2253944 281.6442995248228
2255544 270.5023690594308
2257117 274.67788125511976
2257374 -76.94911885740238
2258823 281.4350391215008
2260324 278.9786957937893
2261847 276.4274121972921
2263380 273.7696394923001
2264822 282.8325404797299
2266157 288.68194161054134
2267648 278.6067219364061
2269086 279.80877985373826
2270578 278.10668773741247
2271995 283.69347422680954
2273528 275.7800890828596
2274970 284.11279404034093
2276429 280.3432569916176
2277967 276.146895051897
2279355 287.3440541560615
2280772 285.86208216162805
2282233 282.72472217953174
2283661 283.8299895215796
2285092 283.357508087092
2286503 285.26227800151327
2286606 -119.49337118959116
2286656 -100.9701034517729
2288084 284.2074978273912
2288382 -95.05812650145651
2289899 279.0739202634911
2290083 -100.29145393263688
2290630 -47.586461913719155
2292102 282.89184496996785
2293457 289.99753373621473
2294943 280.54395532686215
2296375 282.20887093315116
2297850 281.8538390123398
2299421 275.667917558331
2299893 -20.726539323030636
2301105 59.422037290780764
2302575 282.41477445029426
2304078 278.76326232303956
2305378 164.43645999425001
2306978 235.58240950723226
2308165 122.21595290341801
2309570 286.45313885316335
2310969 286.85423489235
2312456 279.27137066217404
2312505 -103.94424440800833
2312631 -102.68684580442867
2314034 285.99186028044977
2315531 279.33572048255184
2316974 284.11249805863145
2317415 -19.072099024367503
2318876 283.89747780130745
2320321 283.97914691391634
2321807 282.29443780052344
2323173 289.5569684427038
2323324 -100.83837315443562
2324526 116.20450723016467
2326054 280.802607370972
2327520 280.3137617464226
2329063 273.13133329867486
2330537 281.50765103452966
2332005 282.967707701109
2333425 285.99111009156684
2333808 -84.77036817558884
2335313 282.3024569683119
2336812 279.02467159597416
2338171 289.4551242859296
2339619 283.6131770302282
2341078 282.04225609680805
2342563 282.4235412347654
2342867 -50.03800212548894
2344323 284.8163544792451
2344795 -55.99667595114838
2346375 277.10161598204945
2347830 284.79208146574246
2349244 286.5033194852627
2349583 -57.77996740167399
2351096 279.60868351704664
2352510 285.87441694584646
2354007 280.1233751791049
2355426 286.9588594433546
2356086 -6.434260842018475
2357488 287.34827675369564
2359003 279.9298917121412
2360514 281.46709786448287
2361981 285.24829127548105
2363429 285.0586347684204
2364851 285.4042017763672
2366333 282.1713542783916
2367742 289.06080371833843
2368941 141.39677340335527
2370480 278.5512112473395
2371503 96.9611385020279
2372951 283.47775086314226
2374392 284.3659250777567
2375845 283.3667731431704
2377266 286.88870527105735
2378175 77.67996112877799
2379715 278.23984872883483
2381118 287.23975223533546
2382478 291.8572714613457
2383956 283.73968783576373
2385383 285.37077978744475
2386847 285.029705559535
2388129 104.80823477287677
2389559 285.4232759362212
2390984 285.97283323439217
2392465 280.21082024027635
2393770 138.88469122744374
2395283 282.01957844193464
2396685 287.2998711232504
2398077 286.6943369169572
2399529 281.7680409799391
2400889 290.3671045895425
2402341 283.7868772265458
2403776 285.9505061443883
2404458 0.03614930431537289
2405897 283.5915272220886
2407307 283.3775425877532
2408792 283.0998460429528
2410222 282.93941371187555
2411822 264.21250456859735
2411991 -98.79727247942519
2413479 282.36609017219143
2414957 280.91500967599626
2416461 279.3662141480546
2417920 281.6388280111073
2419341 285.6499146037889
2419578 -73.74102225808366
2421011 285.89544215659856
2422534 278.75040221293625
2423960 285.24091348989845
2424043 -108.68181685393179
2425401 289.8204445754072
2426809 285.5489423710696
2427685 45.65794413970042
2429107 283.54807622785245
2430614 280.84539495725846
2431969 289.30956830505835
2433307 291.3669465894835
2434907 269.9612621803978
2436376 282.72487314210974
2437744 289.89838286958064
2438063 -76.63611674498955
2439598 278.64684803352105
2440866 54.753124340689055
2441087 -116.71615189151652
2442577 282.4128655484852
2444147 276.4421223443861
2444261 -93.38415008307746
2445760 279.2507721624339
2446442 -7.888030282196226
2447863 286.1223380251158
2448334 -20.613193251322073
2449934 277.54036122162836
2451323 288.9014385628088
2452844 277.95638505963564
2454400 170.78140077616644
2455841 282.72387863400013
2457292 283.86432531673137
2457831 -21.161036213137265
2458320 -20.623015181212892
2459392 93.66313732301418
2460776 287.875850921353
2462182 286.1821573599659
2462380 -88.59935020812166
2462475 -115.27673131187447
2463885 285.6787054541933
2465284 287.16957680805507
2466694 284.8119609092282
2468061 289.63416737568417
2469525 284.28327230045966
2470950 284.1137771011885
2472389 283.25565680708576
2473855 283.1781557906414
2475147 295.65508573875775
2476607 285.5762790595855
2478068 282.85260307756704
2479570 279.8832235208279
2481072 277.2936094734695
2481467 -68.899238455136
2482864 287.37111562223015
2484322 283.0440841204405
2485668 290.9035490751434
2486648 66.418599963498
2487543 87.87543860565302
2487959 -19.980582501569927
2489379 284.0363858010339
2490246 74.37626750786006
2491382 109.80374140119966
2492764 288.70883548406164
2494294 277.36641515274533
2495699 286.98572737471267
2496788 100.98665718351955
2498302 277.93542948950187
2498469 -90.29532883318328
2499851 287.3835875610782
2501415 275.1559398877908
2502017 -9.525549687360083
2503386 290.0063310967969
2504833 283.51347816084143
2506350 279.67778514000304
2507766 284.648256157707
2509305 278.0592696066457
2510707 286.87486236889293
2512173 282.0229113428132
2513551 141.7493553563525
2514982 284.7563607261846
2516492 280.86096145019485
2517928 284.84160393770446
2519264 290.9883642326138
2520736 283.344053014729
2522171 284.5011118164906
2523617 282.5815726105542
2524789 118.98181190234686
2526273 280.638911395463
2527666 288.07618447471845
2529077 285.7392714970769
2530503 285.64332667849
2530641 -98.37104383181781
2532062 284.5636345432209
2533532 281.29046990691216
2534984 284.2058617728025
2535134 -104.68723923436366
2535841 14.894837377598193
2537238 287.21650234927284
2538718 282.22130160752664
2539830 120.38759476961516
2540014 -82.55888871658408
2541421 153.61565155789435
2542916 282.08027634252045
2543199 -59.96025923660028
2544425 134.4854788607539
2545818 288.2649635733694
2547245 287.39292430889725
2548598 289.0462233992288
2549994 288.2074326768704
2550168 -92.8124261447539
2551560 289.30845332065064
2553030 282.5758452296915
2554395 289.98455330541583
2555981 275.18181667254464
2557389 287.29406555345287
2558574 91.52660346172027
2560164 276.18632799583196
2561263 124.91943500629444
2562687 286.8282893596408
2564083 288.461371396002
2565492 288.6422972534336
2565635 -93.34160365463049
2567067 286.6339700054987
2568463 288.17974463206576
2568564 -109.38566405727342
2570021 278.1541870743639
2571508 282.9282046195981
2572977 283.11731502543995
2574358 289.1753750164059
2575100 -12.967795491096282
2576590 282.31829371094824
2576729 -99.30249533531628
2578143 287.9551195579449
2579627 282.9181256931188
2581075 285.7237567213853
2582459 157.3947152615433
2583882 286.83345079535593
2584784 57.1139320684685
2586223 286.45120327152415
2587601 291.36988659729764
2589111 281.28744353930546
2590575 284.28833994633777
2592018 287.3546717709664
2593438 287.2600966619317
2594900 287.20677114870256
2595509 -43.188118486382656
2597034 281.1553666273144
2598459 284.98154198231435
2600046 278.64416112594654
2601611 278.52696674425937
2602996 289.85603345954297
2604488 284.74562786212476
2605987 282.82703655537057
2607420 287.1605958752153
2608819 289.929189739322
2610178 291.5362600067216
2611596 289.0122933001024
2611919 -69.21229018931122
2612086 -93.49809250635406
2613563 283.9066427163905
2614867 296.06234097296596
2615030 -80.42648903656936
2615286 -58.581604356612424
2616774 283.34588105618656
2618181 288.5636060044395
2619687 282.4454097144437
2621187 282.1686069221769
2622639 286.4302419043757
2624088 285.8206555394164
2625531 286.4715252841585
2626908 289.9395735150234
2628376 285.8044541670672
2629849 284.07258504490676
2630093 -64.30732199452942
2631500 289.32924098703603
2632927 288.2750599727005
2634350 289.475306455666
2635769 288.10895424962763
2637161 288.5464565559416
2638713 278.4666016821329
2639892 104.2131456829139
2641421 281.61108827248904
2642088 3.981543246007277
2643459 290.8526188619183
2644499 80.42936001766458
2645966 285.9986070174231
2647449 285.629079508755
2648926 285.32562053996986
2650393 286.11707179143514
2651767 291.4789646453244
2653187 289.3518942163206
2654654 284.61779346201143
2655599 76.39658308653176
2657103 283.1544192270402
2658523 288.05807438104955
2659932 289.953362183763
2661310 292.2685316643553
2662787 284.2475936673606
2664387 275.0264206716645
2665772 288.52232564857144
2667240 284.9310531164149
2668739 283.69154298761885
2670307 277.9868626923001
2671818 281.9026235892425
2673219 289.4049020736292
2674621 290.31207160399146
2676043 288.17284232197704
2676159 -100.49740492472425
2677635 284.93291597815477
2679035 290.9683312184192
2680413 151.7311966845367
2681582 145.23079909178685
2683070 283.2965120066385
2684528 287.707019352018
2684718 -103.65827166566004
2686158 285.72532009981757
2687583 286.2055223233436
2689000 289.97221067289297
2690459 285.2127637177417
2691477 85.71554398969877
2692894 287.70867933465496
2693056 -99.50196246435834
2694464 289.50655730408397
2695964 281.4801792993306
2697401 286.85513246473306
2698814 288.73460452333256
2700242 288.0495219699386
2701760 281.8465006743559
2701963 -99.4388329254575
2703357 289.33605791392836
2704728 292.1882745258306
2706139 289.1373906430596
2707640 281.9371844416391
2707783 -91.92066814298492
2709176 290.1277462323106
2709593 -70.98564891968294
2711014 287.61942964832434
2711146 -97.65223032742242
2712593 285.8603986554531
2714142 278.97837592609574
2715742 265.02561383325866
2717139 289.6343097703448
2718535 289.9754808970693
2718650 -98.24033470094359
2720117 284.2361142595554
2721496 289.8205585766028
2722940 287.0472351608012
2723070 -100.42807113382888
2724546 284.9459459780961
2725820 135.05596660980737
2727293 281.8425238917886
2728751 286.21733401746064
2730287 280.1022406620138
2731751 285.98863979524754
2733153 288.9720971393599
2734588 287.77739780650876
2736012 287.0752178330358
2737485 284.26987814140045
2737627 -102.13305262971049
2739063 286.39447913794186
2740519 286.9245648605916
2741960 287.1970669769752
2743328 289.8822460688812
2744839 278.81711948992984
2746277 288.74320603264977
2747463 124.08870231593482
2748860 290.1011377652978
2750356 283.1660475054705
2751771 289.22627371721416
2753207 288.0736568489736
2754717 284.05483893775875
2756259 282.75289261755523
2757674 288.92284612831344
2759166 285.83628948318864
2760704 281.7636720329841
2762062 290.76072219194333
2763219 123.3207997615753
2764589 291.6751160700506
2764712 -101.06061894925807
2766167 286.5395467882034
2767667 284.4784536932377
2769026 292.91007280405205
2770376 293.94447117317935
2771782 290.159630533001
2773250 287.31811912154365
2774621 292.35527233055524
2776075 286.2717336772167
2777523 290.32271810721585
2779095 279.33128778579595
2779792 9.904213919699316
2781341 281.67444968581685
2781820 -33.16236482437077
2783113 155.46623780005532
2784580 286.9108833768905
2786067 283.62197947669966
2787534 288.05534192584184
2788932 290.5142056261637
2790382 287.22693026957484
2791952 280.02147805167124
2793488 282.4601808422911
2795076 282.0924468263546
2796460 292.1661390677519
2797897 289.6174399807734
2799250 294.03560293083626
2800755 283.3943214554788
2801756 85.21063189051424
2803222 285.9175005363218
2804630 289.99920162677364
2804779 -90.24959229861852
2806196 291.17781366868405
2807626 286.7909287002996
2809036 290.5160156067108
2809239 -88.57630075132289
2810696 289.15774459265543
2811741 92.37446363295413
2813141 291.6652986267107
2814574 289.3637461156186
2815989 291.09112122259904
2817479 283.7609928467954
2818919 289.37851992298033
2820467 281.7580000268932
2821905 288.0514556343064
2823405 282.4115385064036
2824773 292.15279033127155
2826228 286.1546505431995
2827677 289.13160349176815
2827794 -95.88299968085438
2829245 286.39006878399886
2829406 -105.11822159097343
2830748 293.3039274916855
2832172 291.6051508279139
2833736 278.35987283626923
2833856 -97.64712116333222
2835332 286.0808069246119
2836861 282.9722562349465
2838342 287.30190229459095
2839714 293.34733972409003
2841120 293.1512971006513
2842022 68.13018899875772
2843408 288.91441613450115
2844542 140.2218663522743
2845956 290.84998123467824
2847363 290.895466650442
2847463 -109.11831651162666
2848956 286.4741065159342
2849084 -102.0453001667511
2850467 290.77847399832484
2851948 286.8347689731133
2853544 281.7774670638185
2855072 284.0269117187506
2856543 287.75972779946045
2856857 -53.97373009813763
2858321 286.1383581297587
2858879 11.137501707287441
2860362 287.17445729483734
2861839 286.1141557593741
2863240 290.9251289846547
2864682 287.6581543174509
2866277 279.14720301378566
2867691 288.940489260655
2869260 281.3718127857822
2870669 290.3475677822083
2872211 280.1831714325955
2873718 285.40074331429196
2874786 114.41906714540329
2876255 285.4716787754478
2876443 -88.44765614334526
2877873 287.5349794403835
2879411 282.285967013024
2879528 -99.08001896903788
2879662 -98.87733087054268
2881066 291.16945427287965
2881465 -31.34418875099712
2882894 290.4349220659583
2884354 286.9059830375085
2885905 281.8269714212356
2887316 289.48740804026244
2888821 283.7386332922858
2890224 290.9031569603272
2891824 278.9807814664452
2892061 -92.1008268680529
2893482 289.12030100430496
2893700 -95.44510608838281
2895134 287.26215395685216
2896497 293.6346552130502
2897927 290.02669902738006
2899344 176.85983604908796
2900160 51.563573568571314
2901645 286.3151733272827
2903061 289.09741942620207
2903329 -61.19628357766694
2904837 282.01039397634014
2906267 287.5343080330007
2907801 280.3516764335865
2909161 291.4543424494002
2910102 66.71877985471352
2910218 -99.1409269193476
2911653 288.5899889824844
2913188 283.24785201729213
2914655 287.36005266176676
2915133 -19.4338683792667
2916639 286.9843675924108
2918239 235.99660330068338
2919684 286.70581623330776
2921158 285.3777042548198
2922160 67.98133981464014
2923594 289.50294658890914
2925027 288.76170670632104
2925282 -67.98100622377791
2926797 281.63671401696496
2927979 96.73409586846651
2929506 280.81130619467353
2930929 290.3479519377085
2932339 290.3905858985172
2933741 290.76078774496136
2933870 -86.91461487663724
2935448 276.5143546291038
2935580 -101.51943019592017
2937053 286.4661474160355
2938452 288.2432486416634
2939930 284.84895941919325
2941358 288.0327319723225
2942902 280.17114873084466
2944228 296.17634452461584
2945828 266.90491744324027
2947428 262.6843115762678
2948843 288.93351620583746
2950329 283.9634036521284
2951912 275.92864146348006
2953509 278.68550808697495
2954947 286.98568694409107
2956405 282.499830546633
2957773 290.835986605526
2959216 285.8003503246305
2960714 282.5317135928335
2962284 279.0813741849127
2963660 289.2127209013851
2965058 289.78545786457266
2966547 283.4803189398608
2968032 282.0911114358751
2969485 285.2932058323402
2970939 286.9876849064157
2972303 292.19262827079456
2973741 287.067698569294
2975095 294.180746411415
2976503 289.5766625045692
2977924 288.8351623961415
2978040 -97.35116630814908
2978637 8.505935159474888
2980023 291.72261629613206
2981485 285.16066958901274
2982871 290.7568519720659
2984144 133.00600443612726
2985574 288.71241973959116
2986993 290.14511441071767
2988506 284.9550406114106
2989911 288.3187039183426
2991063 93.47158164975198
2992499 286.840540592956
2993934 288.7365733781836
2995399 283.9149650817173
2996813 289.883066496221
2998367 280.08191281131906
2999801 288.11992559068864
3001299 284.9297000148663
3002720 288.09065367558117
3004312 278.0161503239933
