# reward.txt contains number of transitions:cumulative reward
45 -114.80442750355323
117 -109.11074617843687
681 -156.54099822951105
788 -109.10848890181445
882 -126.91938518501632
2482 -108.47273256227275
2523 -107.39174343770183
2587 -106.36695547523473
2639 -106.15174021935672
2716 -103.88890310310883
4316 -101.74912417793038
5916 -124.79067305260413
7516 -117.5443287789338
7579 -103.00067909172611
9179 -97.68682436729688
9255 -122.64068583164985
9292 -109.28375866049963
9357 -112.95425253408277
9473 -111.2533457675806
11073 -113.11062725207557
11157 -101.87868275816801
12757 -100.96643071877263
12842 -107.30686783585759
12937 -105.42374039135699
13001 -117.74265577640323
14601 -115.99249527227407
14742 -123.72565111269304
16342 -105.61952549173077
16428 -103.54039650776299
18028 -108.8530873936344
19628 -94.55191953769797
19694 -103.66561897007252
21294 -88.08567817838403
22894 -88.17380423625933
22960 -102.48281402198783
23045 -117.88347939939052
23131 -107.40285895375318
24731 -95.43801108028627
24810 -107.21577749094708
26410 -85.95734213333799
26455 -104.96849879219508
26566 -119.69646236259466
26654 -98.1021873177824
26740 -103.02983954929933
28340 -100.73103979417317
29940 -96.88498035608188
31540 -100.81549738890817
31605 -108.96836087784419
33205 -116.7140793720721
33272 -103.59608942151132
34872 -90.5610621770214
36472 -117.24049187955984
36549 -102.8874504155169
36633 -108.41965218893624
36718 -103.70207831301975
36793 -103.63604395683606
36860 -119.30768645088996
36941 -104.9938162937242
37004 -102.93763948680088
37059 -111.96878965340183
37121 -113.4223711056132
38721 -91.48429702529701
40321 -111.5706458177826
40430 -125.76020116205886
40499 -120.01803164052404
42099 -107.95719349814026
42163 -106.2926264248211
42236 -101.7766251064514
42297 -108.70958182431136
43897 -95.9356833747735
45497 -116.34331977358899
47097 -98.65634746825329
47164 -116.26387069816329
48764 -99.92116344407961
50364 -95.66061459416672
51964 -102.21120410536524
53564 -91.8499555495179
53652 -114.60952390200335
53725 -108.45449873597391
55325 -107.93347405984835
55394 -117.99162713274174
55451 -113.74044121461175
55528 -111.10252425597422
57128 -87.63608152929922
57476 -114.12355647314651
57590 -106.21663524100619
57649 -103.95185301247238
59249 -104.25282883051784
59332 -107.58614172664099
60932 -120.32719619216738
61227 -105.2920668526697
62827 -84.57404044980876
62886 -109.98920420188644
63047 -124.72924894183998
63142 -100.96401573793342
63220 -113.94743155963346
63323 -108.12552495022925
63401 -115.49043410312571
63475 -114.40132430350532
63535 -116.84960255712892
63600 -106.59997210276065
65200 -105.43652203822006
66800 -86.96938524542654
66874 -106.65733025132492
66951 -102.02393787794374
67064 -130.46601897472144
68664 -87.17838604739953
68721 -115.15434720945669
68784 -110.87923023215868
68831 -111.40574610300425
70431 -84.27057150129701
72031 -108.9082672495304
72081 -111.43455419585233
72327 -104.725622510698
72386 -110.16697214025756
72455 -110.24634497873376
72544 -110.08102915675876
72649 -125.02477559777722
72723 -102.87365533940495
72797 -120.10501765522174
72943 -110.92362833572614
73021 -104.50711856647332
73082 -114.15477239499054
73152 -103.68020579221658
74752 -95.66150684320557
74820 -101.02911260294728
74907 -106.92050547656075
76507 -108.32442091320313
76588 -105.47555088456006
76651 -112.59009666296996
76766 -118.17830972082541
78366 -96.4342303354199
78437 -103.10161726262048
78531 -120.74682382279441
78646 -112.58695226503785
78732 -122.04710652501322
80332 -99.31161165396689
80394 -117.0396161321674
80449 -105.53007909162949
80531 -105.19575400371849
80594 -106.57361916199466
80676 -123.14166224525185
80747 -119.82386203049062
80829 -102.18741483813174
80910 -101.85754749657772
82510 -88.02998597144799
84110 -93.9876326087718
85710 -85.8794817785901
86201 -155.8695056602004
86266 -115.29863815915678
87866 -123.22357163923648
89466 -91.56277702902
91066 -90.15095166996973
92666 -89.4279749256309
94266 -89.1458863833722
94361 -112.67143129937351
95961 -85.37962231541881
96065 -108.37819197377004
97665 -85.49495059542458
99265 -91.6748034363978
100865 -91.28754436196031
100945 -100.56514567672461
101153 -120.60536261771371
101211 -107.1769733522764
101279 -117.16467504484952
102879 -91.24447431690841
102955 -120.2996299408845
103023 -114.84419787187501
104623 -89.14730260903688
104710 -120.89920136756264
106310 -90.22788233099129
106378 -108.00587088188591
106421 -109.00994329500477
108021 -91.66892438334364
108234 -118.41311657798104
108296 -112.02845726300528
109896 -87.88997402640983
109993 -102.82046461096158
110057 -115.05539234534155
110135 -116.66622458952418
111735 -98.27707673380401
113335 -81.55375998501394
114935 -86.35736724344831
114983 -109.12813367124461
115082 -109.85724443999491
116682 -88.61265149302115
118282 -86.13128827596226
118350 -117.7002074419974
118401 -110.49758634041561
118467 -116.66351345662773
120067 -83.7185300236615
121667 -81.77400022585671
123267 -77.49270087913119
123412 -113.17094853854366
125012 -85.8192587077545
126612 -94.03986732696511
128212 -85.38016828603924
129812 -80.11825535109772
131412 -93.49885540790352
133012 -70.27896033206328
133060 -107.6019241880582
134660 -80.2427315550707
134733 -120.84622081570639
134799 -113.50365206003562
136399 -80.88315458436833
137999 -72.3812724615626
139599 -84.82619009898097
141199 -79.45231275749329
142799 -83.31018933365984
144399 -80.93481833522337
144452 -118.0620125927534
146052 -81.05879952357404
147652 -73.13330702423366
149252 -79.13904760937338
149323 -113.78854124288199
150923 -73.16692388213684
152523 -74.56768976816024
154123 -84.92404544020813
154189 -116.53491040491188
155789 -84.14274897879794
157389 -71.43839787683885
157455 -103.57417957397612
159055 -77.6447055665702
159127 -107.98028676353395
160727 -75.70637223918172
162327 -79.08767082387395
163927 -74.24121388395726
165527 -69.88055266913284
167127 -67.66201090127359
168727 -79.90852652955795
170327 -69.44504113068062
171927 -62.15437370322089
173527 -68.6338943715797
175127 -70.46458660579452
176727 -59.15142140991865
178327 -56.3601338633921
179927 -65.43337747267938
181527 -73.6511126378297
181589 -109.19816060024314
183189 -61.833037160781636
184789 -48.03101589755246
186389 -51.70197978631216
187989 -47.97845123118844
189589 -50.46179119687558
191189 -61.93914143928518
192789 -42.99668552104326
194389 -47.122138960456525
195317 -129.11037039077345
196917 -59.14633925297479
198517 -45.29695625080545
198584 -114.84850688226396
200184 -42.837044878705
201784 -50.7865571290913
203384 -50.81761671316121
204984 -59.74910491950173
206584 -40.34792195816211
208184 -52.82311504445666
209784 -60.3626364658587
211384 -49.98753749796314
212984 -46.307846680654194
214584 -44.917700677827625
216184 -61.01800986840213
217784 -34.529781441128485
219384 -51.875930550677985
220984 -40.02799386162754
221085 -119.57430454717391
222685 -44.52071010730796
224285 -31.598547880023077
225885 -36.63231854891768
227485 -39.28698807771504
229085 -35.559957143671824
230685 -26.915074937710557
231375 -166.42695788077015
232975 -47.522936577392706
234575 -27.404145782823342
236175 -24.46595998328426
237775 -33.72574286515456
239375 -23.63213289267565
240321 -128.86379521250043
241921 -38.968062723787476
243521 -35.565370218173236
245121 -15.838362586248667
246083 -111.49444933800648
247683 -55.46507799286708
248038 -101.7451863768287
249638 -18.330914513226936
251238 -22.282011824398325
251568 -112.35053820058144
252879 -155.5521526141595
254201 -120.93850071166146
255801 -19.012433020410437
257401 -42.065287453614154
258626 -136.33153302188776
260226 -21.379686546326
261336 -143.26227332164157
262936 -34.57357851571216
264536 -28.31221048655794
266136 -38.322492702939286
266264 -117.79867090170396
267864 -17.33412544591538
269464 -27.66214587470639
269572 -115.68880482439883
271172 -26.122254457703754
272772 -38.89627692763502
274372 -34.77037080091733
275972 -19.283931757891292
277572 -20.6019743982069
277687 -120.86717636939262
279287 -20.149024461082675
280887 -25.021363162202732
282487 -32.44541998425059
284087 -30.892870989056004
285687 -1.2381711039928007
287287 -22.988255591326077
288887 -2.0360576341245276
288977 -125.52915375834951
290577 -18.73811495637585
292177 -31.2927063239707
293777 -7.975239980577811
295377 -16.657563623687807
296977 10.34344898053072
298577 -3.5863592044731365
300177 -13.231935502270897
300229 -110.22874149022438
300293 -115.89904295447842
301893 -5.915824736094101
303493 2.207403376917966
305093 2.882831150428988
306693 -9.257133603228578
308293 11.790334181909751
308404 -109.41553344851111
308588 -110.46658577720696
310188 -8.141696268280183
311788 -20.210824960603905
313388 6.344324997322789
314648 -124.73092873888771
315761 -102.47976717713634
317361 -9.506441749126955
318518 -120.32949228409989
320118 -23.38348652810506
320228 -119.35035444211184
321828 5.1238348925346395
323428 6.87814265756631
324759 -102.97841632456519
326359 -8.174316545643228
327959 -0.38431820334198963
329559 -11.378070813167673
329618 -116.84343924686064
331218 -65.81462590139388
332818 8.267375402884793
332895 -122.05255393578298
332959 -115.66582389035945
334559 -17.19331173758393
334795 -124.76410063790871
336395 -21.515122616932377
336481 -122.0735000912845
336596 -106.77540760135092
338196 2.5872663549501294
338285 -96.14213663382517
339885 4.656067867000948
340030 -134.01460928065268
341630 4.496545861369613
343230 -6.873010347076399
343340 -122.31504229204604
343431 -104.8431461822049
343524 -118.97102054116657
345124 6.458729729360286
345204 -120.43258579979712
346804 -12.2547936081666
348404 -18.537329232687735
348479 -115.58462375558355
348557 -115.64717847855233
348628 -120.20474273423541
350228 -27.447586470689593
351828 -17.630790603166762
353428 -10.627730576635509
355028 11.13992686572948
355112 -115.5508146997982
355198 -117.6808852555311
355256 -118.29239852797302
356856 -9.640466837478037
356932 -117.93534416794652
358532 -11.231883689699822
360132 -5.103215113383415
360728 -113.62704743871838
362328 -5.991599330285878
363928 -5.803301812336759
365528 -5.539681461644993
367128 -9.714134364332368
368728 -1.5525224641403244
370328 -17.188625238940723
371928 -2.1485416052080812
373528 -19.980096906643695
375128 -16.348849370230784
376728 -8.66901810044082
378328 -16.396002810858175
378420 -112.60668983106936
380020 -3.5167549987112494
381620 -3.382168539047862
381689 -111.12789052366341
383289 -4.860666602647534
384889 2.4969091934353735
386489 20.884248302686185
388089 17.801475334697862
389689 21.586582324890042
391289 -2.758895591333817
392889 11.897581106074734
393311 -109.60430196737126
394911 -28.61534835764645
395880 -183.9083003485736
396566 -108.51278392173599
398166 0.8532171283120642
398217 -111.19569596866394
399817 -11.238069524810522
401417 14.067492708142842
402875 -100.41164037617979
404475 13.267691420823304
406075 37.98680566338467
407675 -1.8167315313145607
407742 -117.52251967812299
409342 23.122016827547245
410942 38.10463794952414
412542 27.053524120296988
414142 16.379334303628344
415742 25.308411735786926
417342 37.39744783044199
418942 44.61678998243189
420542 47.79173301136668
422142 24.11713277656183
423742 41.80422111536868
425342 44.98580857529551
426942 59.10054534214714
428542 30.22308951793642
428807 -107.9317191688791
429308 -114.83502585942516
430908 39.657638883019814
430994 -104.9381715580461
432594 23.03548170154076
434194 21.071936017708257
435794 25.79163964906053
437394 41.48327099488083
438994 44.156349128859105
440594 50.319876619100214
442194 40.178800296133986
442257 -110.51182917564797
443857 43.327640853445395
443969 -106.62931868786302
445569 30.901074230599455
447169 26.491633867685394
448769 35.27084132327265
449670 -90.31466639493902
451270 43.174087037493436
452870 57.95037113244033
452935 -111.98135119850623
454535 47.57866039497096
454615 -114.78868586845013
456215 29.906691805979236
457815 29.499903987086356
457900 -106.48469234026038
459196 -59.15978403200519
460796 48.72764819634195
461828 -71.71424695931992
463428 47.77632660963939
463517 -117.14028032149561
465117 35.10063279868972
465198 -122.64393066592267
466798 21.821270105281894
468398 47.406196971597886
468471 -105.03494016584506
470071 53.53603386786203
471671 21.384828419304156
473271 42.46071170874341
474871 29.849485627056687
476471 40.434854563697556
478071 48.36549689160598
479671 46.29589712974856
481271 42.69788840458482
482871 57.85708552091171
484471 25.52187685049015
486071 73.84322136591751
487671 56.96151194115134
487996 -97.13465476634974
489596 66.33699665404728
489709 -115.6065557761124
491309 60.293579654207065
492909 68.4377268908111
492982 -115.35723845368128
494582 48.457830580794585
496182 68.29137595336456
497782 32.200999592819564
497872 -115.27945995822797
499472 43.531655762310436
501072 30.585822728175344
501120 -109.45813575593071
502720 34.136516890120994
504320 36.27278219476802
505920 69.98432576490252
507520 67.65911808554047
507607 -119.3773222813212
509207 39.851749000628445
510807 55.640612915287775
512407 53.29533714731796
514007 54.75045373338776
515607 58.242015012752304
517207 64.01158489596848
517307 -124.35280866970245
518907 53.156296051343936
520507 62.39021643804632
522107 59.937343631592995
522187 -114.55351346272045
522272 -115.80753170641295
522461 -109.98724790994513
524061 51.24749821548975
525661 44.434985016398116
525749 -118.1007464957734
527349 72.4989370872943
528949 71.19300442161416
530549 68.42296537512159
532149 68.0150554158931
533749 67.46247300500731
535349 78.11126100323906
536949 70.69228046861181
537049 -127.07430467268266
537121 -114.71050698576246
538721 78.79979732076914
540321 56.34309673661677
541921 69.09580294563565
543521 80.80299109377592
545121 28.772969157678702
545277 -131.76753096821037
546877 79.2827894955346
548477 50.00563846981224
549057 -108.63242496593546
550657 65.33770390044096
552257 61.19171399677603
553857 78.40290096029507
553994 -127.38686890221511
555594 62.69737869132553
555754 -110.37959132508996
557354 66.4799996791755
558954 82.44032877221528
560554 60.4436422336318
560670 -122.45957892177812
562270 79.0527075957669
563870 57.99013481839958
565470 62.27843476912883
567039 -72.38783895925684
568639 94.94013313972003
570239 50.09190092292484
570345 -118.1651615092568
571945 105.66340498338838
573545 89.09301417486732
573637 -123.2304117872569
575237 70.90438352295878
576837 79.57940956965085
578437 64.91879576326531
578502 -120.55679238070422
580102 69.31636357305145
581702 61.24037233012414
581784 -123.57684140697619
583384 69.92013229170995
584984 73.24047915647749
585059 -112.00360842288659
586659 68.62983232936158
588259 72.13312188942656
588410 -115.38225239049581
590010 70.6621986074045
590098 -113.3194536359571
590179 -119.4799326675491
591779 64.87111705983418
593379 72.83091270961131
594979 62.483284466771465
595080 -124.73722285189913
595195 -112.65048458203921
596795 76.17419059209912
598395 31.731962527931344
599995 54.59385149028032
601595 64.84495146651014
603195 57.60845498064976
604795 43.67202749527308
606395 90.02087737683432
607578 -50.79149705220296
609178 46.699299384447485
610778 50.39397062210801
612378 85.65309463449967
612446 -115.13540158650031
614046 72.26271040903868
615646 69.68443948407592
617246 78.41529929243893
617307 -117.47150406266252
618907 68.32833566291104
620507 69.53312035817162
622107 56.84302745996222
622784 -105.48442644288704
624384 40.98045553079807
625984 60.308298515422855
627584 55.061766836134964
629184 56.59664872138581
630784 61.70596959849499
632384 60.07137008853482
633984 79.6715866214239
634093 -117.73796766697802
635693 104.29277676471357
637293 71.37673464770435
638893 83.61865353738459
638978 -122.4254500642152
640578 69.09673089126304
640682 -133.0660308085022
642282 81.4943143797582
643882 61.1890655466871
645482 66.36948689670618
646199 -79.76078847321232
646297 -121.33738780013039
647897 39.62022211090507
649497 71.7107942984444
651097 82.24560079497586
651184 -115.72954389120886
652784 62.910889849119535
652958 -99.22287870906541
653041 -114.87768606969529
654641 67.67372521097816
656241 85.69373622215763
656335 -122.17457087121781
657935 103.33265924859916
659535 72.07416442058022
661135 75.24784849082636
662735 80.62255288195556
664335 82.68982120749858
665282 -52.01206353711032
666323 -66.1482651175084
667923 103.57091996872119
669523 74.54911765608011
669652 -132.61161527261322
671252 95.10038077820889
672852 57.76521745384517
674452 87.51641471372035
674557 -118.13394751976989
674671 -128.66049684365063
676271 82.65565991922882
677871 76.65422482282895
679471 57.91123322174378
679622 -129.67970211571395
681222 87.83867679155506
682822 74.99135994195754
684422 83.67740205370504
686022 112.3807335666797
686125 -124.62364350230246
687725 76.55158165277405
689325 84.55177017006591
690925 71.84691066101684
691025 -124.48712762310107
692625 71.65485431301195
694225 85.51860789160742
695825 68.03688047595449
697425 67.97125266701936
699025 79.65899117747436
699109 -113.66123045957771
700709 68.03323087688473
700865 -99.2416226622009
701685 -85.45057855089567
701764 -120.30115640983296
703364 59.98363123317656
703436 -118.14715832086668
703513 -115.36225472668187
705113 61.28883230186996
706713 99.89551550552929
706767 -115.64058001965408
708367 67.90287735763141
709967 65.66739255277496
710126 -122.54545199323633
711726 67.37012991023757
711832 -110.16142309247888
713432 51.586544291047055
715032 89.70945231712892
716632 77.47671405404127
718232 88.7876676883834
719832 97.4121924096855
719912 -116.83789504576599
721512 85.66896817167178
723112 116.96401643965821
723175 -112.51536812952037
724775 98.31766475776784
724860 -115.62094239773353
724934 -112.23959433701076
726534 56.47057944556385
726591 -114.63040404615364
728191 113.15791468149843
728253 -111.28951513371493
729853 100.14852553642545
731453 55.97750096237231
731527 -115.73603349788952
733127 67.24808128499953
733341 -94.03894806984192
733384 -110.41574781262254
734984 109.99291652979458
736584 83.20269048374593
738184 92.0032193189434
739784 102.8734545066835
741384 73.30699502969718
742984 89.64357599802176
744584 119.1610813006429
746184 89.40087572008967
747784 87.81968444029559
749384 98.06976853748796
750984 107.49961447464831
752584 98.6470786436662
754184 98.84412769866104
755784 96.14577917792468
756444 -87.09172035540456
756819 -79.44191689705352
758419 100.2299632671023
760019 99.75790389336191
761619 121.68399415105714
763219 107.41735848279943
764819 125.44778007114567
766419 106.98017694788622
768019 116.67772239642962
768138 -107.1344722387412
769738 101.22812654888939
771338 97.1703898741869
772938 133.54491280533006
774538 133.58477430269616
774590 -109.13461618452705
776190 131.01460452619634
777790 143.5646720998087
779390 80.35829114143311
780990 105.76484356831264
782590 123.9310598288503
782662 -112.24825331819679
784262 117.39454335664074
784355 -117.1118360844838
785955 133.59095194211636
786022 -116.30364532093208
787622 130.0885206768979
789222 109.82510150663232
790822 137.6528419547741
791617 -82.39671217813711
793217 114.25192440340692
793296 -118.27661967046497
793747 -78.34365025858582
793843 -122.17594765554058
795443 155.011380067737
797043 112.33221203630343
798643 150.17443540120857
800243 133.11727566315446
801843 117.23557631936295
801950 -117.53814566962298
802485 -68.57530183308697
804085 130.92945988175023
805685 118.19537311032937
807285 127.19976455935326
807366 -106.94738618603287
808966 121.82377466803666
810566 103.41704879575416
810656 -115.63939690708742
812256 115.05520440812836
813856 134.63585717743175
815456 124.32315275247134
816762 4.62267468394441
818362 88.67857179254871
819962 139.73350112844176
821562 125.36471077583299
823162 137.26514409294762
823249 -115.06019179050998
824849 121.72496819684143
826449 148.2536296184143
826539 -109.98450391382103
826679 -105.62285317049735
828279 131.63773357231904
829879 137.63995143920445
831479 139.91456362378975
833079 121.35216314598519
834679 134.08487314088097
836279 126.74639772436639
837879 109.4429673128322
838098 -94.48985272818308
839698 139.53689294164138
839999 -90.80302396269515
841599 143.1434775756069
841714 -114.8668227524987
843314 118.70753575542462
844914 136.20185657510712
846514 113.74612914420581
848114 125.31313119696458
849714 132.8601841497377
851314 147.07327739580836
851404 -123.91393949257768
853004 140.15240143598828
854604 141.20508142309959
856204 127.59989993587631
857804 128.5972314518882
858083 -84.95266706233285
858967 -19.212279598588225
860567 116.82886807802383
862167 87.4016405625125
863767 125.88193552587377
864432 -58.61422743883266
866032 136.51330445996123
867632 140.66808257653
869232 154.2678750934464
870832 164.81681001144952
870921 -113.79242246173074
872521 128.13548404855786
874121 133.16451469968834
875721 144.0505307692258
877321 158.8307131686792
878921 151.7573875673033
880521 129.67635873058495
880619 -106.79601318656529
882219 138.29808649328368
883819 135.8442779990753
885419 156.10147656877353
887019 153.33150831305065
888619 149.81065086883814
890219 144.7204923495891
891819 145.32792010782745
893419 131.89288130953992
895019 135.89460192494585
896619 173.19044797147473
898219 172.4840569674321
898300 -124.19277155965567
899900 140.37437343450588
901500 140.53698997810514
903100 154.6879006100695
903218 -120.66184432414609
903271 -109.82060770833615
904871 169.54237017753402
906471 166.1447652240988
908071 150.27563879465805
908158 -119.13572362135133
908545 -80.2528388242768
910145 152.0911422035881
910304 -114.15051928663341
911904 144.26909171096037
913504 141.25769191971082
915104 147.66143797070478
916512 28.406841297157825
918112 162.2783709208687
918166 -109.04607076277956
919766 163.11626607163922
921366 167.17206736730827
922966 162.17303404553874
924566 157.93984349830362
926166 169.1983052036242
927766 147.0444798059162
929366 166.99456615181396
930579 20.098904327660364
932179 140.24379418997165
933181 -18.98796140748513
934781 161.20089039723862
936270 39.57400398207642
937870 175.15530849736794
939470 160.73546179096516
941070 157.61612409768293
942670 141.86132068767748
944270 170.88584573914204
945682 45.700782691666774
947282 153.9274169307395
947436 -100.44023194755738
949036 177.1856700844851
950636 145.69257733625741
952236 178.60399896904653
953305 -13.668942015783443
954905 136.92155880845365
954957 -109.16837788025973
955289 -116.07400390371495
956889 163.71409120727694
958489 154.70985129830873
960089 142.50223186434118
961689 151.91909495451324
961738 -107.78335691206095
961813 -118.62354716295687
963413 162.89443431749024
965013 140.21816734673578
966613 147.52741675760512
968213 150.01691449755464
969813 149.1847514276067
971413 160.2638630652135
973013 142.39317488048442
974613 143.27554679359412
976213 137.04945388938114
977766 -15.186169477252719
979366 147.6305674440847
980966 128.99712150134633
982566 152.75265474374743
984166 159.24004824639945
985766 142.09244687427744
987366 156.29952716557062
988966 159.19391607893738
990566 140.88849123444405
992166 129.66213107703678
992291 -110.85837575023436
992389 -122.66052972279365
993989 138.67113299036993
995589 168.55534498612118
997189 165.4369845540597
998789 153.8212560008116
1000389 154.77679190412837
1001989 161.6593049828602
1003589 157.5653502333666
1005189 108.68354033751899
1006789 178.12275491206768
1008389 183.13775902429492
1008484 -123.16837112990456
1010084 176.65251559051774
1011684 173.2809966935732
1013284 174.68682473931702
1014884 174.92239683436574
1016484 185.91931717743296
1018084 168.08457622800947
1019684 169.21126733548329
1021284 177.24954578562097
1021356 -115.36277944621445
1022956 175.73248359300857
1023044 -115.8820243797768
1023212 -105.618490503354
1024812 141.48697813573455
1025960 -7.835658995153338
1027152 5.316378211657806
1028752 141.8589168012826
1030352 149.64586176288353
1031885 19.43050355430985
1033485 167.23014699356148
1035085 158.04528612271403
1036685 142.53935230638243
1038285 152.22590699549195
1038691 -77.31977905685581
1040291 181.76116824106276
1041891 145.99389293804373
1041987 -110.21131468186218
1043587 174.19707858160507
1045187 147.30404729962495
1046787 158.69740452641256
1048387 156.8662187666499
1049987 155.07367611755316
1051587 159.52552790111818
1053187 168.7445798299183
1053249 -114.32697917765317
1054849 155.3031266735651
1056449 165.6823562853504
1056502 -109.34492306308573
1058102 146.44094117473875
1059702 166.05941002627426
1061302 173.14939113446698
1062883 54.65270033850007
1064483 152.72863223719293
1066083 150.31209342887288
1067683 147.0719191752949
1069283 151.06337111442332
1070883 145.18902827255548
1072483 152.12306245341537
1074083 170.08292811106153
1075683 171.87557039176616
1077283 168.8000147781142
1078883 177.62953117753273
1079749 -22.448358688504854
1081349 159.92438336094835
1082949 162.4193585425804
1083002 -110.86165704362716
1084602 170.91883186263516
1084658 -107.76215930789027
1084732 -119.26481855469197
1086332 128.55316103195227
1087932 143.38484151633642
1089271 10.992517062906444
1090871 165.63496605560573
1091724 -30.637840387655373
1093324 131.86964669911717
1094924 179.2759075740387
1096524 166.05979286462397
1098124 160.7728844370546
1099724 181.91199834429793
1101324 144.37083991515044
1102924 153.2793436907558
1104524 170.66369635800407
1106124 161.06003653813616
1106211 -117.78653480248464
1107719 24.108214553465046
1109319 176.9943200721851
1110919 168.9351748881999
1111849 -25.92413213588138
1113449 151.69599865863339
1115049 181.60621466028525
1116649 160.01096834284195
1118249 190.14458244811297
1119849 181.12238542727624
1121449 173.788165047178
1123049 179.54595086428796
1124649 164.75183475482967
1124750 -119.93210062328478
1124843 -129.4930005468869
1126443 185.00914049986966
1128043 166.7623635651872
1129643 183.93951496675916
1130915 24.545648842851463
1131420 -57.33261882251534
1133020 172.62436472073563
1134620 159.1761776824022
1135292 -72.45089972344758
1136713 25.180650376292945
1137882 9.15954346111846
1139482 182.60420688399816
1139751 -100.27199656088153
1141351 167.63935699387648
1142951 167.78912018166085
1144551 169.68925207958534
1144613 -120.3028066319016
1144697 -120.40685269699804
1146297 164.53778148956602
1147897 169.1483305681374
1149497 174.3006982076424
1151097 187.55650751090562
1152697 187.2086144675463
1154297 152.12887368368038
1155897 172.23627323537443
1157497 155.94990560935886
1159097 110.99380693369794
1160697 149.53355343895456
1162297 177.2908210867927
1163897 188.57046316058262
1164093 -127.68595623682685
1165693 168.36898672209392
1167293 181.82684121544844
1168893 179.3740720103179
1170493 125.35001991102283
1171880 39.35450900824051
1173480 165.29126026338432
1175080 178.23744402900547
1176680 173.13806440841773
1178280 168.93143092995007
1179880 162.00666132306037
1181480 156.41896996312212
1183080 169.23187876471064
1184680 172.77516762641028
1185538 -28.368726920596814
1187138 185.2008642497822
1188738 195.6573015396417
1188850 -107.52003659885376
1190450 185.5252297504874
1192050 157.4585382143068
1192153 -125.4698386200859
1193753 206.4872500371952
1195353 169.02689977024184
1195441 -131.01083600267472
1197041 170.43005890337167
1198641 184.8112461415956
1200241 163.03046963577006
1200299 -111.16772948414832
1201899 186.21206450423279
1203499 150.3206541636443
1205099 167.1390242288843
1206699 185.988046039397
1208299 196.4880874509463
1208813 -65.10038907080398
1210413 158.69057745277914
1212013 169.52815885136604
1212064 -110.27866817849812
1213664 168.29698380386185
1215264 183.16807607475434
1216864 196.13777258157498
1218464 157.95417173299523
1220064 173.6461119045877
1221664 191.42075583320596
1222103 -90.36204137816529
1223703 171.97402582041465
1224685 -25.378473583299638
1226285 160.6192558485387
1227482 24.784856922664943
1229082 182.1622896504925
1230682 166.413783910934
1232282 176.26393980464613
1233882 177.43134322366106
1234645 -46.278514922854924
1234800 -103.88856744354142
1236400 161.82479114698828
1238000 150.2052262306375
1239404 30.535307547311362
1241004 174.7279499355995
1242604 182.06911107425316
1244204 182.57358973399803
1245804 165.07994167533155
1247404 177.59515608858865
1249004 150.7813077879258
1250604 163.14521698844675
1250676 -122.87821695439766
1252276 174.07155689478228
1253729 38.63739604345028
1255329 183.3100379368704
1256929 182.3601730348383
1258529 168.21871290193263
1260129 166.30932345115258
1261353 20.907697987573115
1262953 162.39105905091256
1264553 154.91151970226343
1264644 -103.28176320289572
1264722 -123.08594146754034
1266322 156.96078624881815
1267272 -5.980925169304925
1267323 -109.34802423998217
1268923 181.515847360674
1269809 -26.76400257990062
1271409 174.83417858503768
1273009 150.9150022375928
1274609 175.851661446231
1276209 170.75806048329696
1277809 183.1264009929347
1279409 176.65555086540263
1279628 -90.63227099176497
1281228 191.6632810371039
1282828 190.49255952514582
1284428 204.68153493756208
1286028 186.6444169077379
1287628 212.85911719173507
1289228 201.2368663225122
1290828 202.91800906958605
1290924 -110.42275063926851
1292524 178.8884437902629
1294124 161.78197715300954
1295724 181.85531111940915
1297324 176.4599875707976
1298924 172.3648827705767
1300524 187.50818130278498
1301644 2.043630930455137
1302393 -31.038275254129672
1303993 180.60110725059417
1305593 188.63498154868495
1307193 173.53228140474576
1307291 -122.25652554203755
1307379 -118.6986928833127
1308134 -51.94385507191622
1309734 193.30749365978835
1311334 166.55990856404145
1312789 53.66510379688029
1314389 184.52409910342723
1314443 -108.87969518396444
1316043 191.3239719698602
1316123 -107.4241480139823
1316960 -23.60841042701857
1318560 170.77677456428265
1319163 -48.22644018334059
1320763 175.1027391996551
1322363 149.06356053097647
1323963 168.44059489242406
1325563 197.27096773572427
1327163 177.36539934055781
1328763 157.79408014836588
1330363 184.56900408709865
1331729 35.31233013434996
1333329 189.44713780613623
1334929 189.44053461735447
1336529 110.64573193443933
1338129 197.08436951516447
1338205 -102.72301998450793
1338297 -105.26213830148987
1339897 172.98321370500742
1341497 173.86933608912395
1343097 176.21164268367113
1343973 -19.54814054432326
1345573 188.39720802302043
1345661 -112.3696144637124
1347261 179.64683626017612
1348861 154.3117290595194
1350461 184.68293346405932
1352061 180.75961410905725
1353661 175.16609473532762
1355261 183.92811256428044
1356861 156.5566475922829
1358461 195.73309638245036
1359315 -7.764503709148357
1360915 163.98463226044532
1360990 -115.58506346060274
1361060 -119.57062475355093
1362660 178.90927533555578
1363722 -4.604942013056643
1363795 -122.10786471180555
1365395 182.46590190348564
1366995 175.32034911906055
1368595 183.2134552717455
1370195 179.4814336074984
1371795 187.9028222524258
1373395 172.12587675895344
1374995 182.85509749872554
1376595 171.87455704406173
1378195 187.99580313427822
1379795 172.5629072770533
1381395 172.54141185074528
1382995 178.21245180452624
1384268 29.313821971170483
1385868 192.23696336342113
1386466 -60.609019910717365
1386994 -50.40545135699342
1388594 146.38743415497296
1390194 194.4408701184186
1391794 148.54782147920744
1393394 176.49095114624004
1394994 176.06663833918032
1396594 148.99243286824225
1396714 -120.39385617007906
1396805 -110.20368847771299
1398405 176.4299889771068
1398502 -113.26479200783372
1400102 160.82805936021043
1401702 192.71211516663902
1403302 196.58185299848418
1404902 181.55882096412483
1406502 157.87145155599737
1406575 -121.61612760937712
1408175 179.3856620765491
1409775 164.55457497831569
1411375 197.65546407869968
1412975 191.86552763528664
1414575 191.50435561234818
1416175 172.23827793434478
1417775 185.7746551193618
1419375 173.81207602952168
1420350 -17.785244339555433
1421950 176.63954145321858
1423550 156.6662413212793
1425150 195.26523665462375
1426750 177.97934766097686
1428336 46.87849033982687
1428456 -112.31977747374773
1430056 197.01824012133167
1431656 204.30805907876172
1433256 186.14747994638844
1434856 180.84766632985512
1435841 6.978909800936364
1437441 176.77806774400412
1439041 183.96657674866077
1440641 196.31342438051638
1442241 189.26332878483836
1443841 188.81806007555042
1445441 196.92989363637815
1447041 164.1772867018435
1448268 54.27648146494357
1449868 160.15011104306393
1451468 193.93462643106508
1453068 186.4133153812197
1454668 204.09784057741936
1454995 -74.25889693487315
1456595 195.42084674114483
1458195 158.77467092590612
1459795 175.68021022364312
1461306 50.529624451605116
1462906 199.65687864617303
1464086 18.439087509373962
1464197 -113.0751612464247
1465797 184.9458344487639
1467397 222.81087500692112
1467512 -98.43944706170261
1469112 188.91409448149474
1470712 188.0183494614946
1472312 171.25029451923638
1473912 187.34897248777278
1473978 -121.02838944951321
1475578 166.51196911029646
1477178 178.10723132983264
1478778 206.29502304776045
1480378 177.43360275326725
1481472 -9.798512505229397
1483072 150.0620476109491
1484113 5.729294083444486
1485713 199.2350562728838
1487313 188.53060874577244
1488913 198.3203781548812
1489027 -114.18772038205837
1490627 190.33308380970837
1490719 -122.79364049783658
1492319 193.85242201007264
1492419 -111.22411414677774
1494019 159.42974797929563
1495619 175.4125358116166
1495682 -114.30471674673632
1496518 -26.499679881181194
1498118 183.4148521702898
1499718 174.65061119941564
1501318 189.77202091683176
1501372 -108.24593170065991
1502972 187.7802636497602
1504572 175.65009910916277
1506172 170.47966389729984
1507772 172.5884061053369
1509372 182.60920962315032
1510972 164.84243636817334
1512572 184.04235699946452
1514172 181.27075215226242
1515772 188.96267465312985
1516166 -70.70465435057629
1516254 -124.20198856221883
1517854 177.15141814784988
1518311 -70.8496897292528
1519911 187.35836394699507
1521476 83.7668742909496
1523076 188.17535507654392
1524676 184.7656170035951
1526276 188.28022152067368
1527876 173.13655602884597
1529476 181.06002748726547
1531076 191.06425796616062
1532676 197.23815671322689
1534276 185.0778878297419
1535876 203.09758878993884
1537476 196.14868346939525
1539076 201.7508678779159
1540676 194.1793564904747
1541984 51.76787358512766
1543584 203.42795976680094
1545184 200.0671015497286
1546784 188.264452615652
1548384 190.9084965542674
1549984 171.53350992428042
1551584 187.9235218535139
1551874 -83.7094215302992
1553474 187.78074596676024
1555074 178.13748587551044
1556674 192.00463709628653
1558274 216.77529028625577
1558385 -125.89077505559102
1559985 188.96426755191771
1561585 203.3845409762883
1563185 165.48926409513925
1563243 -107.33096300179139
1564843 180.97930085850552
1566443 185.68546736272054
1567172 -30.912718901611314
1568772 202.37111489026893
1570372 184.87230057831644
1571972 185.0880590338944
1573572 206.1747753012339
1575172 192.29439082585233
1576772 211.81751169068858
1578372 180.8100874979086
1578494 -130.4170314737434
1578590 -113.33536878554337
1578734 -112.75059524777905
1580334 197.14344842270893
1580534 -97.64519346960634
1580613 -111.63038573635308
1582213 194.13897605839293
1583813 153.30289777842665
1585413 206.6344290763931
1587013 168.3737003128512
1588613 192.5701157771236
1590213 182.06658788544377
1590266 -106.52487666236547
1590382 -105.8439437509831
1591982 176.60705902446063
1593582 181.2768379047318
1594362 -14.129939990287795
1595962 192.63319507069207
1596107 -96.04717771069394
1597707 181.35235379741283
1599307 197.26965514480776
1599402 -122.32101109083742
1599464 -111.8344065025424
1601064 148.86199155549656
1602664 193.7740762466907
1604264 161.3521618461813
1605864 201.83986370366418
1607464 198.20509938057884
1607544 -115.65559153565702
1609144 191.65786412207305
1610744 193.91306927181714
1612344 161.17052010419593
1613944 178.01675716762438
1615544 204.2789054501529
1615723 -119.63419506326386
1615864 -107.64023882612338
1617464 187.726603877531
1617560 -115.51279601080033
1619160 196.92385066581113
1620760 190.99777860419292
1622360 194.99761642505183
1623960 200.781058039007
1625560 215.73612946560047
1626625 17.195637101011968
1628225 202.00510355946847
1629825 214.15035850103837
1631425 182.5355437358734
1633025 184.5847725556356
1633099 -108.92579546596794
1634699 210.6577086563305
1636223 73.41805613298376
1636326 -118.80072942391658
1637926 190.8793709981663
1638604 -23.829830994930617
1638664 -114.95996942741547
1640264 203.81176035478
1641864 209.60843842336052
1643464 183.21126912204903
1645064 199.29241899932055
1646664 62.36701925453814
1647328 -42.15331465709105
1648928 211.4928851271235
1650528 182.47276318365851
1652128 194.59680206989444
1653728 200.1072328430409
1653806 -114.83057771097373
1655228 52.50412666094388
1656828 172.03035244885658
1658428 211.91872442022944
1658524 -117.8079877118487
1658712 -90.69289231817113
1658789 -118.22952715212851
1658877 -109.46135599040302
1658947 -108.69211466078026
1660547 215.90477177352653
1661728 29.65603098070443
1661843 -125.95539189876368
1663443 195.82536934684745
1665043 202.13934797149096
1666643 197.18996705484452
1668243 213.58600864007306
1669843 191.44119842868142
1669899 -107.88494672195489
1669983 -109.75199856664365
1671583 191.39760517422636
1673183 200.59442835227821
1674783 192.057058889809
1674937 -107.79304287576304
1676537 190.33515916894618
1676626 -116.79515237102906
1677023 -70.08612181515186
1678623 195.31617771930487
1679442 -36.3790351350617
1681042 189.5667434575273
1682642 176.15123546124136
1684242 210.8473027247823
1685842 211.9497573090748
1687442 208.71898719118042
1689042 182.33034969090318
1689247 -104.87925655791784
1689636 -67.05827955658177
1691236 187.27244437683166
1692836 198.96448547242466
1692910 -113.98669728070932
1694510 63.79850402146011
1696110 201.1586939580433
1697710 206.36787835513195
1698057 -93.36206544694615
1699539 63.169075306802455
1699596 -109.29372869489094
1699945 -85.42818001320214
1701545 212.09493029390606
1703145 147.7344631594608
1704745 219.6757853147282
1706345 182.7956740394143
1707945 188.32856520757068
1709545 167.73409782154482
1711145 181.4581421427569
1712745 188.6753949354088
1714345 186.69987458337656
1715945 177.00867417526766
1717545 193.2506911229431
1719145 204.6335226460172
1720745 200.34805707991111
1722345 194.83838683806118
1723945 177.96089785729185
1724406 -66.25806488265438
1725657 22.925234472921176
1727257 212.23945004476755
1728857 202.2421309003057
1730457 177.35238935919483
1732057 219.297741897814
1732124 -112.53947905199789
1733724 206.40007984662603
1733776 -109.1820232955056
1733899 -101.76947088196067
1735499 210.52876052854987
1737099 198.47567802190287
1738699 167.20453024643314
1740299 189.5090011484572
1741899 204.1031961132947
1741991 -108.90564046590279
1743591 190.00308165118207
1744653 20.67863934600969
1746253 229.00556693289732
1746355 -118.41893078636075
1746431 -118.97680441238235
1746520 -111.11637872946449
1746580 -108.71199022458308
1748180 179.83682025910173
1749780 204.6586199874263
1749832 -108.04147887150012
1749892 -107.81812622999338
1749985 -121.62827792367214
1751585 197.85916149787863
1753185 190.01174122865447
1754785 194.53818122488914
1756385 209.3849692523777
1756538 -99.60311876850761
1758138 209.94536687028221
1758232 -122.38573585851489
1758316 -117.65485834506775
1758513 -109.64578525693094
1760113 207.4612061890206
1760971 -21.116246631058786
1762571 184.54848722670775
1764171 212.59358717602143
1765771 188.1193335678592
1767371 193.69843635090598
1767430 -109.10243121043965
1769030 199.67696418641086
1769104 -109.9435399013379
1769277 -108.63055860948563
1770173 13.053215945309645
1770554 -75.73802982809241
1770616 -110.05089702441543
1770703 -109.01058385186208
1772303 188.06477630900847
1773274 10.863330929880505
1774253 -147.98369053097508
1775853 205.29416626847794
1775905 -108.13040011033478
1776003 -113.3181737193931
1777603 169.87843340886437
1778879 48.38734821505781
1779038 -104.51812803479223
1780638 205.2179537541471
1782238 211.24527693660335
1782504 -91.47869996314869
1784104 192.0955866514941
1785704 197.02127645520721
1786392 -23.882086062841168
1787992 222.57222415153421
1789592 208.04709230489976
1789646 -109.96791417199498
1791246 223.13378249076757
1792846 193.198884109743
1792986 -101.32443476836943
1794027 1.7953811112178641
1795627 234.37793762478273
1797227 191.30830927409104
1798438 26.988961173139487
1800038 218.3172622533198
1800825 -18.75451541519017
1802425 223.31841367517546
1802510 -119.28237877384574
1804110 231.26823612142533
1804166 -108.4779624840344
1804831 -40.20130466951994
1805710 -6.382863161941984
1807310 198.42848067026154
1808708 53.898666867993796
1810308 224.05690423185996
1810964 -48.714594354194
1812564 209.50573537760394
1814164 207.44187767298203
1815764 167.08642081041447
1815852 -113.62926044946164
1817452 193.41299110103955
1819052 206.15914502979368
1820652 186.52109267397063
1820737 -127.0524099519613
1822337 194.61221580335595
1823227 -21.6964717997691
1824827 226.06055100682613
1826427 202.92792986295694
1828027 195.75298283728353
1828181 -107.92324804236367
1829781 206.32599556108215
1831381 213.1844354934953
1832605 -22.57032409664879
1834205 207.75456321905392
1835805 208.42627381340276
1837405 202.4756035584098
1839005 201.38740533906775
1840605 191.6386867139151
1841277 -36.80028666107716
1841352 -119.89644969564304
1842741 61.98158499705724
1844341 191.74215244446364
1845536 37.320714886250215
1847136 204.89536182571814
1848736 193.30803539698337
1850336 192.6186918841948
1851936 225.89484347078113
1852014 -123.307562328008
1853432 78.9477914442885
1855032 188.78017613654887
1856632 182.44699900412422
1857354 -31.25081847265821
1858954 187.3860366348853
1860554 199.29118262780108
1862154 200.60822783396824
1862591 -72.88246980357731
1864191 201.13227063969444
1865791 206.39358867376436
1867148 48.35708337513128
1868748 205.03056527879406
1869294 -66.03627527725881
1870894 190.21400170929059
1872494 211.80638914144455
1874094 184.43978281085873
1874687 -37.2452824282348
1876287 197.18534085191874
1877887 201.41734859505806
1878716 -23.76065679787216
1880316 210.66216678982215
1881916 198.8513055337753
1881980 -112.38235305782531
1883580 229.14522766213867
1885180 199.99169619110194
1886780 218.58965655161145
1888380 215.61769928848295
1888437 -112.52873596029605
1890037 216.54451753704402
1890094 -108.8229032558569
1891694 205.8354019650719
1893294 178.35783187166717
1893354 -111.56391994341277
1894954 206.87666140416522
1895004 -108.82748871911504
1896604 214.56649537783994
1897248 -82.70293548677682
1898346 27.49063250043305
1899946 230.10135718412013
1899997 -109.28312967546036
1901597 211.44337026088888
1901652 -109.32020006752015
1903252 218.79103756574742
1904852 193.10064870947815
1905486 -22.988088922720692
1907086 218.76659944367233
1907820 -28.991453622588224
1909420 208.26456178850327
1911020 75.68600612126599
1912620 213.5635951387046
1914220 210.8696920305162
1915820 197.40932539637794
1917420 227.5834168432085
1919020 195.62060389087566
1920620 204.9272808464447
1920708 -123.9375999364555
1922113 -181.6564737075114
1923713 215.2970391064541
1925313 215.42987269196982
1926913 193.11905205419436
1928513 198.4961057924851
1930113 195.50179099924293
1931713 209.567523249784
1933158 68.69570459812627
1934758 207.66458708926126
1936358 -22.585019036096238
1937958 199.56438426523758
1938952 6.432208313384095
1940552 210.61542606164596
1942152 215.13150904158874
1943752 221.59843592045198
1945352 190.6671936636897
1945449 -125.61868117016058
1947049 227.78819466269672
1948649 201.30974323220383
1949355 -22.966844515431006
1950955 207.78392421473902
1952555 217.27165025812212
1954155 232.86034079658435
1954224 -115.9813873111171
1955824 213.04061854768494
1957119 49.548326760737154
1957715 -37.148116158713336
1957866 -102.37127094350693
1959466 202.24509237309277
1961066 223.18132076970392
1962507 63.53329101074266
1962569 -111.97229004958645
1964169 199.43275835904157
1965769 218.0138033780673
1967177 76.31036129167074
1967645 -55.13927264791605
1969245 214.70574131733335
1970845 237.9031649565445
1972445 239.22818102781184
1974045 196.39741565723585
1974098 -109.48108196508387
1975698 233.96754325792074
1975749 -106.96837376779504
1977349 202.58750954331654
1978949 214.78210922778442
1980549 213.2971189128661
1980608 -108.60873106726321
1980700 -110.80789614143036
1982300 224.53433090765583
1983777 61.53964520947744
1984910 33.894350537907115
1984962 -107.31330298195842
1986453 78.13883869565882
1988053 216.59976524365118
1989319 43.694835269677355
1989495 -122.3950949433651
1991095 212.4609315924414
1992695 215.51070490236233
1994295 200.2085048795574
1995895 213.66467824077353
1997495 205.76750300540903
1999095 211.3018466077901
2000695 217.38539300474156
2002295 -39.033225976354196
2003895 213.4707527021472
2005495 200.8047211406882
2007095 201.918466643238
2008695 215.21749687879037
2008797 -120.36965645732606
2010397 197.3474425368646
2011997 190.47573973534296
2013597 177.80294316632433
2013658 -112.19434402324818
2014291 -40.14206880369014
2014673 -68.41999128295791
2016273 210.75382434678835
2017873 213.73559264690599
2019473 199.970526925757
2020558 12.685492408355728
2022158 230.72909424477965
2023758 217.8377926582502
2025358 228.29845412155726
2026958 212.89511321886536
2027926 15.98715630828653
2029526 193.94798313520045
2029819 -83.64802179149225
2031419 182.74665149115089
2031774 -72.84009123529124
2033374 227.68872425922774
2034974 192.7049073773753
2036574 201.28855523875572
2038174 226.4944876065722
2039774 210.43086337932897
2041374 214.311936681605
2042584 51.567750776505875
2044184 233.3876926763772
2045784 198.9097815372424
2046745 -5.680763560694686
2048345 -20.355674915304416
2049945 207.07529175055112
2050664 -36.044645188387186
2052264 199.23247669008256
2053864 181.55232829372588
2055464 207.36352844648613
2057064 189.3707466148841
2058664 203.4848564207554
2060165 43.94561365751278
2061765 212.84240156818043
2063365 185.4983435070644
2064965 200.8974294933086
2066565 202.81952971685016
2068165 207.76244140160279
2069765 211.12023542290342
2071365 195.63646576746646
2072965 224.19635150562183
2074090 16.31284661751954
2075690 198.48113856261742
2077290 209.22768567573053
2078890 178.46279952690398
2079621 -11.027873928535186
2081221 206.48632249725233
2082821 184.8899954393952
2084421 213.6740601428301
2086021 208.84587732424876
2087621 195.2631709901338
2089221 222.0012128844463
2090821 229.83069645364117
2092019 13.045344545375514
2093619 209.4420924711971
2094139 -82.49656205389337
2095739 201.35217911586318
2097339 205.36804651708871
2098814 88.22176796671425
2099121 -96.26791338662804
2100721 218.99013782745465
2101841 28.774579613886743
2103441 215.22827930941983
2105041 202.48933859575706
2106641 212.27016143716241
2107938 49.22447810473321
2109037 46.31485011648286
2110637 210.96169597993813
2112237 205.91737223722302
2113837 218.16354602352448
2115437 182.02433491274175
2117037 232.70188088702076
2117118 -117.70128125181608
2117214 -110.68837719645413
2118814 207.05587590909795
2120414 204.88194319908624
2121553 3.6935858477460215
2123153 236.47374599527984
2124753 223.45241784670304
2126353 197.1913639289077
2127953 188.90852393240885
2129553 211.22843609174708
2129777 -87.3577886458002
2131377 203.09323358730117
2132794 79.42255469786966
2134394 204.74890190373006
2135994 222.56815980932086
2137594 214.60040680394508
2139194 235.0667480647205
2139263 -119.90297173614613
2140863 222.28561621473375
2142463 235.23650333202158
2142550 -110.87646171582614
2143237 -15.39258471632931
2144837 239.47444304682048
2146437 218.77474603193798
2148037 223.63817442081245
2148129 -120.67984545418184
2148236 -99.8112739892155
2148320 -117.99557040899433
2148391 -105.95400632891804
2149991 216.95267791738357
2151591 190.62738447762436
2153191 214.76107421375542
2153353 -111.38980820086101
2154953 208.33518958915053
2156553 220.05521670429886
2158153 209.92887690820208
2159753 205.48884743517084
2161353 227.3490452066201
2162953 222.196447065245
2164553 211.58832253232757
2165348 -14.690398342128773
2166451 22.467308643557303
2168051 200.2092343579246
2169651 191.5773249594429
2169755 -116.21188568726741
2171355 215.048346380169
2172955 201.77434350993389
2174555 231.00256042242225
2176155 194.20741994430634
2177755 214.26317166048133
2179355 203.65133159185493
2180955 205.91766805647214
2182555 193.00263409822887
2184155 176.9286254942806
2185755 185.22267529614172
2187355 221.1178124305384
2188955 212.32492140890304
2189947 9.200515303717921
2191547 221.31923893783141
2193147 220.13392378271874
2193269 -106.29923535460793
2193555 -82.25174736482154
2195155 190.64274855412708
2196755 215.53141290601022
2198355 229.8729021829846
2199703 48.79141825698338
2201303 206.4432321556357
2202903 196.7737432338526
2204503 227.1042526543309
2206103 203.203459986183
2207703 229.79924922201852
2207797 -119.15387438386306
2209397 188.9764757304336
2210997 236.28138211148726
2212597 137.20423757214485
2213059 -60.24391189600283
2214659 200.27617563273603
2215895 52.43642297078003
2217495 201.27380412064196
2219095 213.95576134010219
2220695 199.11421455297014
2222295 204.6040679222198
2223895 203.85033645063942
2224058 -105.5820166740312
2225658 210.1480590906243
2227258 208.90780047413142
2228858 207.77719554750493
2230458 160.6444235307399
2232058 186.51589155794858
2233658 213.49093218943048
2235258 226.67847631998424
2235398 -112.86882871456568
2236998 217.5465644513871
2238598 190.01740494214118
2240198 210.04000987491722
2241798 198.56123136398185
2243398 190.29184664188662
2244998 201.99651605718475
2246598 200.13822062077134
2246667 -112.03878280286739
2246765 -106.36743522195518
2248365 207.76572377236513
2249965 199.10637759430588
2250705 -29.818187134058405
2250803 -116.73405351856661
2252403 197.62857083393425
2254003 231.75551541498825
2255603 209.67271592549415
2257162 69.02098765016177
2257276 -116.60922057156854
2258876 240.54686493211145
2260476 188.57040330155093
2261801 63.2131599113016
2263401 197.81982922702238
2264399 8.19278283768952
2265999 215.3529732489141
2267599 230.61438155866864
2267746 -106.47078933785545
2267967 -85.70935615866568
2269284 42.19956848149269
2270565 51.833922187081015
2272165 -70.36600077719812
2273765 169.33548448979803
2274152 -79.94989783058129
2274735 -41.05723642246984
2276335 184.31282168803494
2277935 207.83589562111612
2279535 170.77946194978526
2281135 201.27249078084378
2282735 203.62030860151822
2284335 213.3899782535439
2285935 193.03716531977477
2287535 198.641768740314
2287991 -79.17781419327389
2288143 -112.56923261958113
2289743 197.97806652290484
2291343 200.7193438702398
2292943 209.40211471831566
2294543 189.57556842144677
2296143 209.21211711515738
2297743 223.82442435025342
2299343 219.78676088536173
2300943 165.93637854342543
2302543 229.3291618977235
2302922 -68.58223374173605
2303550 -47.054322504575055
2305150 214.62690104070927
2306750 230.10475552809905
2308350 216.67547578291794
2309950 165.07848423573122
2311550 207.8183934342399
2313150 210.26927669813102
2314750 190.6114317736481
2316350 221.56342798846552
2316532 -106.25573626242532
2318132 216.4446577517457
2319732 231.12874633222378
2321332 198.56821863354617
2322932 224.6885227449395
2324532 214.44193712755177
2326132 217.93069279694865
2327732 227.02747890101168
2328376 -49.505023260215246
2329976 210.51173549021314
2331576 190.21366478710257
2333176 220.58516265461296
2334443 56.778151475255726
2336043 199.85773720785716
2337643 208.45096675537891
2339243 189.04948714597185
2340843 232.32104726637988
2342443 180.5678327374372
2344043 202.86839371992752
2344362 -82.50295456618008
2345962 207.97479455981136
2347562 199.810300208528
2349162 207.25444486017628
2350762 198.73551880504672
2352362 210.69137169461408
2353962 203.55768360557525
2355562 187.8211261738314
2357162 215.32640407270083
2357523 -98.85212052192756
2359123 225.65786276223207
2360723 210.86732104745934
2362323 223.7068947825836
2363923 190.96660381670057
2365523 198.01023598420642
2367123 193.03293331755447
2368723 201.51143901129947
2370323 199.77462159205356
2370375 -109.10458863743644
2371975 190.05485538817226
2372050 -113.69399134019204
2373650 200.71044699099886
2373762 -112.26992489685988
2375362 194.97884547724388
2376962 219.60880740435775
2378562 188.33023975733278
2380162 203.2290463592168
2381589 49.5541148314843
2383189 198.4635733810591
2384789 201.48921822197218
2386389 213.62248413660615
2387989 201.37418053345823
2388424 -73.87522084447987
2390024 219.50693418423955
2391624 209.35663056519144
2391714 -113.07783957977718
2393314 206.70287663568854
2394914 198.29125702745733
2396514 186.04099876668312
2398114 206.33728417222176
2399714 219.23044669382983
2401314 213.44002069028159
2402914 240.00078075993866
2404514 219.69538075391748
2404592 -111.73197668204642
2406192 218.48155382237758
2407792 200.50077650417805
2407852 -111.59445448851027
2409452 214.97723966749376
2411052 230.62424810453086
2412652 207.79044189647053
2414252 178.02673449644547
2415852 211.19489875451117
2417452 221.66552503002237
2419052 201.42712512731754
2420652 147.9951464460349
2422252 218.01444671932643
2423852 211.89232197006007
2423909 -116.22830966443941
2425509 229.67333568488343
2427109 222.90279633644906
2428709 205.6572462919563
2430002 78.8613690040907
2431602 226.79364371521748
2433202 215.80454815035793
2434802 216.61763262441423
2436402 190.52780404127435
2437021 -42.262462530490616
2438621 225.8979649628792
2438673 -110.31675506536911
2440273 157.18089566867408
2441873 228.04925686319035
2443473 213.76639895575462
2445073 218.38526862170738
2445991 -16.58624429410156
2446081 -108.01357003630636
2447681 234.12126349434752
2447923 -92.18098736718794
2449523 226.48254016852056
2449718 -108.09399307766364
2451318 209.00523173992357
2452918 196.5232823229101
2453022 -114.89883620208875
2454622 216.4019405933151
2456222 218.83466592290685
2457822 184.65746248547222
2459422 240.42736647137738
2459473 -108.91281083984984
2459559 -115.50183530881877
2461159 238.89063120892376
2462759 194.02243417756864
2462817 -112.58410365440945
2464417 214.36378856224206
2464474 -112.41815103235157
2466074 195.05672682123887
2467644 108.72971262468658
2469244 207.53997710698204
2470844 220.24649956940922
2470938 -124.65081467556828
2471018 -112.61075432067489
2472618 231.6340240871133
2474218 203.17628945417988
2474309 -120.38209200745355
2475909 196.92604081960815
2477509 199.9093383994731
2479109 212.40373616139897
2479194 -125.41881599670586
2480794 185.2292586001116
2480884 -121.60360893207292
2482484 193.12262870760614
2484084 205.25746563371996
2484423 -74.84611686062442
2486023 236.4394229024344
2487623 200.0687646083193
2489223 210.73749476154802
2489306 -105.41248556205817
2490906 207.1980388406684
2492506 201.77693913142994
2494106 223.21435829652077
2495070 31.60289728866391
2496670 216.72422314750824
2498270 215.1559482411129
2499870 224.50147779826563
2501470 211.4543823847403
2503070 178.3278239373
2503163 -113.65109780841198
2504763 215.294908249735
2506363 214.8436965321119
2507963 213.40690443380623
2509563 218.556197006722
2511163 202.2813773578526
2512763 204.88356749263286
2512984 -101.97717095492966
2514584 216.72562844126531
2516184 203.95976406968654
2517784 199.02471698056516
2519384 192.01736206288612
2520198 -25.626880551548936
2521798 213.03799963386265
2521890 -112.73698870528365
2523490 206.87462373051338
2525090 207.85703902257598
2525142 -107.15946693272517
2525258 -118.74774857931149
2526858 223.77529385078006
2527846 8.58152118500145
2527920 -108.15613373877791
2529520 198.1712814207884
2531120 213.6615182255293
2531556 -60.76304371641574
2533143 107.54846668421948
2534743 212.18417695784055
2536343 234.02291993366939
2537943 226.84516368351672
2539543 202.3398079618717
2541143 228.1290285933268
2542743 221.82365690624707
2544343 232.63951005456073
2544452 -109.10303114713729
2544532 -123.22250202153623
2546132 225.77290273335902
2546196 -106.75740874207392
2547796 214.45502060259145
2548598 -26.833229994412335
2550198 238.8946719030298
2551798 194.46882025094143
2553398 229.11200234633742
2554998 193.71201040068397
2556598 220.02532055156715
2558198 226.82963003234892
2559798 213.9067267307023
2561398 220.30564107079064
2562998 251.8993926511178
2564598 236.93955347620945
2566198 216.9071321561568
2567798 209.69001618661983
2569398 212.49358291463156
2570998 203.91140247924957
2572598 207.05410771287052
2573189 -51.102316762553514
2574789 196.35016147743352
2576389 193.02747094796945
2577826 32.72179456827192
2579426 219.723626169975
2581003 76.95585995962111
2582603 198.45471058458207
2584203 222.3529058406457
2584288 -112.92777895437057
2584390 -110.85215048629108
2585990 225.4827386020491
2586071 -116.77393308731106
2587671 210.10650392450765
2587741 -119.69085481145916
2588172 -70.36846521907486
2588271 -120.79545669697815
2588404 -110.126893450719
2588459 -110.58155110248178
2590059 218.16464086922926
2591659 213.8589751611632
2591795 -108.9002679613512
2593395 207.44558710055006
2593502 -109.60416452046111
2593843 -142.27923369310548
2595443 192.99572308592164
2597043 223.90895809746178
2598643 205.84361288315017
2600243 205.35715459185644
2601843 217.45709898402473
2603443 204.49461780902527
2605043 205.5474262436695
2605167 -109.07136887223895
2606767 211.74803986640316
2608367 198.32954418149725
2609967 217.93115252619336
2611567 213.4786944133677
2612830 53.71430436840919
2614430 225.49501640095906
2616030 229.48514767239527
2617630 196.22013801696258
2619230 216.40182664236764
2620830 202.206593447514
2622430 210.5005648076435
2624030 219.0737979920208
2625630 201.04250863433484
2625701 -112.78093615938724
2627301 229.89498441059993
2628901 217.37493272656303
2630501 218.85721325173537
2632101 215.67444642689108
2633701 207.634490693832
2635301 219.01134206648257
2636715 51.77663817959419
2638315 188.13264518323848
2639915 209.11976427034062
2641515 216.76128378349944
2642747 41.02802677063721
2644347 180.79888311011973
2645947 201.1875525257925
2647547 203.2619392113654
2649147 212.63402278246937
2650747 217.12372582091686
2652158 42.67504792265191
2653758 209.59593801139698
2655358 195.43654216402132
2655799 -74.51410961016157
2657399 173.1771457331715
2658999 209.73645866153046
2660599 219.37864793526623
2662199 197.5376717742974
2663799 205.96631126316223
2665399 197.13106660181973
2666999 206.11537383774328
2668599 208.35925411525588
2670199 182.66984287550255
2670295 -112.46477737282838
2671584 67.67982802541925
2673184 204.70474617452052
2673235 -110.76632874097737
2673307 -122.09562110420534
2673366 -116.92066138072498
2674966 207.83046372966456
2675046 -114.47985906820868
2676646 237.30529834231606
2676749 -118.88570534686868
2678349 179.11621697076322
2679949 195.65879253026807
2681549 205.21166859516237
2683149 217.59846727492726
2684749 210.88411920154206
2686349 216.86668750646567
2687949 203.31394978850156
2689549 214.49008408388875
2691149 218.13664849386103
2691265 -120.73518397007696
2692363 45.525716136489166
2693527 38.63589506489532
2695127 218.8279249215025
2695840 -38.681004543544105
2695925 -107.73033818838124
2697525 181.49677876897823
2699125 218.4170916333256
2699233 -112.49307622090416
2700817 92.61110254117352
2702417 217.8112280800993
2704017 234.28898194165566
2704133 -110.05735029677271
2705733 211.98768941878416
2707247 90.18698679704173
2708847 184.34174201821156
2710447 205.3493771569625
2710552 -117.24585126445567
2710654 -116.75811996825847
2710771 -114.8836897728021
2710956 -123.18159272446857
2711057 -119.03504972266778
2712657 215.23732686708533
2714257 189.25835182284595
2715857 208.8522280065881
2717457 195.65968754970368
2717563 -107.59963676283633
2717668 -108.2924299217295
2717785 -115.25904300589238
2719385 208.6649929364518
2720985 210.03646252587345
2721078 -115.9985569633885
2722678 202.49218652546816
2724278 194.42286244537024
2724395 -109.05524391796067
2724580 -117.86633760605224
2726180 233.1810503775262
2726279 -116.9053356051147
2726374 -115.3547361089536
2726430 -112.89321917099382
2728030 229.86355768208776
2729630 205.661127255831
2731230 221.13313313150798
2732830 214.4766169402702
2732963 -117.56483584597459
2734563 231.5023475767573
2734650 -111.57728205693016
2734762 -112.63330732167263
2736362 212.2377621633198
2737962 206.30916677408683
2739562 207.3604963723885
2741162 225.832767884779
2741264 -110.56270293900309
2742633 56.17404189362571
2744233 212.04424928229216
2745833 203.7817400462588
2747433 214.99564575884384
2749033 186.05267121279465
2749950 17.11183858051659
2751550 238.06721276766933
2751646 -122.39390142274648
2753246 206.11424176547825
2753332 -109.61540302810198
2753446 -114.93233213194677
2753624 -113.07948990599655
2755224 201.8818350881513
2755318 -114.8545885411476
2756603 36.72015031874409
2758203 222.6736663991682
2759803 226.89485357670213
2759896 -109.0723504947486
2761496 208.05883391070805
2763096 221.73022961544086
2763392 -92.08355879379499
2764992 219.77283619074896
2766592 214.68716966198
2768192 219.37321267875134
2768289 -109.72404155038235
2769889 245.2903559923779
2771489 224.54452505041445
2771657 -132.76500219336958
2773257 190.7199197310296
2774857 217.84299921443537
2776457 221.09841276957764
2778057 194.40920698330717
2779657 223.23098032409396
2781257 197.40426669936755
2781312 -112.5889578166126
2782912 231.71818194196825
2784512 203.73421650534635
2786112 208.17289482967178
2787712 195.82770866951185
2789312 193.8930713538023
2790912 234.59294378717354
2790975 -118.03625555838397
2792575 207.21502498023943
2792671 -112.80892442102234
2793836 33.3253496117496
2794019 -110.63649608192873
2795619 196.76040207173628
2795691 -112.63696747186036
2795784 -113.41149570863632
2795852 -122.06482426013238
2797452 207.98569715885282
2797615 -123.2354422525068
2798238 -37.67657706968263
2799838 238.51627664209403
2801438 208.66252079254713
2803038 221.05234604663937
2803093 -112.70444710592801
2804693 208.0618759596184
2804748 -109.71312032416773
2804981 -138.62715278310515
2806581 236.47470943158118
2808181 202.59013335994862
2808268 -109.22236341445334
2808341 -119.88001089075954
2808733 -72.30125839381482
2810333 223.93540158956478
2811933 219.46572466655402
2813533 221.27092583309587
2813625 -106.85376103359833
2815225 214.34648746656032
2815370 -114.16215139354439
2816970 201.84261668052972
2818339 78.58794490548092
2819939 223.13371041124006
2820024 -110.0444337142012
2821624 221.14476150233202
2823224 217.36044726651738
2824824 203.42559962785253
2826424 211.5461655263903
2828024 199.4309692173639
2828965 -0.9502003797078231
2830565 231.5799102670796
2832165 210.2542398332368
2832487 -78.58986860365545
2832574 -116.53027521163659
2833273 -32.94764177070593
2834873 208.95053003668306
2835793 6.1491931203746475
2837393 190.22711215722518
2837812 -78.04693289702168
2839412 212.9426542056115
2841012 216.64788630548884
2841056 -109.08401964895303
2841163 -109.72100439432201
2842763 214.31237836205443
2844363 211.75553128282456
2844910 -44.32256302528704
2844993 -125.87903499664614
2846593 212.9119984111483
2846672 -106.08877753047894
2848191 97.6995036543151
2849791 235.4887608145071
2851391 198.65768477753616
2852991 195.82256258756652
2853072 -109.62354675212875
2853151 -104.07174816112283
2854751 213.06304951361267
2856351 209.8217021961319
2856449 -115.78426130867811
2858049 221.27323202511806
2859649 212.25148131818887
2859731 -111.1410510615067
2860324 -53.51854934843926
2861924 192.13109181952424
2862013 -113.51485947951177
2862067 -107.63999821598145
2862168 -118.70936513603044
2862225 -113.88150299936346
2863226 25.40028443605847
2864826 215.93263110980777
2866426 236.18485033363777
2868026 211.0908262009385
2868120 -108.5180018294106
2869720 249.90918086251799
2871320 220.50586246984074
2871871 -55.295123549478134
2873471 198.8622870174581
2874457 16.057902239089117
2874562 -110.93697079714822
2874647 -113.70353409747841
2874735 -122.37377691369255
2876335 226.79011844680912
2877935 217.47475848827324
2879535 222.74163742359772
2881135 217.16445123548507
2881235 -111.90118672392518
2881518 -92.24873071970293
2883118 225.8862223361416
2884718 176.76794499763776
2886318 221.13314034252002
2887918 230.91102855380873
2889518 212.01224152981106
2891118 186.47511960185017
2892718 197.79124778626127
2894318 207.42623331857249
2895918 221.78916643783663
2897518 214.00200142972434
2898099 -54.0094031898353
2899699 208.95154172288062
2899752 -110.14288697020834
2901352 213.19617553732394
2902952 245.0988184971281
2903042 -123.37136524748647
2904642 188.7262757209528
2905135 -45.872197127829665
2906735 240.40569500185882
2906823 -109.83103841943169
2908423 203.7619793662093
2908507 -118.31449197712107
2909649 29.03601128149515
2911249 232.93511615259646
2911306 -113.19177123600306
2911401 -123.7088048810903
2913001 224.5599821698773
2914601 217.2402932464996
2916201 234.1218232547857
2917801 232.67779128971307
2919401 207.05558306451414
2920680 44.88731827537012
2920785 -111.3223518292252
2920870 -117.91065503166803
2922470 198.10541073173727
2922560 -108.08987811264566
2923390 -17.19722638977568
2923614 -101.1053229910694
2923702 -111.96977174819385
2925302 219.409348920432
2925403 -106.51795107102828
2927003 223.46289285257498
2928603 246.23675086998125
2929904 41.62972375030171
2929995 -110.37108835803997
2930074 -123.99381191017045
2931674 223.33528153247215
2931732 -111.66628682400162
2933332 209.8417277065822
2934932 249.91719019672504
2936532 226.44115591103653
2938132 201.9899825641528
2939732 216.4227413642208
2941332 229.37023393933887
2942870 66.6646026833495
2944470 194.95086164141267
2946070 215.95260953943003
2947670 214.83306588216288
2949270 217.69789933977157
2949364 -124.53337484613122
2950964 214.4964144476109
2952564 214.18218546691173
2954164 205.07954211408716
2954281 -122.14204927690638
2955881 217.6648827934938
2956853 14.411495385249424
2958453 220.95617786063428
2960053 214.8430904687152
2961653 219.18347676998255
2963253 227.6583491975509
2964853 239.2055458400783
2966453 155.51027913071223
2967184 -18.515403300946403
2968784 230.37247989205983
2970384 219.93164855702466
2971151 -32.47841164273997
2972751 262.4631549211683
2974351 249.47481452028543
2975951 214.59997772414007
2976010 -114.69976578894631
2977610 248.4320346336969
2979210 222.78328602635025
2980810 224.5624090171018
2982410 232.81793884196512
2984010 246.22544529506135
2985610 239.82102893380676
2987006 72.902364878903
2988606 219.3715434099849
2988663 -112.53603260947888
2988717 -110.9941833664719
2990317 206.95057296281408
2990415 -116.35719220920652
2992015 220.67720921720075
2992108 -120.23585582314121
2993708 245.66499089509085
2995308 227.8018516853144
2996908 208.2197209793476
2998508 219.7168394302125
2998605 -115.04638224560706
3000205 221.78019412190196
3001805 231.996182991825
