# reward.txt contains number of transitions:cumulative reward
1600 -110.49622497519688
1697 -100.77322113642562
1741 -106.29178922860139
3341 -111.895021209431
3404 -113.30026289522694
3490 -117.78259018981953
5090 -129.72917731044865
5195 -104.1695805967295
5263 -111.36438551348695
5372 -106.82528076757491
5455 -121.91973915675158
5533 -103.19771183514656
5631 -106.10199657581437
5689 -106.2421848871725
5758 -107.76687926863475
5816 -105.4615873075823
5892 -115.41201529846465
5965 -121.80778536833512
6026 -107.17886783927555
7626 -121.62125166357006
9226 -78.76877623793035
10826 -78.33287098172806
12426 -75.93136621496393
14026 -79.16312288250417
15626 -63.15847601440801
15758 -121.79671565170771
17358 -116.47435613592565
18958 -107.1587683841621
19007 -106.86521841191004
19069 -107.04252846028392
19130 -112.09516450025902
19188 -114.4390855164441
19262 -106.18953098375164
19381 -124.47890512933334
20981 -78.96397399555605
21029 -113.53758663962782
22629 -117.07100397022602
24229 -110.21941200946816
25829 -112.84342777921046
25892 -116.69359280991057
25989 -104.27737419418028
26045 -102.74356408974467
26096 -109.58489884245581
26135 -108.08344997160509
27735 -77.77126865894597
27796 -109.46930810869485
29396 -100.32309451552076
30996 -81.92240775130497
31076 -118.45991755240163
31134 -113.78527463205407
32734 -100.65234285181012
32838 -116.98974857558187
34438 -89.65641142869931
34490 -112.31944456175157
36090 -100.65485028658429
36158 -108.48080987238077
37758 -88.28494132306682
37831 -102.43482205452584
37917 -123.63495136080434
39517 -80.4753853212639
39583 -124.04348054550465
41183 -87.11959814991863
42783 -86.79433638919895
42857 -106.59368840364833
42940 -100.99654094103042
43022 -100.60466350567216
43090 -114.66026106627348
43155 -108.8300390671324
43229 -116.04310287951014
44829 -85.69170770858354
46429 -90.16990254095785
46490 -107.07807990375471
48090 -92.68333572202063
49690 -88.18913522015814
51290 -93.68053442285213
52890 -84.93662336472937
54490 -89.4673138289981
56090 -95.70769833259284
57690 -82.94661800449346
59290 -89.80372386881054
59340 -113.65252808936125
59404 -107.16462597637687
59485 -106.41379006822284
61085 -98.33227755741581
62685 -86.86828733526735
64285 -94.45387418613969
65885 -93.08934014695568
65988 -124.09873413500438
67588 -86.31482194252433
69188 -77.91858034086788
69266 -109.15860331864158
70866 -81.19209264374399
70935 -118.42545111520712
72535 -86.70114508729358
74135 -75.65601131344702
75735 -86.96618366837333
77335 -85.96538356207097
77395 -114.5715303170116
78995 -83.82899472557315
80595 -79.50733730790878
82195 -85.02266668202591
83795 -84.66733223284896
85395 -77.75455892870815
86995 -80.67781296148385
88595 -82.53957078738196
90195 -70.22644147527413
91795 -80.07613710097353
91866 -115.67860500410634
93466 -69.83955887679066
95066 -72.19830323111752
96666 -79.85425776615418
98266 -81.82417701316983
98344 -116.5398653176396
99944 -69.00930287497924
100005 -110.92080575137896
101605 -74.74120315677987
103205 -85.29542118541818
104805 -73.05560992180106
106405 -68.05539567923418
108005 -63.57428287028021
109605 -79.26080156604652
111205 -68.59792885318024
112805 -67.3924414393884
114405 -70.15931338565669
116005 -63.784134047468505
117605 -60.128121492124215
119205 -61.37658562509833
120805 -66.77688420360151
122405 -63.014022377173056
124005 -61.18755721119673
125605 -51.78700761102451
125656 -112.30563147426582
125756 -122.39288238990493
127356 -39.0117134885725
128956 -51.06393279787656
130556 -51.20294033419459
130610 -122.96531767852791
132210 -46.21229821798894
133810 -32.98033101627349
135410 -31.969033661942298
135471 -114.71572406410985
137071 -33.114288361369276
138671 -25.184768961293013
140271 -13.470152023676778
141871 -33.453811746514084
143471 -1.5100076850199335
143542 -114.09700844482022
145142 -17.765339549124217
146742 -12.560410454360154
148342 -11.949869860806817
149942 9.87036818216988
151542 2.892613331511595
153142 3.119815267628674
154742 19.804821285881687
154802 -118.91464593398757
156402 33.02064677654397
158002 27.663900702925996
159602 35.345372519036154
161202 28.260593853499138
161269 -111.74928746951993
161344 -116.2951284401454
162944 34.207041779673936
164544 29.997117594942416
166144 43.68312019007524
167744 29.395710816859616
169344 36.98609117266478
169398 -109.93599448584517
170998 45.73301428510799
172598 51.21327022366473
174198 62.70621289465501
175798 79.72610822741137
177398 74.91322492026838
178998 79.00931984147917
179080 -107.01131803754717
180680 84.10765999876958
182280 70.26382080102151
183880 87.39187682260018
185480 103.00173257088125
187080 92.83582101059345
188680 86.35663254259205
190280 100.8642432331174
190386 -97.6980251613427
191986 109.31869590427594
193586 93.07046056349522
195186 104.48247621973175
196786 96.79015170334512
198386 76.97646827949337
198438 -117.94571292012745
200038 110.17567855148017
201638 121.74995216386084
202604 -51.32848685188843
204204 120.25084005467282
205804 114.1379987351045
207404 103.05251596296411
209004 84.57019918133133
210604 101.35390880648089
212204 108.7070351370674
213804 119.8418779984514
215404 121.89131153420178
217004 111.32133132717317
218604 115.30188394087932
220204 102.29792405691867
221804 144.65329559184372
223404 120.12433434271469
225004 135.1207887593634
225075 -110.17674286051343
226021 -38.41817003043368
227368 3.9981647208713724
228968 147.81737731057348
229611 -52.76795183299921
231211 133.57594199975773
232811 138.99314216627735
234411 125.45289214338239
236011 142.38878044449723
236092 -110.9745129730869
237692 129.9603627198854
239292 137.68462868696744
240892 151.5609922559734
241002 -113.89819031216888
241131 -100.735815683476
242731 144.91464497823694
244331 152.22052801092988
245931 130.62971311741828
246330 -77.92501752018245
247930 129.89011755389026
249530 156.88956177478582
251130 136.13086889808804
252415 20.95345626218854
254015 161.14935466907747
255615 143.83101067095367
257215 126.99977924475405
258815 140.78963411458213
260415 131.96402732320016
262015 167.8381358077021
263615 172.18806889850893
263703 -111.00696533675803
263777 -121.80556455343093
264225 -99.25127220322376
264316 -121.2405806984026
265916 165.05445256878724
266016 -107.56438350814643
266120 -111.70976893606161
267720 142.51088390765594
269320 128.49846143595943
270920 146.4137420724493
271050 -102.7337791514347
271092 -108.93056080493642
272692 141.71413478195345
274292 124.04371228126001
274519 -98.36459188891266
276119 150.2712308052018
277719 148.87529698111211
277783 -115.05357012990055
279383 129.72792289009092
280662 -16.570329207980876
282262 145.1057235638684
283862 132.20505743112867
285462 137.83906370272302
287062 122.1553310202968
288662 161.4946151219566
290262 153.61009933055055
291862 151.29190309447043
293462 171.6742040724303
295062 152.02946157217517
296662 178.20978561399642
296933 -91.7250354929852
297030 -100.81286749888335
298630 174.6129118946201
300230 194.49098775379935
300380 -99.32960920460584
300506 -98.51459561204165
300578 -114.77346220286873
302178 191.35286841145208
302262 -112.31982158838088
302308 -107.09828128431427
303908 164.36634055401484
304722 -28.335553027158028
305133 -60.387579852942984
305179 -107.86271299255763
306287 19.057775296086007
307887 178.68075842614851
308622 -25.817814363426265
310222 186.04285684957944
311822 164.43849061587443
313422 162.80026369317628
315022 162.044643025654
316622 112.59457454343871
318222 151.67212255816352
319822 141.11075876799023
321422 165.58290159166847
321526 -113.14684901273685
323126 131.63132054794275
324726 159.090422117529
326326 118.94930214126776
327926 151.10788327129626
329526 164.89827357023688
331126 147.02531341527396
332726 145.34825826553114
332802 -120.76260296027735
332883 -123.18171468681842
334483 148.50503173860776
336083 135.76905045948627
337683 158.00274473095251
339283 142.44558458070827
340883 163.39318628915288
342483 155.97965318937344
344083 159.57347380993312
345683 176.90294018298604
347283 161.75341179209073
348883 167.72423529576454
350483 166.98247452373946
350610 -97.6649672130694
350765 -98.38196907834025
352365 169.2537915997737
352410 -108.38782090567736
352458 -112.60305840056172
352543 -106.57330672430992
354143 142.24083838660462
355743 165.03429237226038
357343 155.61017172051078
358943 182.59830955310895
359918 7.761819015625264
361518 166.75833105655576
363118 153.81907143334058
364718 175.9642145684062
366318 171.63829246316473
367918 175.82595685053835
369518 160.7291716807082
371118 155.31928165659738
372718 183.2140775235535
374318 194.48832739681242
374385 -122.2541015619257
374597 -88.79626336852834
376197 193.4120804814447
376260 -121.05364755539037
377860 185.7090377715591
379460 186.86413296408304
381060 178.43340135932576
382660 176.78550985471253
382731 -116.31709981372455
382826 -111.42178797482823
384426 156.87512422595432
385710 32.58900930872673
385775 -115.28864747007813
387375 180.44178509612908
388975 182.76638114381072
390575 185.1960439993493
392175 159.29823075930466
393775 168.01304854362934
393835 -118.22550146981018
393893 -114.66266083008237
393964 -122.96263112451479
394055 -122.86852658261795
395655 188.84043965840453
397255 169.32074789015232
398855 167.84245519687852
398936 -122.7202184174688
400536 171.97188790357748
402136 175.4776048214971
403736 174.37770872803233
405336 158.01115744471127
406936 165.81262325858663
408536 156.860150925571
410136 184.5899713244725
411736 180.5947170341733
413336 161.1262756142881
414936 182.2030623709855
416536 190.79255175927253
418136 184.92595857420986
418191 -109.23739963637665
419791 177.09468500442557
421391 149.34479295713047
422991 182.0645204454355
423043 -111.23326332112899
424643 174.77840904667633
426243 198.3536229000741
427843 191.32760038112275
429443 198.22428414945904
431043 205.27963024824678
432643 147.04451671229256
434243 169.0195029132007
434330 -108.61346354141769
435930 184.60684701061675
437530 212.39710426901368
439130 204.37445670862022
439213 -109.35810845392632
440813 163.44209647963146
442413 202.42974660884724
444013 197.29875443986808
445613 197.02115176138338
447213 202.98972042980458
447269 -109.96609281868022
448869 213.85396638510954
448953 -127.84865010755696
450553 196.11062328873822
450605 -111.14935296873003
450720 -109.90328517098288
450863 -101.21926318830562
452463 187.16183525067757
452641 -110.3849481739377
453699 6.407043291261971
455299 187.41101840015494
456899 200.64439937779488
458499 200.11200277178915
458577 -104.88214997039177
460177 195.48733475185165
461777 186.54269843207982
463377 186.96132992006656
463450 -106.17383292847252
465050 204.49752055573686
465136 -107.1211882975058
466736 190.99200220505992
468336 182.22187545623464
469936 196.2095870996102
470011 -120.63043625055937
471611 195.18147541013917
473211 172.79096476988872
474811 198.06218580534224
476411 199.89156703229963
476491 -123.59128876974185
476570 -105.09942526018992
478170 189.7195147820667
479770 209.47934698931388
481370 209.1013694082338
482970 208.52002382508493
483046 -113.18493733617849
484646 198.9124115382284
486246 207.57735830810847
487846 208.15692351666527
489446 206.88038898979025
491046 214.15710800682447
492646 194.57110364196672
493481 -7.814762232968562
495081 200.48589387583678
495344 -87.47511648943183
496944 201.24820362679915
498544 200.80031493764682
500144 203.46063118382537
500225 -122.55830090157873
500281 -108.66514613860349
501881 179.93140518783753
503481 198.54169405771486
505081 209.02869360584026
506681 193.53896656454305
508281 214.98164755570133
509881 202.90838193837257
511481 214.37364006115968
513081 218.30890401341688
514681 215.67371173883927
516281 193.16128983253145
516455 -99.0919487099306
518055 227.89113266861256
519655 201.9903706106631
519704 -107.70072864245499
521304 202.12422723363136
522904 220.7155698221285
524504 224.84574989224086
526104 232.88801797256562
526195 -111.1916788717738
526370 -100.06051172525187
526410 -108.0135923465863
528010 227.1432299813053
529610 215.62726495384652
531210 219.76656346130184
531284 -117.71057341603438
532884 230.40544741664704
534484 205.75358841356916
534572 -109.6896620745932
534651 -104.66438931663396
536251 246.00787387630422
537851 204.14595331182684
539451 209.00377157677408
541051 220.38135765472282
541268 -96.16334231802635
542868 231.49113628649283
544468 210.67308671519743
546068 209.14486909918512
547668 221.83574823079854
549268 185.45748853724842
549349 -106.75190460573074
550949 217.16324208063284
551089 -102.40429879539957
552689 207.53191628058684
554289 212.44984046255533
555889 205.99062687423705
557489 182.20335763656203
559089 202.5631417505958
560214 -27.828472099490426
560298 -110.52233529259264
561898 188.32032667458913
563498 197.70531068786585
565098 214.51071289365746
566698 218.09208873944706
568298 205.86394595182307
569898 192.94171786265292
570919 24.812165358872534
570998 -126.03660018306428
572598 194.43687522294556
574198 206.0689881240214
575798 215.8115799097228
577398 227.85719797832257
578998 207.008416451949
580598 217.51251547743138
582198 189.03336040556906
583798 219.10640682286407
585398 213.22131292897
586998 223.72624241289245
587630 -21.781251403687506
588760 30.57545076685463
590360 239.34315735986584
591960 221.85325593468292
592114 -104.31998972788143
593714 223.9842684428097
593845 -102.8039493445009
593987 -95.70009532855327
595587 209.46410766074476
597187 221.88442160944058
598787 209.72204007286416
600387 226.28152928966418
601987 225.23875735293197
603587 210.20375068155434
605187 213.63471665871137
606787 199.77731855503603
607382 -37.63833735644071
608982 241.14013627852398
610582 199.74875482708657
612182 208.31337302613514
613782 223.1935361142126
615382 205.18770221321003
616982 236.49875182016692
618582 217.0818377502109
620182 216.072914180983
621782 217.69341729538303
623382 215.71671579538213
624982 221.58119309616066
626582 222.0825039753933
628182 214.70809687236624
629782 218.3839431959357
630166 -53.103100919843016
631453 67.52097441017088
633053 218.16482962376588
634653 188.78884548414933
636253 220.82910680128177
637853 210.3330551278471
639453 206.71374680474577
641053 225.33414631421294
642653 226.81089605907644
644253 212.79632792239155
645853 212.16172236910742
647453 226.639007270432
649053 205.43980658833758
650653 232.7586791265182
652253 211.3530049112746
653853 224.3190046099105
655453 207.08599168617351
657053 211.81323636554762
658653 228.21462655948002
660253 231.94514767711613
661853 240.31029285509362
663453 241.35227589711306
665053 223.0122991383096
666653 234.43761585707966
668253 215.55172356263668
669853 210.246891181971
671453 212.19570092106136
673053 223.52722270549714
674653 235.55451204694162
676253 229.21407023075963
677853 233.94113386136038
679453 232.29237890995583
681053 239.5462756199582
682653 216.00554364809702
683043 -52.50467935767208
684643 242.06878439349327
686243 242.30478130381982
687843 223.7939726212252
689443 229.9233407242837
691043 252.3800500976845
691278 -86.04279089775868
691544 -84.35262642545253
693144 258.55361600700735
694744 242.15763449575098
696344 235.66084077636174
697944 235.20363236736665
699544 221.1271666665988
700697 65.64073681003293
702297 241.42324101623876
703329 58.284685376483964
704891 261.6872261969345
706491 250.21398554028016
708091 238.39636769099903
709691 234.3620583673286
711291 200.04186485011698
712891 226.30619955230432
712968 -113.40856673273134
714568 225.275126898485
716018 98.4327239049149
716685 -7.932078867409331
718285 243.59077237574536
718353 -120.03094570263414
718461 -96.21898780225031
720061 224.32165730099518
721569 111.0607005721451
723169 230.88684857419318
724769 234.96713546998592
726369 233.11468910157382
726749 -61.39900686765897
727918 53.03501503290238
729450 109.32092194408506
731050 254.50251617803463
731273 -87.33620248689937
732873 246.6853720781984
734473 229.53597471777877
735389 21.69419721967479
736989 238.16240194334523
738589 241.05422890628807
740189 217.16164990392102
741789 248.55860500985386
743389 231.05115585627607
744989 222.57763250652576
746589 252.03878299971387
748189 236.4929060033729
749789 225.8602697128069
751389 224.47258155033433
751468 -108.9932666645522
753068 238.31070191157465
754668 244.42549362348367
756268 224.290966304679
757868 228.2698706078697
758545 -18.944638404056462
760145 231.1088723944415
761745 235.15994554636424
762937 49.87738347589402
764537 233.5314347272997
766137 251.52309251207478
767737 232.02990298040808
769337 243.65569868943058
770758 85.0276869744805
772358 232.5647789865097
773958 212.45520103555916
775558 223.9955875856086
777158 243.61058730961665
778758 236.71993699488743
780358 236.428407919296
780434 -118.50208889950851
780507 -125.02179850188023
780759 -107.13470885923194
782359 228.76645055021757
783959 237.00184531687776
784033 -115.83638651486487
784215 -108.02000378208112
785815 224.55729228310435
786118 -76.31724901553864
787718 249.1279102298178
789318 205.4823716048347
790918 248.54832914045008
792518 247.571977165923
794118 228.9389308975003
795718 224.7283377893248
797318 224.90688381883405
798918 197.68775500963275
800518 247.75383429422143
802118 255.2718681456783
803718 253.55761612124022
805318 233.68061675845217
806918 237.91794167303794
808518 240.9541260592826
810118 255.6355588331583
811718 220.28279596593873
813318 247.1339783906217
814918 249.3701787383292
816518 239.9751662156255
818118 255.07575521679723
819718 241.9568226976062
821318 228.54166425857957
822918 247.56921984260924
824518 225.81682205412707
826118 245.4296869620776
826169 -112.2205916703542
827106 17.664484292761628
828706 214.6264738254538
830306 247.80659591450694
831906 241.53216027958587
833506 250.05709741381895
835106 245.93442755727423
836706 256.40292424240346
838013 82.67899188645652
839050 53.440473185119714
840650 234.19922753653893
842250 242.2368423000498
843850 241.9015569592061
845450 243.61590933337976
847050 228.81400141385342
848650 242.2084135397082
850250 238.97580617801583
851462 92.92166441757774
853062 247.6930940861697
854662 249.92430447949266
856262 212.94096548713665
857862 248.7940915763501
859451 264.28729762250293
861051 250.90163629168595
862651 244.3148047107042
864251 234.1373213693797
865851 249.67582925592356
867451 253.5436122778525
869051 265.07190091349
870651 244.23056942457634
872251 261.69210724397766
873851 254.07273795056636
875451 248.2906040244427
875722 -71.54655678562634
875794 -102.24204722964578
877394 238.2669285955918
878985 265.58158381911363
880585 243.12925909021433
882149 266.3791938304603
883749 237.700961412106
885349 256.77260696129525
886454 69.67210523738044
888026 267.3658552150314
889626 258.9605656830658
890808 54.713563579961146
890888 -110.9612752431538
892471 263.3948325290642
894071 240.8316589797321
895671 250.14922212437358
897271 236.6910046782007
898871 247.76548825700922
900426 268.5289973253176
901241 28.21138785161787
902841 256.63659538115553
904441 246.14284610313462
906041 261.4712061133727
907534 118.81510458401729
909134 262.2172720895527
910734 254.1828035175022
912289 267.5547024823907
913889 261.50840746897666
915489 248.24299757210144
917089 258.65348748380137
918689 252.1354734324074
920289 263.5958772592457
920581 -64.94846040465127
922181 263.6603705169018
923749 266.38032289359313
925345 265.2989257300349
925425 -125.29791583880782
927025 264.21266480143294
927141 -108.75659072899197
927190 -105.17029676364425
928707 270.15800459130605
930307 254.96924262104443
931907 258.99568427157067
932381 -43.50821696775717
933981 256.64070542213943
935535 269.4399607032325
937135 264.24210235925347
938735 254.0796426368505
940282 269.2981486659214
941882 234.41089686096538
943482 249.08241799883405
945079 267.11838615494617
946679 257.4576986971622
948180 270.9823737153658
949359 84.894186387909
950959 254.8155530594235
952512 267.35556736232815
954105 267.26914777698806
955669 268.24489480583475
957269 250.14356477593336
958837 269.3662628973805
960420 269.6606529684972
960524 -98.92909673875882
962063 270.11922753374
963644 265.84467267189615
965205 269.21363771142705
965682 -31.272201942319725
967282 250.99817689711134
967902 -14.900963577831106
969463 268.88667626231245
971063 257.3527490543832
972616 268.70855038523206
974205 266.19210823545814
975805 248.27042475587777
977340 268.97438487275696
978898 269.19160559876684
980407 271.088073506978
982007 244.29128498191633
983607 256.54183092832085
985207 257.23812126868717
985566 -97.73556911275598
985698 -107.64466693584248
985773 -113.705251141722
987335 267.82891184129875
987652 -49.83709075390613
989190 268.73691523741877
989534 -57.45935486384294
991103 271.1310434842262
992647 268.77232947029336
994235 266.4547590583408
995748 271.4292838346004
997270 268.8383001709701
998771 272.88377877816123
1000306 270.9603795932499
1001778 273.6565431110226
1003319 268.34318581546785
1004779 275.09338355003814
1006223 275.738140396467
1007793 265.36525272852134
1007911 -94.1816191932615
1009412 271.786120922646
1010887 273.39534587082585
1012180 118.48282112951944
1013082 44.37619929025442
1014531 275.6449505150222
1016059 268.17413951952864
1017559 273.5729300088433
1019017 275.36904647836093
1020529 273.2677790177351
1022042 270.49389467054647
1023492 274.43255224019043
1023746 -82.23423599959227
1023991 -73.05037836810885
1025493 272.25410670245
1027088 266.54397729734427
1028533 276.1272143696558
1030048 270.71779916037076
1031541 273.32933213196435
1033082 267.9362416357171
1034345 118.01605800071675
1035809 275.06236114218746
1037322 269.8465329685223
1038739 161.4705305468105
1040262 268.9660045177432
1041716 274.5445349965107
1043195 272.58549672898226
1044666 273.59686694975255
1046152 271.538015169354
1047696 268.94070943151024
1049204 272.7023007349946
1049275 -111.41297276582631
1049429 -114.81131722433865
1050898 275.2562948027594
1052483 264.9496050156933
1053914 276.2917253452051
1055365 274.29092108182743
1056868 271.17145404464566
1057875 61.235247147673135
1059432 267.2949019709317
1060871 274.66436692779115
1060912 -106.21620550660168
1062417 271.5330574942277
1063930 270.7234491136869
1065384 145.78019371821375
1066823 274.35955804956734
1067624 41.30281742377275
1069081 272.7829583254233
1070547 273.2570781816246
1071378 32.69417191624754
1072947 267.6773770850278
1074503 266.50321455057633
1075952 275.3025419356696
1077448 271.6023104027475
1078989 267.84245689966826
1080501 269.15867547497345
1081975 272.80835740304013
1083534 268.402295052348
1084966 276.5479923844468
1085021 -107.40036568238399
1086479 273.2116262411404
1086553 -103.41371202824885
1088021 274.54814174955317
1088294 -74.58553726931257
1089797 271.5424247473511
1089860 -113.25253294193372
1091354 271.05807573004677
1092885 266.9870361284781
1092940 -106.00195462901704
1094384 274.9653028108034
1095887 271.676922561008
1097334 276.0269456344837
1098850 272.34631661817775
1100254 276.3125224426696
1101792 267.31820027171335
1103294 271.8776537091516
1103785 -32.82799989517406
1105283 273.660372330504
1106707 275.9942524727447
1107441 26.998831400093223
1107785 -51.01806796242418
1109300 270.3059548579354
1110851 267.8458942493205
1112299 274.70933898027727
1113771 274.0671462572029
1113892 -97.40298617422768
1115409 269.7741518765138
1116861 274.4677842598713
1118259 278.2744562287663
1119708 274.3966839316969
1121144 275.0453500081642
1122535 279.49249180727446
1123968 274.4817490130226
1125408 275.217593835974
1126937 271.3629083756548
1127007 -112.66032686691887
1128462 273.82112792063054
1129968 268.3966441893554
1131514 267.5734042727938
1133020 270.14394105541976
1134028 61.61331610731
1134511 -54.00346324681425
1136053 268.45787950636253
1137480 275.32417637016545
1138419 63.99766384169712
1139887 274.64255959831996
1141293 276.51346124786824
1142747 273.33734688464057
1144207 273.76496439503626
1145597 278.274471860446
1146093 -32.69952360821762
1147527 275.33078037579384
1148917 277.96924713760137
1150375 272.02354901092417
1151800 274.9400639526129
1153239 275.51794017103117
1154752 268.77976629076005
1156191 272.0979656655914
1157738 268.094976453766
1159272 269.08019128914356
1160770 271.5093237732612
1161892 98.0022961687047
1163234 281.22255621677493
1164703 274.1108101931732
1166096 278.22541011889723
1167512 275.58466678984934
1168969 273.08683071578594
1170337 277.5155309598592
1171755 273.58348485563107
1173127 277.40834151258554
1174556 275.3769129454056
1175938 279.29288506492725
1177439 271.81174249885703
1178814 279.00467775280134
1180305 271.6056938453532
1181701 278.0262153593178
1183140 275.1999185613239
1184476 279.92170995750354
1185306 45.445364305464665
1186658 279.5513135488168
1188036 277.08354053322216
1189487 272.910799755471
1190906 274.1132155542698
1192311 277.44040243868807
1193675 278.30523355634125
1195086 273.65401221042816
1196475 277.2964312093748
1197894 275.44529729465046
1199284 275.189912632945
1200694 274.88814229573507
1202197 271.56816410762605
1203707 266.803604180947
1205155 268.4360056181761
1206561 276.30915597706024
1207980 276.0082730524362
1209298 282.1645440991704
1210086 29.7577209355118
1211491 275.4138312327335
1212834 279.8162911513084
1214203 278.0202071044044
1215575 280.3318797566433
1216921 277.18441499193773
1218248 280.8769507603674
1219676 274.53971140831413
1221047 277.6230703935313
1222396 280.86727900682445
1223773 277.800959550239
1225152 277.77330462557296
1226481 280.66315304929674
1227888 275.5200936336001
1229304 274.8021068080972
1229770 -26.63863741508439
1231082 284.29308668547503
1232565 273.1109923342557
1233875 282.92971075910924
1235274 277.26219459707477
1236580 283.59744592354576
1238001 275.3801851623569
1239385 278.20129746836403
1240427 99.15106751387498
1241520 90.60790634308387
1242935 278.2130128172277
1244372 275.10890655099104
1245705 282.64355496084585
1247075 280.40680548132485
1248467 276.8975504271922
1249912 273.9629276266866
1250880 75.15872678199736
1252233 277.64637970146276
1253546 283.40424071165285
1254718 101.31124759308861
1256123 276.2344892613106
1257419 282.75487541698124
1258803 278.0582252464762
1260121 281.9805845062663
1261456 282.48814500843713
1262806 280.27546850709604
1264214 276.5449721155329
1265546 281.39703294314137
1266908 278.5091122443188
1268203 283.73273972359635
1269556 279.1332436941349
1270884 280.394395365931
1272235 280.23820368390983
1273800 268.16679615541346
1275174 276.9282069384386
1275387 -90.93112924475503
1276756 277.7320744809251
1277374 16.605522614074246
1278714 279.6447147648552
1279298 -19.956402292774385
1280606 281.61669421942196
1280665 -103.3450197166397
1282031 277.5320687015641
1283487 272.5610930857178
1284859 277.5203312512915
1286204 278.8607114104543
1287511 283.39025511595986
1288842 281.0776027050926
1290178 278.3614692352959
1291510 281.1777891010258
1292780 284.3269961295638
1294146 279.02485636294864
1295512 276.79199657488533
1296788 285.70125946765745
1298084 284.2876559671525
1299423 279.6225896536599
1300715 283.80547430884906
1302061 280.18477821796614
1303330 285.44813980551726
1303439 -102.56641896982988
1304720 283.7854502920897
1306049 281.4717722823028
1307397 279.35586734336266
1308744 278.85308526390065
1310059 281.27247510048113
1311336 285.20682871719174
1312670 279.5666042253626
1314035 279.60523889324367
1314974 76.50732198156607
1316291 282.58537576400255
1317638 280.76445004952757
1317770 -103.12280436961167
1319044 283.57518301016023
1320394 278.69459684803707
1321731 279.5533836499816
1323074 280.97599444790677
1324363 284.3599817710937
1325649 285.5808632553351
1326977 281.9252839097598
1328294 281.143472004337
1329628 280.2407660310831
1330906 284.8501687352428
1332363 274.35493433974875
1333692 280.8514111041
1335029 282.7227585797239
1335210 -80.51321503263898
1336567 280.2786837130492
1337567 67.25803380475344
1338844 133.488739807185
1340158 283.9098612773195
1341538 279.4611711050324
1342894 280.2254435875197
1344238 281.7044140060375
1345564 279.7653227223115
1346910 281.92375682235405
1348269 280.1699554743026
1349621 279.64366232532376
1350959 282.6249139295656
1352343 279.03287781127443
1353672 282.18609339375905
1355081 278.64242297807965
1356432 282.26367800016
1357759 282.43847743937084
1357855 -100.96680986167304
1359209 281.9318581699982
1360592 278.6747126385785
1361921 282.8413619434608
1363251 282.28344360692194
1364619 279.24154103686925
1365969 281.2118451939627
1366118 -114.65983095869578
1367423 285.0436293658758
1367737 -50.43818891199302
1369040 285.27570810126
1370352 285.08773175536675
1370426 -108.9333091707509
1371782 281.67833166156845
1371977 -81.03826299226968
1373345 281.44506462262524
1374683 283.5126169160734
1375695 97.58951363800105
1376971 288.00921035144285
1378288 282.9731928351405
1379659 279.45497356103243
1381008 281.6380272214266
1382317 285.7298819436441
1383597 287.20225770246236
1384877 285.21308438743733
1386219 284.00637415542593
1387572 282.6686915076382
1388901 284.9474317399215
1388959 -105.01741426417045
1389368 -40.35629862710959
1390759 280.4420932878338
1392075 285.6048678828958
1393425 282.88132034588835
1394795 280.25449813448967
1396144 282.085541025261
1396208 -107.86592698090648
1397568 281.71144475480503
1398934 281.07093097081804
1400269 284.0399015050487
1401624 281.96743882791014
1402976 282.8918289270106
1404267 287.3453883095759
1405600 284.4397169536816
1406910 286.13559735313623
1408270 281.75987461526165
1409646 279.29014309709476
1409923 -66.94764932985292
1411203 286.8136617666538
1412518 284.4259462899536
1413890 278.9189391287446
1415193 285.0588480067804
1415254 -107.52312987910086
1415346 -106.97652639050409
1416669 282.83285294603365
1418032 282.56618583372625
1419373 282.3991837992472
1420694 282.58828407280146
1422037 282.9081243692774
1423361 285.21251522514837
1424747 279.9272460177002
1426129 280.119429681331
1427421 284.50805231770175
1428763 282.6364658569919
1430107 282.82091283800634
1431403 285.4793985951469
1432753 281.8113590433634
1434077 282.41353393703673
1435462 279.60855201207596
1436795 281.7096858057199
1438126 281.9150208366046
1439471 281.53356998352785
1440820 281.1924139922517
1442155 283.3722529638803
1443433 285.3918869093772
1444754 283.33990993529244
1446110 281.170912568243
1447394 283.80581043478713
1448664 284.70820040949604
1450003 282.780492624982
1451295 285.95847362193865
1452581 286.33466617129585
1453870 284.9280073522779
1455209 282.72398913317744
1456527 284.02881594697277
1457809 285.7380030242599
1459123 284.076596998581
1460434 282.0081152187956
1460663 -66.61338816537338
1460837 -112.11424050756172
1462114 285.424218841284
1463420 285.42059711614723
1463751 -52.96246029333956
1465071 284.91758747613824
1466381 284.2876127276481
1466742 -35.31331908693414
1467984 289.36469584287556
1469278 286.3204059105952
1470661 280.0790643658079
1471965 283.1390260807672
1473256 286.53823464323193
1474554 284.80452031544525
1475846 284.633298446685
1477237 279.39901120065804
1477920 21.76056719074333
1479205 285.9984331968439
1479287 -101.53921838822836
1480598 284.0202134162092
1481915 282.9945897247808
1481994 -110.46850596255747
1483256 286.0424391313485
1484596 282.13893666363737
1485906 283.99018884676275
1487222 283.57568543145715
1487818 8.470208580375342
1487977 -98.59149765165586
1489236 286.3674113491097
1490540 284.64521645362737
1491798 286.36919601817596
1491923 -115.65525553609679
1493253 282.73755471258505
1494550 284.5267457511013
1495808 287.01359875152986
1497125 283.2920092101663
1498426 285.4464176230582
1498954 -7.760994405476325
1500230 286.58292313059576
1501576 284.0984240083092
1501843 -60.44202291034101
1503165 282.79527158867614
1504464 284.71912408491664
1505794 283.03461301793044
1507070 284.8292565490712
1508383 284.22092679374595
1509647 285.65542444289474
1510932 284.978833704437
1511020 -108.18106673744506
1512276 287.8567049368821
1513560 285.6095306674593
1514830 286.04268445757236
1516136 285.33818376274496
1516761 24.426910885972262
1518107 282.7606142093184
1519472 281.4933744807142
1520730 288.4652598739536
1522046 285.0160568501164
1523328 286.3416889314546
1524622 285.3780510893039
1525966 283.83105648785704
1527258 287.4190201497267
1527346 -104.93811598330798
1528604 289.4461368235878
1529669 122.31783502820133
1530648 101.05281614898192
1531975 284.3205008768314
1533298 285.2591228148213
1534637 283.4382134174331
1536065 279.6812740692364
1537310 289.2224538903181
1537375 -106.83318400457316
1537436 -102.71626635531274
1538710 286.8453514648378
1538820 -117.54905208827493
1540138 286.13049948544864
1541387 168.25963105963206
1542663 287.2327507619009
1543976 285.02621348108875
1545229 288.6225488992769
1546531 285.7774086066046
1547880 283.0137908932655
1549193 284.991677085423
1550132 69.17731807744738
1550196 -108.94583606752319
1551509 286.0194654318769
1551796 -48.8033802437944
1553079 285.52525720376804
1554403 283.01954060594124
1555755 283.5484370529945
1557090 284.0582230116743
1558399 286.34191212943364
1559410 97.72390524175168
1560688 286.68424030663215
1562012 283.56739940542735
1563336 284.7700394728089
1564625 284.32976905835477
1565932 284.4520898157099
1567204 286.6317944426947
1568490 287.18082261554133
1568581 -105.11049888548877
1569925 283.3730387991374
1570022 -111.6279271597856
1571339 285.68783205225793
1572615 286.5830282505987
1573914 286.02539249167523
1575240 283.53908910425304
1576518 287.15235793401166
1577789 288.28847207513155
1579075 286.24837817424975
1580355 286.3734969814665
1581634 287.6390585440157
1582962 282.9897573560672
1584176 290.07370863618127
1585442 288.54658135243335
1586696 289.70804783579825
1588055 283.29772590984163
1589349 285.5996695314003
1590604 288.2946619244896
1591907 286.00353276007365
1593224 284.73349705154385
1593310 -109.31265802486242
1594533 290.68928469181134
1595845 283.42442626615593
1597113 287.3093448170153
1598399 286.9895982320082
1599690 285.3578630122704
1600925 287.84887415137075
1602179 288.53348908642704
1603470 284.67481120773573
1604733 283.7682985072253
1606049 283.7703570912328
1607264 289.0227373154565
1608560 284.62667264543
1608762 -81.05371923876058
1609193 -24.52051551695604
1610422 289.2466217681661
1610997 13.320075728208423
1612265 285.4219842168949
1613483 290.51351614912977
1614724 288.06384682892417
1615980 287.50828464244347
1617204 288.9921606485445
1617253 -105.3909248315245
1617988 34.7136365999082
1619226 288.3690778552
1620494 287.42431183493755
1620582 -108.47299434133991
1621686 114.81114389119475
1622996 282.29080578412635
1623510 -0.8173543985828076
1623569 -104.32854276364607
1624847 288.65332403499013
1626137 286.57981401037665
1627417 286.0318737174685
1627631 -100.35703116786543
1627755 -114.68402460610618
1629008 289.0545623710551
1630279 287.3256522637778
1630938 42.71067733167925
1632236 286.2515561603568
1632967 47.3415257940278
1634235 287.7725453184061
1635524 286.60408250788953
1636834 283.6967825533441
1636936 -104.0847807141679
1638162 289.84204890915663
1639492 159.34063160638112
1640771 287.9389737622562
1642065 286.1437869911087
1642145 -118.18585295646886
1643417 287.925597352622
1644692 285.7550995105984
1646013 282.5699892790685
1647302 286.4865942415665
1648586 287.4096949656039
1649808 291.0534905850499
1651078 287.1009548028144
1652331 288.39264868467563
1653602 289.09746291160184
1654171 -0.8991470916991489
1655478 285.6647110956071
1656774 286.25158562064524
1658061 286.08250888471275
1659365 285.0823090570793
1660637 286.7081825405823
1661902 287.1210315743383
1663216 283.4772921305064
1664538 284.07266694805435
1665831 284.68318549038577
1667095 286.9487128112152
1668375 285.45480995563526
1669082 35.23545879084804
1670289 289.73253552266783
1671596 284.60168750814057
1672946 280.37050317515445
1674188 287.7400528808823
1675504 282.4461961511785
1676801 284.20165395222773
1677926 149.12946823573407
1679199 285.9997630958354
1680513 283.8933573424348
1681845 284.044778896233
1683106 285.57442515490834
1684385 286.13739426607725
1685687 284.7040299251724
1686996 284.41315393945456
1688311 282.95394917572315
1689534 289.98609492139406
1690776 288.31307185294105
1692031 285.6614326467373
1693302 286.0419519951688
1694601 285.66104707168535
1695911 286.51311417607803
1697210 285.8573799262598
1698490 287.01769888713557
1699766 287.66258069550486
1700995 287.8267119926711
1702306 284.56411013033403
1703567 287.8962260315942
1704784 290.3443570413236
1706003 289.8915467574791
1707268 286.37515006803727
1708513 289.03991043709595
1709763 286.18335133502615
1711038 285.71683711526856
1712252 288.3957805115838
1713509 287.8848682631054
1713650 -108.51372198053511
1715016 281.58516728432016
1716283 286.97906424061637
1717548 286.8123599430491
1718830 285.8703947570385
1720161 283.23224452221956
1721419 287.0317114552897
1722685 287.49663071926994
1723858 292.0844613287295
1725172 284.3093173014984
1726365 289.36784238856063
1727637 286.02512126461255
1728889 288.07388620729296
1730113 288.6180104297438
1730633 -10.929226204588971
1731877 289.0976519298525
1733130 285.54034068926217
1734366 288.4154752676625
1734927 8.879667108040934
1736156 288.24472975457405
1737390 286.02814719136825
1738632 287.62841325622566
1739872 287.2569320006625
1741144 286.04570193977867
1742393 287.2758624176562
1743648 286.70155152390237
1744895 286.59242563061815
1746120 288.9693516275088
1747350 287.822405456603
1748598 287.1803853401524
1749740 155.39215808321617
1750981 288.7030769864178
1752204 288.7733374962292
1753497 285.80488292823304
1754738 288.8036917801215
1755941 289.2983393790748
1756030 -108.29303219367812
1757285 287.6777191814329
1757371 -109.4707361567629
1758621 287.3412695090156
1759840 289.66785353831926
1761075 289.4659174649357
1762302 290.85654787162554
1763537 287.25969865542373
1764747 289.27851890176424
1765951 289.2076661866325
1766186 -65.68737451866457
1767464 286.0774240862167
1768680 288.0360132235155
1769878 290.35235461671334
1769962 -106.38658925880678
1771199 288.5649247313737
1772431 289.2151547791887
1773653 289.0355330483696
1774532 91.20688182492682
1775756 288.7515744827864
1777100 281.62600604011493
1778348 288.9388366958315
1779576 288.81836020961964
1780526 111.07133793951996
1781399 90.99793317637548
1782036 19.557469698487367
1782629 13.971065472157662
1783845 288.98277111965024
1785133 285.1847653282993
1786299 291.98619306171
1787541 287.7209572948711
1788798 287.1703862329568
1790014 289.4532967318018
1791275 284.7652378937473
1792467 174.08873219476692
1793693 283.98644422214915
1794920 288.8530414909128
1796161 285.42069908928784
1797364 289.918773869423
1798453 134.1544068310517
1799729 286.3256019127169
1800956 286.17218270967624
1802194 175.82451940808716
1803397 290.59386432757486
1804670 285.9213981645066
1805929 289.3944172919572
1807149 289.09628367554086
1808422 286.30335766988804
1809663 288.09788546552585
1810893 287.4079160231129
1812112 289.0097494129765
1813365 286.98755949636484
1814561 290.8120381511324
1815806 286.018204689964
1817064 285.7160114163668
1818281 289.4030630727361
1819464 289.00100859557006
1820280 73.47357192910721
1821520 286.6112280940226
1822756 287.63520233095977
1823811 108.10695399457526
1824956 293.56027561289477
1826132 292.9498980901378
1827353 288.28362473426427
1828588 286.76996964958767
1829831 285.2380491382743
1831067 289.2317613526935
1832345 282.11694521535554
1833528 290.60016853372576
1833799 -59.56883348326697
1834632 69.67491371617439
1835833 291.2541160254556
1837021 290.99350098414385
1837231 -70.96709880286394
1837342 -96.44490952953014
1838592 286.5372461482469
1838972 -35.61259919009916
1839270 -61.645621609005445
1839853 22.127323191190584
1840431 9.640331291686365
1841488 107.26980172166756
1842696 287.44064922846684
1843902 287.32218468571796
1845117 288.95598575374663
1846385 285.7835936606704
1847624 288.2677229602964
1848236 23.009982314181798
1849525 285.8719675700826
1850679 168.42382129289228
1851858 292.5485627908212
1852774 92.72884542699273
1854072 284.21457648856017
1855243 292.18381591512724
1856452 289.92930425988106
1857713 287.6127908431349
1858920 291.9265624166666
1860168 287.0755002839492
1861342 292.35943407400407
1862602 285.13583322015836
1863854 287.2747261654171
1865107 286.7828098206979
1866358 288.08657763361936
1867562 290.8331547291392
1868432 85.47390727351046
1869647 289.1508259087555
1870363 48.88239985965555
1870491 -113.70030177816997
1871678 287.6221337665365
1872972 281.6659554927165
1874245 285.1638974290547
1875448 290.262640451097
1876656 289.8772837001449
1877830 294.31286870977885
1878538 54.303150675146384
1879759 288.35686041744395
1880958 291.99724200134847
1882135 293.34384715838604
1883367 289.7359495816485
1884580 288.5304017897867
1885809 289.6511960865867
1887004 291.06897443175075
1888235 288.98640641053015
1889539 284.64414981127544
1890788 286.70275794426
1892016 291.377888085008
1893247 289.11759190882736
1894474 290.327632464527
1895677 289.739350892726
1896889 291.0823939026239
1898152 286.902386017882
1898716 5.68457820115114
1899757 126.31520646387511
1900999 289.8342889170951
1902209 289.3258328762639
1903415 291.5679268418371
1904136 25.22974369416076
1905378 288.3841465855084
1905444 -103.37059994000818
1906654 291.1812148365498
1907832 293.1324838053995
1909082 288.2948829560852
1910301 292.9270379478616
1911520 291.7228447730437
1912768 289.87875955299575
1914005 290.76803288751546
1915204 292.9829466661361
1916444 289.28924262505905
1917662 291.94703577393943
1918874 291.6431188084029
1920092 292.865326385617
1921351 286.9178728108238
1921576 -73.30090110107821
1922771 292.66084301151756
1924067 285.881971691074
1925259 293.2704882101408
1926538 286.70314414168405
1927699 293.85138529076806
1928921 289.76801865895317
1930132 292.3961211662238
1931346 290.7614844153266
1932532 290.3853546389794
1933767 290.1711142809722
1934994 290.7108575739459
1936199 289.81328219879487
1937405 291.54020560523475
1938630 286.54792112718803
1939824 291.0466522330015
1941000 292.44714165489967
1942190 289.9016622935387
1943439 287.2856274901125
1944637 291.97564010596886
1945864 289.8871315347771
1947082 290.28197350964865
1948337 287.5617755942531
1949538 290.4782959657594
1950746 291.5244637857743
1951962 291.57667940295374
1953102 168.65707405596385
1954278 292.1360127289387
1955469 289.5656668278475
1956295 79.44805973560679
1957496 291.5396841220409
1958688 290.2477795330222
1959852 291.0744257586174
1961062 290.6317535845622
1961561 4.295396374172327
1961811 -60.558615451307325
1962087 -56.401986936391594
1963258 293.16997612162254
1963924 34.783095214116656
1964813 87.16247198389607
1966067 287.20935480550486
1967012 87.3112979046513
1968398 279.41692488664063
1969597 288.9595426873084
1970852 287.3760066695103
1972088 286.8048409148653
1973353 288.50315122021954
1974523 293.63336816256714
1975686 293.08110334602577
1976890 289.6289574458004
1976932 -106.3796885491113
1978120 292.82660458617704
1979323 292.19364698998464
1980478 292.25772283860783
1981694 288.6664085840627
1982917 288.0286246177189
1984227 284.43146201359184
1985504 284.3799596713875
1986714 291.6196646817774
1987922 289.75930174352396
1989115 292.88085064506225
1990311 293.165514342982
1991535 289.1682112766943
1992708 295.25309460743574
1993955 287.474341682269
1994547 5.560537890835917
1995739 293.1625318175521
1996961 290.495141134542
1998227 285.8696582567766
1998663 -15.191973644833325
1999903 288.8287500004309
2001136 289.3265519685077
2002347 293.5399320586386
2003573 290.67403093221145
2004721 295.4233190902527
2005953 292.01400875446234
2007213 290.58890573001224
2007411 -91.34675481578336
2008618 290.73884199555516
2009865 290.55041519362084
2011090 291.14637217355045
2012245 294.05007841499133
2013454 291.9947584615378
2014670 293.43198834087895
2015891 291.7088945340771
2017115 291.35426539742997
2018361 289.21420234253304
2019625 289.81341951102615
2020838 292.4081978462211
2022089 290.73689959632384
2022688 22.6963201489624
2023916 291.56518551981964
2025163 289.55414616607635
2026424 288.9110084841776
2027633 291.92282979519035
2028827 290.70936662795367
2030075 289.6118667141819
2031316 290.07841028724863
2032560 290.97942911656213
2033805 290.2194849967498
2035035 291.7619142519855
2036238 293.20948656242814
2037436 293.9137392782465
2038656 181.2330725905781
2039856 294.5513851377973
2041101 287.9547588208689
2042343 290.64604494462895
2042576 -72.56416076310413
2043865 288.51811300531267
2044539 24.896139305779613
2045008 1.0196252963462342
2046225 291.49007643636384
2047436 292.76232363791223
2048659 292.14239923190394
2049918 288.2148612594802
2051196 288.10655037348573
2052477 288.99327034727463
2053719 290.6131339212404
2054922 292.92585271831655
2056100 294.2062340525138
2057152 119.65751271003856
2058382 290.89934623108593
2059590 291.0184718851379
2060839 290.53964256465014
2062180 176.72022731968673
2063422 289.9191068736755
2064632 291.43054240937806
2065480 60.92425647616099
2066760 290.00388545567534
2067934 295.54437375091106
2069128 293.93415013126713
2070367 288.3087209230833
2071557 177.28110071440477
2072755 293.4956713334326
2073902 296.6139873355107
2075049 165.2682140122514
2076266 292.4651177803347
2077468 293.2637849024449
2078664 294.88871883596147
2078859 -78.6376510757897
2080214 283.72937130690946
2080356 -94.01451082697014
2081531 293.77943961007696
2082773 291.53440279177687
2084012 291.96447908463483
2085215 292.3960933517981
2086440 291.7458715727955
2087638 292.800974476939
2088847 293.8930598842089
2090087 291.5845477759614
2091303 293.2992800367321
2091371 -103.98998591628919
2092548 295.5365092453241
2093169 31.52788992754094
2094407 289.9730395062955
2095619 292.0343807773705
2096796 294.8074152144951
2097725 92.72638396090832
2098954 290.3473226709595
2100184 290.14308427526674
2101397 292.05925255830743
2102128 58.758629289309965
2103387 289.2689975540544
2104617 291.1277966333296
2105830 293.1598044428075
2107035 292.9344733281433
2108235 292.88434328391475
2108517 -69.97746229680938
2109725 293.42728153618094
2110932 292.2540838517829
2112179 290.13239698488275
2113415 289.66820153559905
2114640 292.8517520306163
2115052 -23.44297076992683
2116281 291.3221099546904
2117526 291.2610903241132
2118773 291.75871571799627
2119983 293.84320555518724
2121192 293.00156927433295
2122384 293.64831515078856
2123615 291.8384486196205
2124825 293.9328853316875
2126075 289.0273556549181
2127328 290.8842690051455
2128613 287.38376219296913
2128941 -40.2158318640149
2130136 294.40991533874586
2131345 293.6205047093553
2131421 -103.8210774707639
2132626 292.0791757402108
2133908 289.36028301797813
2135149 291.45258809666205
2135270 -98.28451667465704
2136429 296.05719075339067
2137666 292.7124841647798
2138866 294.14200472604153
2140095 291.03310319875817
2141316 293.2867549582136
2142541 293.4011340680725
2143814 288.9667224620771
2144980 295.85025885541376
2146176 295.1271119263508
2147388 295.0223397933602
2148575 295.1024989300229
2149771 294.4250571112396
2150151 -35.94026499752265
2151338 295.428144958913
2152564 293.4433583046232
2152752 -99.92795650885752
2153991 292.64977055921156
2155271 290.03532297127765
2156507 292.0134275133705
2157502 120.57513661198186
2158762 291.95612007309643
2159931 297.64401105107663
2160980 125.72595534717024
2162220 292.4169779937512
2163461 293.42342844629513
2164693 292.11770297116715
2165368 49.105947416020484
2166644 290.2936047774168
2167382 49.55747332464338
2168622 292.104247761956
2169848 292.78533132048807
2171050 172.08884541133068
2172279 294.7334917141502
2173503 292.4363610019102
2174237 61.8081117731997
2175435 295.081276611563
2176639 295.10686508294555
2177836 292.9170393491329
2179052 293.77656086755854
2180225 295.31810694772076
2181005 53.06373139768144
2182233 293.291761548483
2183500 290.63747670115964
2184732 293.1350125303416
2186004 291.36938742633595
2187180 295.5244479523054
2188393 292.76272177035804
2189583 295.76886775806054
2190814 292.45062053888535
2192109 288.3579454748777
2193315 294.8195360502752
2194553 293.17578891588516
2195885 286.8716870872799
2197124 294.1678323700161
2198363 293.4868085478712
2199602 291.95986962845916
2199968 -30.68307768712438
2201238 292.01933924867654
2202443 295.4650696064122
2203719 290.8553408312627
2204917 294.6755328373969
2206156 293.94833925414923
2207323 298.0962705581808
2208242 75.46724000825716
2209477 291.1487775138228
2210751 291.560604858768
2212029 291.84079917349044
2212824 64.15420682577391
2212905 -110.29084541255484
2214107 297.01702526064815
2215303 295.7836823816099
2215935 17.22338503848883
2217135 297.2923841833978
2218393 293.00850130118386
2219601 295.9660419415708
2220815 295.4798720468094
2222002 297.67912423890806
2223270 292.0777959987012
2224504 294.17890627522286
2224769 -58.1231497924371
2225569 40.026314756441764
2226845 291.8423589900906
2228039 297.6706683873817
2229368 290.26400623307075
2230621 292.6956888946641
2231848 294.84240201869324
2233126 291.4762111590775
2234361 294.53033228197137
2235593 294.8769863911895
2236816 296.9761040530549
2238069 294.01538649988703
2239293 295.0040991008784
2239374 -103.29651819755385
2240618 294.406170348524
2241000 -50.56867566840667
2241092 -99.29406116912514
2242370 291.73342347797427
2243659 291.3686732730335
2244920 294.23233607615384
2246174 293.8090749182167
2247432 292.8554800850268
2248198 57.18354302309933
2249462 292.2924660734686
2250716 293.706717050058
2251948 295.75149214625134
2253241 290.6597396183542
2254514 293.35044714622245
2254603 -108.22053961727954
2255879 293.0683719769599
2257136 295.0827006026657
2258392 293.4213027338725
2259679 292.82441255528994
2260977 292.5333706031639
2261256 -63.816267046178396
2262495 295.33011987615305
2263769 293.5125318568742
2265025 294.27593656770716
2265125 -117.56733057578776
2266299 298.54494726155633
2267527 295.8692891548509
2268904 285.030579230688
2270133 295.5079663819888
2271490 287.6503139385298
2272718 295.824924466522
2274039 290.67070491232914
2275305 292.58240099023845
2276518 297.8485780554151
2277773 294.58396701907685
2279007 294.5739491542071
2280226 296.94024405220335
2281520 290.88454827129783
2282736 296.4028161789975
2283979 293.3663714067733
2284069 -97.88664719563226
2285299 295.6837970332004
2286485 296.2026234057564
2287761 292.3135743301597
2289002 294.80038130132584
2289154 -95.35776322211574
2290447 291.40008020881095
2291688 294.2041287488752
2292968 291.95157734945815
2294271 292.3683745920161
2295491 296.3723741233666
2296710 297.0980201587902
2297901 297.77327592608873
2299121 296.2177753356829
2300363 293.9918671340571
2301536 299.00404002519196
2302845 290.6735137148263
2304103 293.57159154353343
2305299 298.5542704153968
2305424 -112.88245371701196
2306607 298.6746899634984
2307871 293.377802307876
2308045 -104.28818033068318
2308357 -45.29782460254434
2309638 292.74709772289714
2309706 -103.52023446729469
2310911 296.91255904524945
2312175 295.1462447622786
2313434 294.57814582952574
2314706 293.6900498761459
2314856 -93.10923458039636
2316068 297.3546285090918
2316134 -104.31356303695404
2317340 298.8324075100283
2318517 298.2230389962239
2319750 296.997110908281
2320953 298.4094027475821
2321031 -107.4209385652213
2321615 21.508903093061022
2322885 172.2022525935339
2324153 294.0604655747946
2325406 294.15024005876984
2326181 40.628422969686824
2326330 -99.59345139171059
2327571 295.9668189599158
2328811 296.8185896167147
2330067 294.489151983654
2331322 294.1826075280763
2332603 293.61467061671857
2333852 295.94576540508876
2335174 292.09603831267293
2335258 -101.67533420873681
2336466 298.51517726171556
2337683 297.6291643849212
2338887 299.2023654330719
2340150 293.5294174668849
2341405 294.7389944540273
2341689 -55.807932121522114
2342935 295.37453393859425
2344155 295.1376883954888
2345425 293.806388115702
2346676 295.08368131317445
2347882 298.5734233206813
2349087 296.255918091627
2350359 294.52582593280874
2351553 297.87692403336297
2352657 156.54767288817436
2353937 293.9125034981576
2355212 293.68344048666677
2356436 296.02537235729557
2357684 292.82912751359
2359000 292.4721579517335
2360260 293.6290731067964
2361525 293.3811142743963
2362799 160.1504270794852
2364091 289.7301986618456
2365432 287.9043608973846
2366738 289.9066410540311
2368007 291.6615991521837
2369093 126.1302096735358
2370283 296.7901909520186
2371545 292.30619244764557
2372083 14.912805262568114
2373340 292.68597454969864
2374615 292.13333199648866
2375827 295.46090811570707
2377057 294.8297247706414
2377135 -103.91609649909101
2378396 292.6091564393422
2379145 50.400420983880366
2380362 295.63003472064696
2381564 295.1459620521568
2382838 291.43906309891713
2384077 293.8314984724999
2384612 2.058966115274785
2385878 292.44317091956793
2387148 292.27294643612794
2388438 291.60596318642376
2389691 295.23959808434114
2390746 114.48482683808362
2392003 293.8005256150796
2393177 297.75854043758136
2394402 296.5107221861066
2395723 286.5249679685997
2396956 295.4989674411213
2397023 -106.04605968699076
2398295 291.78666593972383
2399608 289.13980981129606
2400924 288.1925842935212
2402144 295.7105345064984
2403379 294.8017923927599
2404661 292.61626294900856
2405898 295.2964854242901
2407182 292.73646181528164
2408401 296.3993093434133
2408602 -103.12174271974277
2409923 291.38714600510065
2411155 293.8227172648262
2412141 104.21077729771989
2413382 293.6793235365221
2414685 287.9532934006888
2415975 290.2608767065519
2417192 296.75151478882907
2418408 296.76894808534524
2419661 294.3343677746823
2420937 292.291337039296
2422194 291.88631907333314
2423420 296.2201528755347
2423530 -120.03171574992686
2424777 294.3493517460611
2426020 293.0565427972003
2427302 292.3804747115218
2428555 293.4744316054598
2429727 299.9224499837631
2430988 291.89089512245795
2432241 294.185861112558
2433455 295.98076076090496
2434357 99.29308453779055
2435598 293.32606986104736
2436848 296.2404020926653
2438104 293.47153304383596
2439408 291.5478976751963
2440590 298.2365034494724
2441778 178.7119609342139
2443077 292.5952388451819
2444275 297.87031971361586
2445497 296.3263569689702
2446696 298.62038460367285
2447474 61.523295599788895
2448812 289.6016411951575
2450144 289.0938706005933
2451373 296.19323613773656
2452559 298.9701696980967
2453828 294.6580761538607
2453904 -103.96372471857754
2455141 295.7904608521318
2456407 293.4946754510604
2457649 294.72923517512356
2457728 -106.25496437273175
2458967 295.4030345742441
2460198 295.29278469796856
2461389 297.27940988603626
2462615 296.0436775533009
2463900 292.31660102074966
2465195 292.6515039125363
2466446 171.28367770647543
2466610 -106.65542369552081
2467867 294.87316605618196
2469135 293.4853608868693
2470390 293.86971329989433
2470507 -105.52497883492025
2471700 296.5839456182248
2472993 287.9594588361028
2474228 294.91300960257536
2475497 295.5582043633653
2476764 292.8866465808521
2477989 296.25018104778263
2478969 118.8997086573223
2480230 292.9701793617914
2481461 295.3705188482406
2482666 296.8977580339807
2483964 292.18198808949
2485208 294.6622665992937
2486410 296.2404661733285
2487638 296.5791478635863
2488875 295.8346571427537
2490055 298.1028468717285
2491276 295.27491951566503
2492560 291.5405818640163
2493736 299.642001285744
2494602 90.99176895016168
2495804 295.9044632861966
2497012 297.1734094029265
2498298 293.14608198829404
2499558 293.92094205332336
2500761 296.37696470627907
2501963 297.3869377415755
2503186 296.17754300038456
2504448 292.0877485066756
2505648 296.4199416001266
2506916 293.27244462400563
2508144 294.56385417781536
2509328 296.9896524443194
2510647 289.21362749056954
2511858 295.13805165712824
2513056 296.45125153912585
2514258 296.7325578504865
2515475 295.53200643362254
2516731 293.2889880372561
2517988 295.15845423554373
2519216 295.3911445376066
2520475 291.237816629899
2521665 298.0722617011752
2522892 295.60035170018574
2524092 297.4430138752347
2525296 296.0219528260239
2526478 297.06331473909125
2527684 296.4754188610783
2528885 297.0809970217757
2529422 18.07435333788935
2530657 293.790089281131
2530991 -48.32443605184804
2532234 294.7382739838776
2533445 295.72987048862257
2534757 290.50454690687997
2536063 288.82168777554506
2537342 292.0696433162451
2538591 292.9828127797388
2539896 289.7611440447606
2541117 294.190234336394
2542410 290.7032578372081
2543644 294.0233347126578
2544889 293.3777549322982
2546125 294.5825200548399
2547339 295.7715193005593
2548552 294.97583774921014
2549804 292.0756097310465
2551011 295.0257417520941
2552283 289.6665578571023
2553482 294.8585551187519
2554714 293.79695261711953
2554901 -91.32187107241029
2556118 295.64456877719806
2557335 295.31046292126194
2558548 294.0379501735367
2559799 292.9893039617772
2561027 293.13258918009905
2562263 293.0884548319441
2563453 296.89332026403673
2564804 286.45678147771235
2566023 294.92938681891417
2566158 -106.9274639176565
2567319 297.9553630738467
2568503 295.071841652222
2569648 299.5827505266978
2570850 296.6673742208506
2572082 295.5085258973644
2573358 289.57581967278156
2574359 115.65567390580489
2575606 292.5254197690062
2576794 294.99522209966824
2578015 291.8772552569684
2579245 293.33572896116453
2580469 294.3159645603061
2581673 294.4589985993785
2582867 295.67284047831066
2583657 57.61799757496024
2584836 295.85071887021877
2586011 295.9533557174197
2587232 294.69635990962695
2588474 291.8758758399575
2589188 60.917337826424614
2589262 -101.17088916822212
2589345 -101.93125451829533
2589821 -35.24377815194056
2591201 283.795607446877
2592398 294.9411662906952
2593650 292.70359090211446
2594877 294.5770296076557
2596065 296.92907988808366
2597038 109.01476608651379
2598172 298.94876640713454
2599343 297.38364657697923
2600524 295.2649994748944
2601727 294.56161205089575
2601800 -105.7056900123215
2603046 293.0170073788871
2604243 293.10232223379455
2605464 291.7253257085831
2606663 292.9197454777973
2607851 295.72260667786026
2609039 294.6311927825057
2610195 296.8099732590256
2611355 297.10141397194855
2612597 290.8349583653232
2613812 293.9496761626393
2613960 -98.16442534510108
2615130 296.6912638047393
2616300 296.54971819277415
2617541 292.44382487423496
2618765 291.33979882530826
2619983 293.0317566646041
2621204 294.64315006543677
2622366 295.8380282178759
2623568 294.2994467444912
2624742 294.70236759525443
2625899 296.6027283146991
2626101 -86.48383911794859
2627294 294.3322725208281
2627388 -104.79206825344933
2628551 296.88745904538433
2629718 296.5265113863173
2629900 -73.7167028102055
2629982 -102.02244285186752
2631370 280.74348531140504
2632609 292.34286319643684
2633787 297.9046104181641
2634987 292.38952207558174
2636192 294.54486018769626
2637369 295.76985291008634
2638569 294.7590486395526
2639802 292.2612107123005
2639877 -103.96937143218331
2641071 294.74968530999155
2642254 294.2464912910579
2643447 294.6807364533249
2643533 -99.73472835929692
2644725 295.987053020088
2645932 292.9210622365062
2647144 294.63678414561997
2648328 296.3525588319169
2649464 297.2955809168219
2650649 295.03272357907014
2651825 295.9687632114068
2653012 291.74642620822425
2654164 296.67773993241616
2655346 296.58701594990606
2656530 293.6215442346291
2657386 91.44887212978347
2658641 290.04167632428323
2659799 189.19543998230904
2661044 291.5118970631782
2662237 295.864601347203
2663395 297.2711685888634
2664588 293.49342802052706
2665759 294.09122750982743
2666938 296.0178426914582
2668127 294.1715475134735
2669346 291.6186311240053
2670496 295.688564586684
2671679 293.8815670203686
2672911 291.2144936548525
2674133 290.52445108367016
2675350 292.906506361769
2676519 293.8232871097111
2677647 168.64355019846624
2678832 291.36833248220756
2678909 -107.45330587147735
2680139 290.0279163918702
2681371 289.9675004149762
2682603 291.18149151693984
2683031 -43.303024777924634
2683168 -97.30347042707479
2684329 295.8269893323702
2685541 293.18583293327964
2686706 295.0553731940369
2687884 295.9041441887904
2689067 294.1757288373376
2689150 -116.69789784083515
2690361 291.3641546692982
2691543 295.45139339062825
2692767 291.62292581235727
2693981 292.61695274330106
2695136 297.1060886962927
2695450 -46.933971014663626
2695775 -48.418057894158494
2697049 289.94797691260146
2698222 294.32651019952255
2699376 293.1729930729361
2699918 14.508215728836149
2699999 -101.77604598946807
2701175 294.38182194259053
2702396 292.9065207703837
2703642 290.5349296392401
2704835 291.73767733737554
2704913 -99.2153717064367
2706112 293.21497822357105
2707328 291.59797262935547
2708523 292.9634447866404
2708639 -98.72158564928795
2708737 -97.52839328482871
2709901 295.93035144653476
2711113 292.11117782916097
2712386 288.93930145232923
2713552 296.27130581062835
2713697 -94.9222986893896
2714895 293.1677505978203
2716108 293.76452699059257
2716223 -99.58267728770896
2717494 288.7528069302949
2718735 291.67022630302586
2719959 293.14884714263195
2721206 292.1761749081244
2721334 -97.33704773709115
2722553 292.404557291147
2723760 293.04065009131045
2724926 295.42038263237424
2725789 89.27748102560591
2725847 -107.7109569699727
2727057 292.7220302252571
2728264 293.3132527922465
2729495 291.85296044840845
2730712 292.01987291785963
2731879 293.8489655973101
2733073 295.27506543389376
2734252 294.3810408042386
2735450 295.93053960197665
2736578 298.109501365856
2737735 177.2065400943884
2737808 -103.72911052257692
2738929 297.969611418654
2740074 298.2272698196062
2740205 -97.00550371260289
2741508 286.93989469179104
2742659 297.37004989268195
2742784 -99.14595267381581
2743889 298.8287470234501
2745120 290.6998099201023
2746287 295.3225710306191
2747460 294.25809034217815
2748637 295.60906897064956
2748715 -99.53413906807204
2749923 293.66259046980537
2751205 286.5676312402171
2752417 291.2495138238893
2752595 -97.8245342186913
2753855 287.6701688958715
2755025 294.8810403242925
2756275 289.010733749831
2757228 106.53525054496757
2758526 286.9215466844101
2759727 293.3841351376416
2760929 293.2152455464081
2760985 -103.0548426163476
2762206 293.17905592379213
2763395 294.8674219936476
2764622 292.01243850849465
2765822 292.9432854402533
2765917 -100.78564977552121
2766064 -97.14316125914269
2767258 293.6152633880194
2768482 293.3782663074096
2768584 -96.01340337858784
2769844 291.247645617187
2770310 -22.719426266758376
2771615 175.33748343669788
2772833 292.60060153830744
2774015 293.8419903171535
2774117 -100.83287689449948
2775265 297.31665175797394
2776482 293.2856398667974
2777700 292.71917180066936
2778947 291.53080321389695
2780165 292.72173921709646
2781344 173.28503564335705
2782552 292.97494660738136
2783761 292.98505035476444
2784924 296.65097390500375
2786061 297.441457174619
2787241 295.27091119092137
2788392 296.64172907745785
2789604 293.3740933893596
2790751 297.697492249355
2791952 291.11870132192604
2793129 295.0090794269721
2793209 -102.97213086881303
2793338 -99.0860263867431
2794503 295.5496591226515
2794967 -40.46007924594169
2796150 294.4191781879793
2797329 294.5082431933519
2797444 -103.08796800526605
2797519 -114.84033536136586
2798683 294.7197333944447
2798788 -105.41340005694579
2799539 70.49246170957875
2800750 290.25617954503883
2801890 297.1417791746471
2802371 3.623154751059886
2802452 -104.45414786458699
2803647 294.66035424443714
2804835 295.6229567843548
2804917 -99.53606734112961
2806075 297.1232473231583
2807257 296.2710883528117
2808005 70.72265217483096
2809200 293.93192531127016
2810381 294.0382104619706
2810972 38.134357439730906
2811533 13.580330315370773
2811686 -96.47174652178833
2812867 294.0805114094785
2814024 296.35063492085044
2815219 295.21025375367617
2815314 -102.4648701137236
2816459 295.80670424709893
2817617 296.9328275632808
2817698 -103.42089581426792
2818902 293.9686568044482
2818952 -106.01188004066734
2819048 -101.51772096218106
2820212 296.2575877129263
2820295 -102.7962537085538
2821187 108.21134844787522
2821651 -21.533877152936427
2822914 287.5946811593808
2824116 291.7018172567528
2824271 -91.45856933363805
2824337 -106.40670425997675
2824847 0.5821900034584502
2824928 -111.00614360639825
2826140 292.82850606609196
2826181 -108.5324137930094
2827360 185.83059601746749
2828492 298.53856867626615
2828576 -102.18580452640914
2828676 -97.9032453462407
2829857 294.52908881306803
2829926 -102.91010140154324
2830009 -106.77392996976339
2831209 294.08542005004665
2832376 296.590664634468
2833498 299.62708439468184
2834697 181.36208529307663
2835875 296.58244429526803
2837095 293.6537409463672
2838309 294.06428268635096
2838821 2.8960704677645452
2839979 297.414386807516
2841169 295.4530289569139
2842298 298.2258527010077
2843462 297.11789590108583
2844609 297.8162990392097
2845875 290.9795293336625
2847052 162.66124488971144
2848219 296.25283859759855
2849396 294.4010504630214
2850501 299.3034562740812
2851665 293.95645794687357
2852918 289.8196512872012
2854070 295.9655181686876
2855282 293.55766750773955
2855357 -104.0732601543516
2855521 -106.84446035817575
2855614 -113.60701132362149
2855713 -102.84287660935149
2855847 -99.05876454509733
2857006 296.72476694889457
2858160 296.28086647253525
2859369 292.61530501691374
2860488 298.768147113877
2861656 292.89415893078194
2862886 292.62988974204427
2864065 295.29471723411945
2865224 297.56009729860625
2866434 293.8043982525473
2867631 292.99851233526005
2868796 294.88072618551
2869995 293.8825992170911
2871153 293.5881578303615
2872340 294.5342654598766
2873494 293.69282276474735
2874614 298.7525898680391
2874692 -110.32707033039443
2875848 297.18235946719767
2877014 295.392539883653
2878200 294.8844508444849
2879401 293.6461571304243
2880614 291.0176500683547
2881036 -26.38082985458651
2881612 2.299841860095583
2882492 92.58096764362935
2882675 -86.13770452521865
2882892 -97.41388798494948
2884037 296.18530502431565
2885176 296.3054550302751
2886352 294.38830110262194
2887547 294.4063123936776
2888731 296.5551747855023
2889586 99.69449977407942
2890768 294.0558552664152
2891926 296.3703667140699
2893036 299.0319918648162
2893083 -106.21454345819664
2894328 291.764750705116
2894436 -115.99857387523414
2895651 292.4782046299094
2896834 294.2202002437527
2897983 297.57175829817623
2899170 294.35921856080716
2900361 294.8107236856882
2901495 298.8699800004933
2902655 295.83759368447403
2903395 63.6860085611373
2903476 -108.06956629931368
2904670 292.62679794494164
2904749 -100.73837910739333
2904826 -109.6997209096967
2905976 295.58648230959903
2907134 297.06266811777726
2907998 105.6911914488328
2909193 292.0069097604915
2910320 296.77920837139743
2910402 -114.47631238634077
2910481 -103.04331222700824
2911112 32.1196612743245
2912231 299.40458293441736
2913395 295.6630826096286
2914582 292.83823930067456
2915779 293.0202421050488
2916920 297.1000719304973
2917531 31.117353400849282
2918292 73.90297331068282
2919442 297.0925691226184
2920576 298.800717661598
2921738 297.18824179426827
2922922 295.54896415313505
2924031 298.84789715690545
2925181 297.60494227637724
2926376 293.9764693331574
2927484 299.1235281320975
2928633 295.83304665425226
2929754 297.9813851564868
2930932 294.31849495464365
2931006 -101.74782998902164
2931858 97.94996267645112
2932589 50.47184780699351
2933377 79.10309288634616
2934542 295.7050011808731
2935685 297.31372443826234
2936457 84.46292721657082
2937603 297.23970206616207
2938863 289.0716611411749
2940008 298.5339757383706
2941212 292.9029021220356
2941497 -69.3660552608132
2942638 297.70591474881485
2942723 -105.78807141042252
2943620 91.08933316757359
2944806 295.6830016894071
2945511 64.85413861284653
2945599 -102.70417679697027
2946810 294.1890154752302
2947955 297.15529957902817
2949080 298.20043313530596
2949609 12.252758579134337
2950800 293.93494378288364
2951964 292.8730412460526
2952765 71.5084239986817
2953072 -55.2633355745853
2953306 -71.07202795731027
2954441 295.74545260875067
2955138 56.56553350918301
2956335 293.6435315052874
2957485 180.3197132970077
2958611 297.2948604048131
2959745 297.565690292741
2959965 -63.5685287810477
2961147 294.04985727178916
2962283 297.76022764231277
2963150 98.08037995305119
2964361 293.56520048560316
2965499 297.45676260458964
2966650 296.14259084028
2967275 19.12509340874304
2968445 296.5996246503302
2969615 296.4492917403594
2970749 298.1239134992258
2971900 297.5073857785796
2972958 150.31811536054508
2974112 297.3847963445662
2974198 -102.41260891293983
2974276 -102.80202290289476
2975398 298.60091135054586
2976559 295.6356519744418
2977704 173.55334050229516
2977932 -72.64570246079255
2979121 294.34732052799916
2980289 295.9659737108308
2981497 292.2845998193671
2982638 296.9295976436772
2983817 293.81166316231804
2984957 298.0642286783746
2985697 57.31309470945152
2986930 293.5620257967866
2988102 296.481036183252
2989271 294.223788244735
2990404 297.7935951865284
2990541 -102.39815066878126
2991627 301.33725101220494
2992809 295.23905419130585
2993958 296.7234673828887
2994055 -101.43760994450624
2995194 297.85075558407027
2996381 295.4073272335715
2997458 141.0541328003155
2998305 94.59220026244827
2999499 294.0494520629125
3000635 298.28616210361184
3001765 298.91954714585677
3002719 119.93167117882851
