# reward.txt contains number of transitions:cumulative reward
1600 -110.09884546820844
1658 -114.96766057910335
1723 -116.72481224881773
2412 -161.3885117337403
2519 -116.05997108588042
2616 -122.81620394168414
4216 -120.10453365839702
5816 -125.84767541129492
5975 -128.1874090460514
7575 -124.65722356534935
7639 -119.52965512872736
9239 -101.9990201232213
9301 -107.62527626990217
10901 -121.37333114785288
12501 -102.80085673751658
12580 -113.23161531868888
12692 -102.18593210164892
13871 -196.6060839221173
13936 -98.90464662019164
15536 -104.74211334044178
17136 -95.45439176236249
17189 -106.25623164081325
17282 -105.75174215400963
18882 -118.06702521636313
18927 -111.4219601388344
20527 -87.08441074784947
22127 -93.37442961603828
23727 -108.28656288294687
25327 -121.39810356978627
25414 -112.46844801239111
25489 -117.0914379453628
25594 -122.40080217220759
26862 -209.12227810195844
26913 -110.74199324163297
28513 -84.33743806095593
30113 -123.73341148358017
30191 -116.37048921730369
30358 -120.65915450634559
31958 -107.2630973222116
33558 -80.78043940643666
35158 -115.7423701882901
35216 -106.13482107296028
36816 -102.20744396534103
36881 -101.13273289509551
38481 -122.08185452511073
40081 -107.99799406602543
41681 -125.74320763768507
41757 -100.07934390633615
43357 -125.96455496519461
44957 -111.72117953090498
46557 -112.2978514687716
48157 -108.01002953882917
48223 -117.33553413284694
48292 -115.72696241484023
49892 -121.61349567338755
49994 -106.74742299236544
51594 -103.3162585590184
53194 -112.05693229424264
53277 -105.89273222413783
54877 -111.34117777087367
54924 -108.89737183911473
56524 -106.22385919748065
58124 -101.79484377468438
59724 -102.23060880200819
61324 -109.83082213831102
62924 -101.56305583640369
64524 -104.3282658263222
66124 -97.82336186824936
67724 -105.06233950488237
69324 -111.22236673679467
70924 -98.8343478433734
72524 -107.13897365220956
72593 -117.2934767491687
74193 -86.64603434664946
75793 -89.98228930668034
77393 -100.06729246215846
78993 -92.66848286224833
80593 -96.43712243424164
82193 -86.95205198304856
83793 -87.51800653344658
83898 -123.04418063315129
85498 -92.25591107559163
87098 -84.14717369217806
88698 -84.04697169058136
90298 -86.00674091015561
90394 -117.47338500401688
90460 -111.63164469253582
92060 -88.90965301153248
93660 -78.37880455832061
95260 -77.37502303956505
96860 -77.3057139655028
98460 -77.84229320213264
100060 -72.17751389429101
101660 -68.07767662913605
103260 -64.12532511128737
104860 -61.577849984899814
106460 -59.705307878707785
108060 -70.96208083320164
109660 -64.67077548030629
109750 -123.55798482114635
109816 -107.4556272100918
111416 -59.75013185907844
113016 -69.72467666945546
114616 -59.683578789388754
116216 -51.85558997233827
117816 -50.299672187018615
119416 -49.72319914599572
121016 -62.23559046607591
122616 -55.76524167644606
124216 -47.02895510278083
125816 -50.99484370105775
127416 -50.37880429850581
129016 -36.51776432753298
130616 -44.34103808478205
132216 -47.275455669668226
133308 -129.61128815522292
134908 -52.24840726772604
136508 -40.326087663653574
138108 -33.79858992674264
138179 -108.14580826468331
139779 -44.741047590346945
141379 -29.74101692471908
142979 -28.007285697166235
144579 -32.73591126346732
146179 -31.267491840832616
147779 -54.97798117106097
149379 -21.68199353495181
150979 -26.131961935802064
152456 -134.18795151279434
154056 -16.23448048135202
155656 -17.893750258650634
155814 -93.78921174333307
157414 -16.70659558548174
159014 -20.004882446451695
160614 -8.338695645781227
162214 -9.678401040593155
163814 -10.679289986270476
165414 1.7722179427693314
167014 -12.298368084271118
168614 -2.8701749457530656
170214 -7.43787548873573
171814 0.745996671615174
173414 -0.08457492095170124
175014 17.92169019423363
176614 20.796142956453078
178214 15.749305085842813
179814 23.153326973679167
181414 30.395957375766727
183014 23.208851464282716
184614 28.785527237563734
186214 35.455919946780426
187814 37.85726387681934
189414 28.194848838397007
191014 52.23121671065502
192614 44.178002438149704
194214 45.98145023083498
194297 -116.93007282002456
195897 49.766310108197786
197497 58.543173057155705
199097 58.625215597471836
200697 44.47974183918108
202297 68.79313222287783
203897 61.15647435393552
205497 55.40872867662869
207097 65.68233724223572
208697 77.23710691396117
210297 90.5489539848299
211897 80.79823600967501
213497 92.77839957690959
215097 107.25472762304908
216697 88.50423608299481
218297 88.3449220516117
219897 102.49207465183112
221497 106.71685763445369
223097 117.63287002767869
224697 95.12773987956575
226297 140.8625852048031
227897 140.3363168807895
229497 123.54378524382342
231097 129.22935007252175
232697 145.81164434289107
234297 133.96528555122447
235897 123.28345418418542
237497 152.26415386588036
239097 162.76155554737505
240548 -6.3539188564357545
242148 157.08716646367668
243748 161.4187708351696
245348 154.06996358866056
246948 162.1552530105958
248548 166.50208848561573
250148 154.3022559970934
251748 143.6760205980203
253348 179.67907830067762
254948 158.91526657411566
256548 186.33502783614375
258148 175.69502634258146
259748 155.00285908220093
259827 -113.18511733620801
261427 193.2386143892412
262354 -58.13205367638609
263954 175.88174210971397
265554 174.8289799799686
267154 164.37097447081604
268754 169.79552808023755
268968 -84.9020632601815
270568 164.85875464753022
270844 -85.39072028987665
272444 166.11304107548517
274044 170.29123737190017
275644 145.1200214522088
277244 193.83753389194393
278844 177.15578618692953
280444 155.4114058993866
282044 187.70472022043614
283644 176.56460618890796
285244 181.56941148772407
286844 175.0239108004521
288444 206.0604654204587
290044 176.66379780097918
291644 184.28882386140646
293244 164.35902015029063
294844 180.56591849538088
296444 172.16876219824945
298044 198.4805494110321
299644 199.17702469163368
300304 -43.927864044993505
301904 206.72737463054864
303504 193.0092197905195
303631 -105.60006897767137
305231 213.36479496848207
306831 196.33429371736318
308431 198.4803753125183
309107 -39.330514234000255
310707 200.93621081067292
312307 200.57744319020532
313907 181.9819030649755
315507 222.92619969500925
316199 -65.16145425856666
317799 205.7413922872058
319399 197.18942925021196
320999 211.92124747904
322599 209.89599729654418
324199 208.79218489143602
325799 223.00396658314267
327399 201.88422853349286
328999 165.10704271526185
330599 205.6521309124907
332193 103.31241115422037
333793 185.09384972623056
335393 211.86668187720838
336993 206.10902033201887
337659 -18.859088741431478
339259 202.47426418633142
339304 -114.5279813295814
340904 208.82675594858762
341078 -89.66536716770257
342678 224.11567082963336
343287 -26.731070879586
344887 201.44001235302517
346487 204.97413037988647
348087 178.8091855498371
349687 211.05587124659084
351287 202.02869949454168
352887 209.02560933246977
354487 211.1360321284537
356087 222.81089430205535
357687 202.63452710242456
358852 12.907766781800973
360452 221.89283201404135
362052 196.94510406788243
363652 205.2547055752113
365252 218.66901324691432
366852 223.49246524730938
368452 218.65939471842643
370052 213.666117518055
371652 209.83151269627513
373252 201.47561014633243
374852 228.41840639658074
376452 196.41476163253103
378052 214.3331728706242
379652 218.2190080445781
381252 211.5651749343234
382852 71.55539130223283
384052 12.702158517378521
385652 219.06327677727043
387252 213.43159371121504
388852 199.19215771236944
390452 220.1828467053058
392052 211.70013484624954
393652 222.91742350948806
395252 221.85179263258988
396852 201.25338583110204
398452 200.96528960330156
400052 212.05657480708334
401652 183.56753154784508
402227 -60.010588379541446
403827 232.1969443755381
405427 216.6195592573209
407027 210.50214222559265
408627 227.41497986468735
410227 231.96972631203818
411827 219.07710575863285
413427 220.95414889629697
415027 231.06527679129883
416627 233.1401801920793
418227 221.4445132112547
419827 194.84127527760958
421427 243.8030616559135
423027 226.7504969309135
424627 231.83764532706323
426227 233.89424492772193
427827 224.2621585455106
429427 222.9790109838813
431027 225.04044490691197
432627 233.68747986591447
434227 229.56988138822302
435827 245.6130273268226
437427 220.91978560972302
439027 219.34106344601963
440627 226.79339476360067
441889 65.57394048121805
442791 -12.191442532883457
444391 230.66230400726675
445991 234.34848808383
447591 239.9781704589548
449191 210.43336717335637
450791 235.42723981631954
452391 196.55405549932527
453991 226.79718880249817
455591 257.3506589985279
456171 -30.71138719049462
457771 238.83390479615952
458221 -44.68096926108999
459386 61.80317413778414
460986 231.11293967112655
462586 249.16435338420382
462963 -60.49022290197077
464563 239.54160667272095
465674 35.5116855679741
467274 227.55721307890988
468874 229.33221993901063
470474 233.89397571446938
472074 250.28326153295097
473674 241.902503490845
475274 246.62174417650704
476874 236.02552724592698
477007 -107.25704714800727
478607 238.6325105321966
480207 231.56354353304096
481807 252.77969109158497
483407 238.11281378256643
485007 241.37620191332965
486607 228.98435152877036
488207 228.58365727329408
488264 -110.31116120875254
489864 222.93154831016517
491464 244.346495735998
493064 255.11207819132892
494664 243.86320751654807
496264 243.9115037950157
497864 243.91786578017266
499464 250.03004163111194
501064 232.92792291549412
502664 242.66479760615047
504236 261.5610369592908
505836 240.85611746252707
507436 240.32417246003521
509036 246.66795301152789
510636 232.67570572185429
512174 260.87312045484583
513774 242.82253041325095
515374 247.67435800369591
516974 252.15369785152922
518574 241.48562382867073
520114 263.2409087328261
521662 264.1785854423102
521736 -117.89621945179192
523336 253.5108573367972
524936 242.8388770276311
526536 251.33550123857074
528136 252.26638250149858
529736 237.67904037578109
531111 77.48703516969417
532672 261.3238811040073
534271 260.01464574146837
535871 244.87865081765716
537458 257.44837007502224
539058 235.7233348864628
540611 260.6532895980321
542188 258.98595939087846
543788 247.42894797212907
545386 256.29528042035867
546968 256.31570349269055
547034 -117.44072403120126
547700 -43.61408935757297
549300 238.9165312438346
550848 263.3835745831682
552440 258.7597410907465
554040 256.34535630069735
555640 256.20803424829955
557240 240.70984734312879
558825 259.3323132268808
560355 260.72001176255776
561911 263.6352315719046
563468 259.56248965035456
565068 230.30927003941963
566668 252.11659475254928
568268 253.55335694477446
568419 -121.45575086991303
569987 259.16626463402326
571587 252.79586772222532
573118 261.6339943535925
574686 258.85870525683026
576253 260.13789658891915
576327 -118.60518500817196
577909 257.245915597838
579476 258.5608709423602
581044 258.0814019349056
582560 120.3771760567021
584160 244.76261165314813
585760 243.21900888929332
587291 259.5607466280117
588891 250.842058551654
590445 262.06140550492654
591992 258.2199095127542
593464 266.3261909509239
595064 246.38984779952466
596578 261.9098228671372
598171 255.72536274011622
598281 -120.24804584159578
599764 263.2490943344647
601271 263.7591300896113
602833 258.81725140375306
604404 255.55835111855143
605977 258.27850415278374
607552 259.26340428534945
609119 258.9871050158297
610719 253.80592642235072
612250 259.9052258471725
613797 258.3830917905588
613869 -113.149766864699
615440 258.7224331220481
617016 260.15202259199987
618616 257.4233628204379
620148 262.122160455143
621658 263.43430226804145
623169 262.7683090593198
624758 257.2361256834906
626236 267.07710565761084
627836 246.13915819822384
629343 266.5359781327264
630830 265.4122766685413
630895 -108.74460828890776
632411 264.4982426580885
633878 268.87047100242563
633992 -118.12797204848192
635540 264.83086822899696
637072 261.78494909754966
638622 261.8711492516719
640115 265.9446899443972
641628 262.11661525652056
643193 258.6579133836641
643249 -112.9597592679498
644768 266.81862673844745
646334 262.30931472640276
647853 264.46776585572405
649374 262.7946496760135
650935 261.4079274202673
652535 258.4463786433873
654009 270.63280587789995
655592 260.08286939965575
657192 250.90500175973742
658692 265.52300386722203
660225 265.5267865699399
661825 249.6768544754112
663407 262.4833103199403
664948 264.87742734895204
666480 265.0306527549515
668080 260.5625527405671
669609 267.616529802213
671109 270.39138563746843
672624 268.10015917090465
674163 264.8472202765484
675630 268.37093947575977
677091 270.8063247809477
678538 270.69860663142424
680138 259.5107204014853
681671 266.14721591362314
683197 266.1101495013581
684730 264.5516988584492
686235 265.36740092865926
687705 272.1580093601126
689214 268.3487240905398
690780 266.29652086674844
692331 263.81917524677925
693077 3.4454741216457023
694634 265.48881135950495
696169 265.85540906180415
697695 263.74646132072394
699220 265.6027318933639
700755 265.79796813656566
702328 262.0495774888133
703808 271.3949245695468
705235 276.87386620964014
706795 267.52953694217246
708355 265.23677802037963
709836 271.0194133086212
711066 85.04664588186091
712568 269.30852623845755
714162 264.35803630277445
715709 266.7995594523406
717186 272.4499148217726
718658 274.2782838802031
720166 269.80838920563895
721684 267.85497129126276
723231 269.1371641055737
724692 271.052316513417
726193 267.3610597922537
726786 -4.612024126884748
728309 266.219725872004
729856 263.9821108096648
731366 270.42447009526643
732908 266.6058618240924
732970 -116.92906606558338
734514 265.83892682124247
736002 270.55918593257223
737482 271.169780923209
738996 265.88825750804347
740557 266.75281451246445
742059 269.1319434151062
743632 262.76754230080695
745165 265.38044577879685
746672 268.3512549243548
748186 270.48914661186876
749704 270.60358124073906
751241 265.06505105248743
752841 265.8429511679969
754353 268.14987093872656
755852 268.15982168483066
757302 269.1112455043479
758762 271.43388197134516
760362 258.5583867115445
761825 267.84324910879974
763344 267.05428831055156
764875 266.2276908594901
766308 271.4498167524433
767770 267.5354318215801
769243 267.9728762131519
770735 270.6192165747201
772262 263.97924350562664
773784 268.51274676049326
775241 271.0581971619929
776648 273.4839468001303
778108 271.7051328699903
779610 267.9682381233823
781159 267.39712889657665
782660 267.95233944174294
784147 268.0634376551923
785664 267.75469827547965
785765 -120.91381035757189
787261 272.48161789122554
788771 269.9613954561439
788868 -115.88506504778253
790356 267.943191682956
791817 268.9253228059901
793306 272.74410314478934
794833 266.7346270442997
794905 -114.57369704151589
796058 75.5399847995142
797548 270.18394526178554
798987 272.8122191303466
800449 269.95069583246686
801937 271.024347328001
801984 -111.8326001274238
802102 -120.42446019094747
803613 270.5504927169241
805208 264.3893237888307
806660 274.95411595598677
807849 98.96897348182736
809395 263.65191401204453
810894 269.3680300195009
812371 273.70534510175315
813865 272.35617960979954
815328 273.00847287155005
816783 271.66571988194806
818236 274.27385861098446
819640 273.98270766241467
821099 272.31656516471287
821158 -114.13292730963727
822651 269.7084411874185
824169 265.7616853616087
825633 273.04153443147294
827085 272.0293475806388
828560 273.40313697247313
830062 270.9397040007569
831561 267.4215044855574
833032 272.6410788414747
834584 265.90168362632164
836001 275.7772927267048
837489 271.61352426483046
837583 -116.19675577780666
839086 270.3295971021574
840564 269.18146543532316
841983 275.0889947558926
843557 266.22345316407745
844136 -30.12764166877041
845615 270.90072564828563
847096 271.99208381590495
848560 273.1810262239092
850060 269.0449337386234
850126 -111.26270690331607
851603 270.927194258694
853011 276.3430152548828
853108 -118.46565339481272
854629 269.2362376754698
855389 19.763270253017623
856818 274.4357070943542
858120 104.86233445693634
859577 271.33271034271087
861008 274.44184144329273
862487 267.9431439088398
863951 271.18173640597234
865403 270.16565475254
866943 265.8238250201282
868408 272.9498455694722
869976 265.71233538805666
871503 269.91536893141887
873052 266.72961797361216
874560 270.3577065959803
876047 271.0039076664824
877582 266.79794648918664
879056 272.486158012741
880568 269.3224915111555
881988 276.0237205312865
883522 268.66212200496756
885008 270.84452706110216
886486 271.82131105973195
888003 267.9300778863517
889491 269.21787515014404
890920 274.0639635516187
892506 264.4754868321921
894001 269.8042216258149
895505 266.81388672968177
896971 270.5807536473969
898408 270.59894289166243
899917 268.4407186395412
901418 268.13035249767887
902908 269.8654788851413
904307 276.7102048213167
905741 275.0532699653462
907259 271.6451788474989
908744 270.61007197739457
910207 272.48332060459194
911648 275.9756549891386
913162 271.3282831704015
914638 274.03086502344524
916177 270.6251704834703
917663 270.395046142342
919140 273.5921766971373
919235 -118.25107921970698
920724 272.15035260608164
922177 271.1948133349096
923674 269.30984401794666
925071 275.7431712456488
926499 274.6798597777705
927958 271.91314865153413
929390 273.122787219645
930854 273.5003858519257
932329 270.41340103060816
933883 265.18651265856295
935086 86.42664433101066
936610 267.1418856507233
938061 274.7408238297597
939496 272.9920122285397
940948 273.1070815309071
942436 270.9914903186694
943845 273.8543725287604
945296 271.47119767118716
946805 269.56182271252607
948313 269.55158415312195
948395 -115.41241855623635
949893 267.5030289511057
951374 268.4479645646616
952819 273.80034826835276
954252 275.2668987610895
954724 -34.448453255133046
956149 273.2422596546632
957594 273.0207178421141
959073 270.15953799608474
960511 275.9810700288953
961936 275.5435058054284
963417 270.51950120290167
964930 270.50653031863624
966423 267.3846618464857
967861 272.4284392816492
969316 272.1159082189096
970723 274.52101684484586
972159 275.65292896123776
973656 270.9209800346083
975111 270.3897451393584
976542 273.2752000092288
978035 271.58511888036844
979493 273.41812966583024
980920 274.77243325070657
982335 275.1140940222496
983542 114.74062057300884
985012 267.8148623840492
986505 270.8959151982035
988003 269.86572306365895
989379 277.68892562403437
990959 262.57537798719454
992476 267.8849177702248
993931 272.03668290698886
995374 273.21808990019576
996793 274.2305623836845
998264 271.94110681659487
999718 273.9862378690082
999808 -119.34235652410673
1001270 272.08023558179553
1002739 269.3527993890462
1004238 269.05014065723117
1004665 -57.6497167036347
1006084 272.268533233322
1007512 271.39719851085795
1009007 267.9693441434864
1010488 269.2275077386343
1011921 269.68386848821683
1013338 272.55364176648635
1014784 273.3397764857088
1016245 272.8234688700344
1017668 274.5376102681996
1019188 265.7918038209661
1020589 273.7702080435028
1022054 273.18110792306607
1023496 274.6324888366956
1024989 272.036020019142
1026419 273.7864164105418
1027916 268.99333875298777
1029401 270.99027334825956
1030915 268.3133612204735
1031658 17.289612460184813
1033132 271.6641730130282
1034679 266.61039974626794
1036114 275.7310534907256
1037639 270.1574161377643
1037707 -112.85873978089542
1039179 271.6007516008136
1040651 269.817358231644
1042088 273.05729628942197
1043523 272.2924175903425
1044931 274.4395549503482
1046372 270.35195393285153
1047885 269.6617424893209
1049357 270.16776533478685
1050560 88.65685841371081
1052016 268.5035095628956
1053524 267.78452718893084
1055033 265.7000365304784
1056441 275.62279193388366
1057928 270.13521703106534
1059371 273.11247469749844
1060926 264.4541741438139
1062319 274.7981140259385
1063766 273.21831403625504
1065177 277.3870686244178
1066630 271.39237318071326
1068177 262.4765999587372
1069558 276.06694553781625
1071075 269.857749927923
1072487 275.5797417400706
1073930 274.89797072103477
1075392 269.6549482157019
1076816 273.1268506983688
1078269 271.70192172224006
1079684 276.2644165092046
1081123 273.4939681838813
1082592 270.98924544762855
1084155 263.263536030343
1084958 30.492623810718385
1086380 275.9020857753907
1087776 274.8043564717811
1089210 275.34643275397855
1090664 270.35027954256924
1091904 111.0882477456758
1093358 273.04606773552626
1094889 266.26646258315066
1096325 273.6329093523442
1097893 262.42803674245926
1099340 274.25132508629883
1100861 267.19664698695937
1102335 270.2060215666256
1103838 268.3167278672597
1105365 266.63523400581784
1105450 -115.9527113923896
1106976 269.5032830124131
1108416 276.58759609971025
1108493 -128.2893537438009
1109993 270.0884659031057
1111488 272.81090053424396
1112992 269.63645360003466
1114528 267.6802880666571
1114771 -77.17051026053167
1116179 275.9197704518555
1117610 272.24558635043184
1119071 274.5925132157589
1120545 269.51069097076413
1121953 103.49333380821821
1123433 270.11051157590805
1124976 263.9222350209659
1126465 270.70084642814743
1127930 271.03420650103976
1129326 276.3253654647768
1130725 276.21324207696046
1132176 272.7845224860323
1133630 275.2117068647807
1135114 268.79052473244207
1136629 267.7457958743899
1138130 270.69282491805535
1139549 274.68070982581344
1140941 276.68542670132445
1142378 274.7884394394842
1143734 280.744116984777
1145142 273.7884473282044
1146654 266.25257764732606
1148096 274.29456867610264
1149568 271.3734542441734
1150950 280.4003720029282
1152374 276.33349154143644
1153843 274.44470404289996
1155336 269.9834826156533
1156666 147.87761095090167
1158100 274.07621539440487
1159531 273.60902778390664
1160993 270.4849088804998
1162382 274.32990045163064
1163770 277.5304037651492
1165330 265.69029842666384
1166766 274.68085537557005
1168279 267.73798463758675
1169789 272.25318095866385
1171278 271.704844996101
1172757 273.54602598061507
1173548 23.64383750418068
1174452 23.086031339509276
1174957 -34.91174887349396
1176413 274.09054471137074
1177827 276.2215387546492
1179243 274.52715146012287
1180655 273.5361385085463
1182076 273.5440513823706
1183512 275.11450011656
1183596 -112.22027225604094
1184988 279.2374657674485
1186474 271.40570072564327
1187941 268.683360610004
1189421 268.19086286887153
1190650 103.5964279163573
1192135 270.40171635759003
1193575 273.6578596841704
1195005 275.30794862504223
1196402 276.18565991363135
1197814 274.2506082105753
1199263 272.20005709553334
1200721 275.12456533524085
1202232 270.2819209845796
1202292 -109.26469477060003
1203754 273.0031544499629
1205186 274.45954848794133
1206664 270.38802480059417
1208134 269.3979432818757
1209579 272.4124276845381
1210980 275.75065146661785
1212378 276.01910695753406
1213840 273.00229083833835
1215379 267.9997205134149
1216813 276.4623340569295
1218214 277.8473471499378
1219658 274.3040929956168
1221094 275.14593822208366
1222537 276.765110356587
1223944 275.2461955050071
1225022 84.73971438021903
1226522 267.9936905688784
1227914 277.96730101236056
1228231 -67.55929294736808
1229813 263.9052902328199
1231303 272.2059536800905
1232346 64.49748795587828
1233778 275.4182730702173
1235149 276.93764581708695
1236546 278.11476458355486
1237956 274.7692664800772
1239451 272.78132670416954
1239510 -106.12176155841972
1240955 272.1795615630354
1242424 271.73003925883353
1243035 10.141392261823
1243480 -50.55740560387383
1244960 272.4644363475821
1246403 272.7088941102829
1247888 270.0235709986864
1248331 -24.797327930001586
1249797 271.6416744271131
1251280 271.83839084367946
1251702 -54.73714494017264
1252995 137.9884447911488
1254431 274.0410485123362
1255848 275.3356576150828
1257282 275.46210597624224
1258730 273.1021098539123
1260181 272.6335933441746
1261652 270.9949964338306
1263119 273.3419217411615
1264594 272.5849873458757
1266042 274.7248591792883
1266457 -40.68660969477891
1267439 55.41515114260997
1268805 281.73548164297955
1270225 275.4630495057131
1271663 275.1485564631343
1273072 276.37449517662196
1274491 276.1088674179431
1275901 276.8668464761445
1277437 269.0123066317921
1278864 274.6580153878711
1280397 268.3229409257787
1281174 24.141503415247684
1282706 270.3654765886455
1284155 275.56066709625736
1285640 272.744776706772
1287151 269.88994576244835
1287865 0.45244589694841864
1289216 282.27551561084414
1290662 272.94915624030585
1292096 272.37164385925166
1293557 275.5915717179493
1294997 273.83562588301606
1296522 269.0656821712334
1297869 281.74132029692765
1299318 272.28180484470283
1300747 278.6222182392434
1302128 280.21388076775673
1303514 276.212529407205
1304910 279.62461992021383
1306333 274.3374163846978
1307860 269.3193410238201
1309344 273.0214664770859
1310820 273.0736220400011
1312229 277.95496868136615
1313709 273.31634975615344
1315155 274.9830245331558
1316573 277.81176246310935
1318035 275.78556260002745
1318620 -15.301635916404479
1320047 277.07032674936136
1321494 275.1069259254649
1322931 276.7544904261967
1324376 273.6044554643128
1325885 271.3335466691715
1327297 276.78261802162456
1328711 276.42990786254836
1330152 275.02772880788655
1331549 276.23404013416774
1332992 270.99392847813607
1334392 277.3564798991639
1335847 273.0542866177372
1337276 276.48533008269146
1338777 270.41314911488786
1340215 272.26608721827523
1341652 275.87287244260386
1343084 277.03678988090036
1344530 276.21944287624626
1346021 271.01330607259035
1347465 274.2954089521573
1348987 268.9685096552375
1350420 275.83016173328144
1351949 270.0559581616649
1353424 272.1063609838594
1354852 273.81534805916317
1356303 273.98433718233815
1357765 275.8648797910341
1359203 274.4982649435274
1360639 275.0882534199665
1362091 275.033091406605
1363474 276.96736066822365
1364908 273.443262479139
1366424 267.3204893629578
1367892 274.219998771108
1369368 273.89952181235606
1370620 124.63777569333729
1372044 272.9729307910035
1373545 268.65648430981497
1375039 273.64920959682206
1376515 274.0462473848311
1377748 91.93879662435694
1379174 276.9626540225817
1380697 270.2790537198011
1382153 269.9948137423448
1383619 274.94068727343495
1385048 274.53266043272544
1386504 271.5238818776277
1387985 271.6160702939941
1389430 274.5255876538285
1390830 278.45969729944244
1392238 277.055323566713
1393707 273.51533616459153
1395223 268.08976889557533
1395295 -111.38123732388144
1396699 275.68425744859655
1398211 265.66237036670725
1399730 268.5843630411475
1401108 276.53635591759536
1402563 270.9531599348065
1404050 269.8557605718402
1405515 272.6217010263968
1406949 275.2531421299538
1408389 273.9961807464598
1409796 272.6669146593614
1409893 -118.31257337552992
1411316 272.22348009236384
1412741 275.21265105581926
1414168 271.01251768032483
1415695 266.66653765408273
1417129 273.0312898177343
1418578 273.7706496135113
1419997 274.6529498396316
1421399 275.6928347447519
1422817 275.344316846165
1422927 -118.45060557458177
1424419 268.4057420314151
1425831 275.886051653369
1427222 275.28712858918095
1428684 269.6156432325235
1430054 277.31793840428844
1431492 273.90953577044996
1433008 267.5623853915711
1434413 273.2062010125232
1434852 -40.65299423341957
1436311 272.2473805060093
1437672 280.06193259152457
1439141 271.0182167648992
1440566 274.83291478948496
1442117 263.14219983802195
1443495 279.4022536272427
1444982 273.00879000936965
1446479 268.96677653982505
1447919 272.5697987167098
1449313 277.944667742256
1450687 279.31228921689444
1452141 269.56363599493284
1453510 277.02319537606417
1455042 264.7567211374298
1456511 271.4004870683363
1457928 271.1714473940214
1459385 269.67150474105387
1460881 269.0289737879864
1462391 269.90851053061
1463803 277.925048430084
1465284 270.99410920611274
1466602 281.9245794086005
1468043 273.6827232537352
1469433 274.6155941522991
1470846 276.27272425311253
1472272 276.1493578618971
1473738 274.2183988715303
1475236 272.29138006504485
1476612 276.2286728966198
1478013 273.8203805994263
1479441 272.42022055767535
1480954 268.2303800171302
1482321 281.0983141334144
1483796 270.49956990870004
1485258 269.84252627808746
1486671 273.52217252515953
1488110 273.14069448587884
1489645 266.657574319452
1491118 273.3118827142781
1492622 269.8483843005778
1494054 271.5681252984467
1495433 275.2627237419951
1496902 275.2683440026626
1498392 271.88746349603025
1499756 278.3668946977043
1501259 271.16630992008743
1502719 274.00472227817676
1504163 273.94021004822736
1505570 274.930796330526
1506960 278.09631056048323
1508361 278.8284508173251
1509799 275.9333513615222
1511239 276.0658229319074
1512651 276.22070622339066
1514098 276.68856499899584
1515525 276.25102529021797
1517086 268.7726233387823
1518542 276.7346885758338
1520024 273.8440472363642
1521448 277.7902375581146
1522961 271.0996629413453
1524372 278.3993932266353
1525813 276.2637598085169
1527260 274.5416579835952
1528622 280.2667659082516
1530033 277.2581407068822
1531397 279.5274709837728
1532860 276.09916897592404
1534232 280.8200763072171
1535687 274.69176165713014
1537148 277.4218998959639
1538607 274.803191865465
1540040 276.57285000761823
1541441 277.2874557487889
1542824 278.2923949607587
1544269 276.8229310848554
1545706 273.658853230739
1547119 277.32917959655055
1548558 277.8779682232549
1549988 275.52269509870393
1551417 277.32061738518786
1552057 -3.130920852532711
1553482 279.04949368689324
1554911 278.1482633101378
1556380 275.85418244004234
1557775 280.0640292976154
1559110 283.9372467844216
1560523 276.7225415963281
1561946 277.2576336141636
1563436 272.8187092083519
1563574 -119.21703066944517
1565112 270.3696818681007
1566498 279.1629981595813
1567947 274.4041999878788
1569377 277.13537985853424
1570907 270.6782380203392
1572371 276.08553803725977
1573872 272.6554947631092
1575346 277.5383974090541
1576769 274.37407507118576
1578215 273.8123438308672
1579601 279.6184688072742
1580917 283.14559420208633
1582298 281.6551250033475
1583718 274.7774903801385
1585142 275.7655909096528
1586548 278.8258432262484
1587920 280.65556274738856
1589360 276.369726488343
1590631 94.56585689439586
1592079 275.3201623374983
1593443 280.53678194103776
1594828 281.74995177715647
1596235 277.1464265254156
1597656 276.35383205392395
1597799 -121.6016716926042
1599173 280.58511890002194
1600555 281.93859347994663
1601958 281.74758702457
1603396 277.2166048982194
1604745 280.609115197951
1606207 276.7172416527869
1607579 283.6240709963432
1608947 285.2000656152202
1610299 283.1538760128231
1611657 283.63172244633745
1613142 275.1923781949653
1613321 -76.58107165118679
1614747 279.0327526845884
1616110 280.6145387841855
1617485 281.42117223048837
1618224 8.858499446528143
1619644 278.7700656635398
1620990 284.63566062399553
1621068 -111.48577215179739
1622460 281.70199580096937
1623877 276.1446982093538
1625218 281.05747376969265
1626645 279.3400103243075
1628147 275.0176092237014
1629628 272.9574189595782
1631033 278.7973737106143
1632436 280.5842186012411
1633840 278.87314472379455
1635303 275.2528096602582
1636713 281.25931369813213
1638095 279.661978545676
1639489 281.9818240452199
1640856 281.32763985874374
1642278 275.49837420986023
1643702 279.7580173930837
1645069 282.8759182099188
1646450 283.0332907861294
1647849 277.99058353233187
1649268 275.61036079500485
1650745 273.57011501595235
1652171 280.4033955936644
1653476 151.05601571315137
1654921 275.73144915306386
1656353 279.8089553248732
1657786 279.86827763398645
1657905 -118.3128658329826
1659320 280.5488755349092
1660682 285.20626153413576
1662066 280.3428194834858
1663494 278.82073301702655
1664870 282.82171881320113
1666390 273.30533084812834
1667833 278.7473952405878
1669225 281.08457748381363
1670689 276.75970560335
1672087 282.4779957079137
1673514 278.78321391792934
1673710 -143.71277702426352
1675124 279.1902713303109
1676478 283.97956366218375
1677855 282.39859882293297
1679249 279.8569257142141
1680664 279.78185159525515
1682093 279.9797049211624
1683556 281.6741612572973
1684958 279.1414266826464
1686369 279.8354633638965
1687829 275.91953699644927
1689200 283.511629029508
1690596 280.60167767617185
1692018 281.07753258212745
1692116 -116.90628811705486
1693503 283.19501754273386
1694872 283.94216455039515
1696363 277.4595669739879
1697766 279.8202518057682
1699170 283.2144802224571
1700671 275.4975706718455
1702106 281.3358609377414
1703555 277.85655770517945
1705027 276.00996515418166
1706487 277.9090915532459
1707912 280.18780874234545
1709323 278.55548593296436
1710781 276.3831258977763
1712175 282.3610300435064
1713635 275.17069982180834
1715027 280.77597448469606
1716451 281.47416597340117
1717848 281.7735061124476
1719315 277.8102667482919
1720718 279.94186340846926
1722180 276.5835061871693
1723581 279.9186349070276
1724911 283.4432370390029
1726320 280.86199978600416
1727761 279.02858624474345
1729141 282.38024026067546
1730277 90.68843483001424
1731772 275.36363970011763
1733227 276.9199362173507
1734661 280.4440327456475
1736140 277.804770624399
1737644 274.50240769525846
1739038 283.2470270486007
1740447 279.57237521141
1741916 279.8453838370501
1743284 282.8294491096125
1744749 276.732666254063
1746298 272.25254372010824
1747813 277.3510429995591
1749235 278.7341221580049
1750689 280.3037471765293
1752118 280.16315386382354
1753533 280.6800159103909
1754948 278.97164439638385
1756322 283.59096041552414
1757686 281.4330148698709
1757751 -108.47073372169088
1759190 277.93082205664444
1760045 53.91770612827031
1761460 280.87058598666044
1762910 277.3454233400249
1764351 279.5383073816227
1765700 282.87148885194574
1767118 281.9491165986271
1768540 281.2671334890015
1769946 280.010093000257
1771372 278.5197282092012
1772730 281.77688907423897
1774213 274.8066305656645
1775615 279.7506683092188
1777062 277.9406885378334
1777161 -114.26101628763477
1778633 276.7226877317758
1780121 277.3903845411754
1781528 279.7077421528025
1782909 282.0372594473106
1784305 278.4115852715242
1784377 -110.33370720382096
1785812 279.77204425183317
1787278 278.33360918983925
1788702 281.13520804049875
1790207 275.6538466164112
1791626 281.072673129865
1793017 280.7933706151648
1794379 285.7191006645287
1795784 280.11776874499645
1795870 -116.04281958125097
1797298 280.5368550966519
1798673 280.5456124670962
1800137 272.91134112573525
1801558 280.6827185104892
1802990 280.24133016867245
1804440 277.33340063025764
1805815 283.48892274979187
1807228 276.51731012008963
1808715 277.99068369197556
1810163 276.9318008477519
1811589 280.1757712305012
1812948 285.1779333324483
1814335 280.28046418042845
1815739 280.8862790643377
1817181 278.8459420035891
1818555 284.78377043513666
1819971 280.501659084385
1821328 282.7055087144434
1822698 284.6988562645085
1824085 283.5279780836603
1825503 281.84689845596876
1826863 285.04754755758165
1828272 279.67579996540564
1829691 282.0542982720577
1831073 283.2190305471649
1832523 277.805016951916
1834011 274.482719305459
1835489 277.2722529767335
1836881 281.3045215543127
1838271 283.32610360561995
1839700 280.88584351799284
1841048 282.741977953189
1842511 279.2253556124624
1843915 279.7762156837364
1845326 281.022800999304
1846725 281.093709924399
1848113 281.44249111983225
1849498 282.7076792399376
1850898 281.093797416351
1852235 284.1703921390739
1853598 283.58154178472915
1855001 283.13427844931186
1856441 277.1462855042285
1857896 278.078280272511
1859341 278.0284087320104
1860793 279.73579348419554
1862191 280.2746972668527
1863578 283.32971073007263
1864924 284.5420866549614
1866346 280.5888431552432
1867731 283.7721306303737
1869138 282.38837964163315
1870536 281.86840178903964
1871902 283.1116166754827
1873294 281.8432561553536
1874690 279.45107430346775
1876153 275.6475425682044
1877512 150.30343772741782
1878925 278.42475400988894
1880315 281.5588751501676
1881765 280.21621552298615
1883161 284.0611669914909
1884569 278.9440449455519
1885924 281.71669349958466
1887328 280.13729307457953
1888695 285.2330601772529
1890078 280.69459649243385
1891532 277.71442615250766
1892917 283.31141560359225
1894301 281.7281967476161
1895671 281.50381502856675
1897101 280.9552290677894
1898534 281.73350235607415
1900014 278.50176225247316
1901408 280.7089119638131
1902799 284.0073845919081
1904185 285.12536791546995
1905574 285.51314630843723
1906962 283.09264106136754
1908362 281.82952039647273
1909706 285.1362633725181
1911207 275.40595191080513
1912664 278.59623401598543
1914045 282.2751192157373
1915415 285.2432093041289
1916792 282.3826448766949
1918178 285.1413721368688
1919271 38.46360151845727
1920618 285.66101190584396
1922044 282.02352003494684
1923447 283.0546472179406
1924814 285.48382468006946
1926289 279.7592967621963
1927685 282.9092612451769
1929137 280.12180936133245
1930535 280.5349073894395
1931974 278.9601035908106
1933526 275.3151946456605
1935053 271.3301876923121
1936475 281.8932230752494
1937936 276.90918254637415
1938621 14.69376411696392
1940089 279.2685347040127
1941529 279.4038030587186
1942960 278.8363059311973
1944345 283.0829768610057
1945762 281.082473343025
1947130 279.8660352125309
1948507 285.3274013921737
1949912 282.4787266042893
1951317 283.1263240827139
1952727 281.35103224806204
1954145 278.2035625381256
1955556 279.3592571509828
1956975 283.32407191637384
1958386 281.4401783986747
1959847 280.09998252645227
1961283 282.23753984365794
1962679 284.36071137976893
1964110 277.92266980763384
1965509 281.87200225871237
1966950 278.62435634306354
1968349 284.07209986584303
1969754 282.67375121029573
1971160 281.9041881700624
1972674 277.10874312765173
1974064 284.5104160568626
1975535 277.863155600699
1976954 283.2105168212066
1978460 278.38329866433594
1979877 282.61399064040995
1981307 281.11005252044265
1982732 282.4561436243109
1984144 283.90611301491447
1985662 277.45978303409606
1987058 281.0421402188815
1988526 277.54027771678403
1989982 279.09020720472853
1991386 282.25219490347837
1992809 277.64836294650297
1994265 278.6689196192087
1995693 279.6115542088492
1996120 -77.49377492764101
1997606 272.8225155343495
1999054 278.7993218466641
2000460 284.05820414980326
2001933 278.85494949742
2003353 277.3778331823268
2004897 272.83889010834054
2006318 280.56667494013965
2007766 280.953386790911
2009308 273.39057745572933
2010745 282.79049151897283
2012242 277.7759289578616
2012567 -63.56886317583421
2014010 282.0888086919612
2015391 283.23117466897827
2016841 279.711205995608
2018327 279.231816097824
2019808 277.6935500325315
2020745 61.688058596481795
2022189 278.69930758413557
2023621 283.0868257660348
2025096 279.16774587273784
2026564 280.1078519548866
2028001 280.0975735166896
2029450 280.1299153606582
2030854 285.0208725810603
2032245 285.6438563930594
2033658 280.88261946819557
2035015 283.3698294441481
2036497 274.2095635644074
2037873 281.8513873448031
2038918 75.90814190227911
2040340 282.2024651446737
2041782 279.46074556845525
2043264 276.80406210407887
2044625 284.37505039856
2046033 282.2217269418384
2047393 284.7015832927953
2048806 281.74403181721436
2050235 282.7603334084611
2051753 276.4949389607479
2053228 277.6464324359772
2054688 279.18390066116285
2055867 108.18243024918243
2057221 286.6054022447189
2058580 287.2257225875219
2060014 282.36588398197966
2061474 280.89542582515725
2062903 280.61065347900893
2064322 282.5648129438836
2065713 285.4731650168545
2067062 286.75932429306806
2068527 281.93741339680344
2068729 -83.20681497577144
2070141 285.1291405493328
2071564 283.2544577146183
2073089 277.9593084332027
2074528 282.6795996753838
2075907 286.3105722158527
2077306 285.50705803238486
2078694 287.3616257175772
2080111 281.87336389804125
2081556 281.4882931987645
2082980 278.9060166500489
2084401 281.8042256655507
2085884 280.2818632936281
2087307 283.7544692117515
2088737 281.9857273985764
2090188 281.19392907026264
2091544 287.3342561465979
2092937 285.2211750582507
2094333 285.052552003241
2095706 284.92440438125215
2097176 279.5956867486887
2098570 284.52360138677335
2099954 287.7618986473187
2101353 281.4277227698326
2102756 283.2303525159092
2104196 281.0554569460145
2105562 286.3539593975557
2107061 277.5251458181804
2108480 281.4521994558605
2108542 -108.89067190896596
2109960 284.29365533980877
2111382 281.3348243005192
2112715 289.30377395594104
2114080 286.24751875905025
2115478 285.6882117184566
2116842 287.468029443522
2118265 283.6884062408844
2119668 281.59686450406235
2121112 281.80039605289517
2122544 284.0562522110624
2123938 284.18410503320496
2125374 283.84941431162184
2126728 287.78173740185173
2128206 280.5271939011773
2129671 281.71550787530384
2131071 284.22354659373826
2132478 283.52890296736274
2133903 283.561342450737
2135301 284.4541379883332
2136688 283.720687521878
2138106 283.4940716166442
2139521 283.8595756344671
2140920 287.01924617694766
2142366 282.24363153130355
2143840 276.62849355596694
2145238 287.30315343952384
2146643 284.24632382679044
2148071 282.12907194576246
2149476 284.62987211973865
2149544 -113.36795839916978
2150902 285.34010061047223
2152289 288.132980328567
2153414 80.99374456587105
2154790 286.4905889847977
2156204 284.8171427469079
2157630 283.4817118702145
2159093 277.8095561100083
2160593 281.48685576548695
2160657 -111.89376055775769
2162085 282.59279148533216
2163519 284.538824926569
2164920 282.88775891928185
2166316 284.92088530995943
2167728 285.33808762442516
2169156 286.3993287240877
2170542 287.19193905266053
2171974 283.766882105358
2173336 285.94429202464164
2173405 -116.15366871348581
2174783 286.57763603898775
2176234 282.02695316169314
2177697 281.05805257735847
2179148 279.8067640600918
2180555 284.43136988193095
2181979 283.66719930835325
2183433 280.0523896244687
2184806 288.3668686826285
2186163 286.81701027871696
2187582 285.6021674588153
2188991 286.09526729186484
2190349 287.0532429885805
2191825 278.51688902443664
2193245 283.9525769446745
2194695 280.33749518895155
2196145 283.73205155957066
2197504 288.6753334949534
2198902 284.99254179547154
2200301 285.7433348275081
2201744 280.9132063481738
2203123 285.24375546608627
2204524 286.7030054266495
2205952 282.1161168294823
2207353 283.5946982712388
2208741 287.08743160601574
2208792 -110.22624115313776
2210272 279.613517388108
2211692 284.3823947134777
2213122 283.0683967629241
2214586 283.1866725587991
2216042 282.6142144115964
2217481 284.7678758057013
2218873 283.28080820933536
2220254 284.50050354482465
2220373 -122.36984918101007
2221837 280.4684851610818
2223211 288.51288518311924
2224590 285.2068869196124
2226011 285.1148732468578
2227492 280.4638721434787
2228941 283.65022889148537
2230393 282.67589026313266
2230476 -118.30455528906298
2231863 285.4596857411211
2231914 -107.51990382858614
2233380 279.89929861827545
2234804 285.31641794806376
2236278 280.0513014145109
2237661 286.55147255656937
2237743 -118.28773058952888
2239145 284.33054270217804
2240538 284.51706036771475
2241987 283.3733688501225
2243423 284.20629606935347
2244900 280.6518010907584
2246361 281.77224287773316
2247803 281.9539773905099
2249243 281.70066974705634
2250629 282.4538890880981
2252096 280.7551835679515
2253583 279.16587220415397
2254981 283.5859853761064
2256468 281.0688993852371
2257931 282.9650508423995
2259326 286.81315573953736
2260793 281.47519498203553
2262286 278.44544191282716
2263713 281.8993808791724
2265109 282.6140019123349
2266473 283.8326913907867
2267912 279.15245618380027
2269391 278.41566667811645
2270781 286.2116234664412
2272162 286.64015852597674
2273384 98.45683001425309
2274801 281.5534159142
2276263 281.64300687659335
2277689 281.8274514160169
2279091 286.4476720851445
2280545 280.7289751569914
2282048 278.90775367576157
2283542 277.183646957591
2284966 281.70764947787666
2286387 283.7801335702637
2287820 280.17549945612745
2289282 278.6092931323113
2290785 277.602994412224
2292200 283.447655594724
2293659 281.56222392567804
2295070 281.4560107072696
2296530 279.1138465042956
2297959 282.8457170534987
2299355 282.55707806017966
2300740 282.38509448423696
2302127 283.46488626235737
2303580 282.71601268700414
2304984 285.38999591041284
2306467 279.43615140944456
2307940 281.20066305855715
2309362 281.2706607481253
2310789 282.0125290640234
2312140 286.13399101206915
2313588 280.3209199249049
2315060 281.68276568230044
2316573 279.5922212247928
2317983 284.24184113683805
2319376 285.6007508922493
2320761 283.98055322575595
2322174 282.02467279776243
2323587 281.985718720766
2325066 281.0654996506423
2325844 3.9880600437053317
2327215 283.2441943872695
2328567 285.93611390293705
2329966 286.38765150086556
2331403 280.8301484727977
2332826 283.7348190832205
2334205 285.8384316306481
2335633 279.13047135836115
2337048 283.84699194396256
2338442 284.02105710564393
2339874 281.595136046344
2341396 275.26771520680416
2342743 286.37116230921345
2344211 279.10188681897966
2345588 286.4039046487032
2347018 282.50170400531306
2348424 282.36096299635466
2349844 282.27259327017686
2351245 281.0059194432084
2352719 280.4593311093679
2354145 277.4740418331881
2355556 281.46885226387764
2357009 279.33179046137207
2358388 284.30679497372864
2359789 282.8775706463059
2361186 282.20175848104424
2362593 283.67877872012934
2364006 282.4606423198835
2365445 280.25571075288207
2366914 278.1856677676065
2368400 276.18033435625506
2369849 279.7226982343161
2371222 284.2842706579962
2372194 54.1850623986615
2373560 285.20480205795144
2375014 278.0077559791707
2376455 281.97339623145143
2377897 283.02600171808115
2379323 280.8950154382952
2380733 284.4908060245812
2380795 -108.68431514306926
2382265 281.2500991999723
2383686 284.07476486440163
2385125 282.7677845020624
2386563 279.92842717727063
2387921 284.9115315042758
2388447 -34.46652181845535
2389841 281.1241759316053
2389947 -119.89547481017497
2391405 281.57007252283506
2392812 282.2247091126313
2394220 281.53536860250745
2395669 281.9757325762382
2397100 281.79178914698736
2398475 286.9392928903383
2399868 282.7630322032845
2401260 286.2424882918852
2402672 283.08937873051025
2404063 283.5709463580519
2405396 288.71935122629264
2406773 284.37908672404836
2408229 279.72599783050873
2409592 287.5982613273487
2411036 283.4569849629035
2412449 283.3769722659787
2413820 286.4553384083061
2415274 280.48347873189084
2416708 282.00027133434156
2418090 281.91401152365
2419495 285.0269490182791
2420854 287.13890037155244
2422298 281.80659723730054
2423681 284.2959446667245
2425061 285.42062108482685
2426426 283.23030407204897
2427811 283.73444591723126
2429209 285.5874866296046
2430606 281.4701673183438
2432070 278.6569101538169
2433466 282.97774396317817
2434894 281.18956447025124
2436265 283.37267992023516
2437653 284.179219873704
2439073 283.28970243052254
2440452 282.47207043081994
2441809 288.61749702024235
2443205 282.9951848505111
2444574 286.0239935272964
2445966 282.00479961969256
2447443 280.4210140226036
2448856 283.4024608039337
2450214 286.73264391520513
2451658 280.03085216029376
2451764 -118.99070629825007
2453150 284.59481260584664
2454533 283.78011600966744
2455974 283.856458551647
2457357 283.4303615208639
2458887 276.7828918526966
2460315 281.92127911748827
2461788 278.0676782999088
2463228 283.5542239055342
2464672 281.32086705057685
2464730 -111.7036005354058
2466176 279.58940697000446
2467555 283.8993762977758
2468943 283.66956722368883
2470307 286.5087521412203
2471726 284.42301524050976
2473103 284.7974821931843
2473432 -63.673738274957984
2474880 280.73766262887017
2476283 284.18596141583566
2477693 282.7746695419037
2479086 283.27697281901817
2480481 282.51174200725603
2481865 284.48065726371544
2483270 285.10839166119337
2484692 284.4562108180018
2486170 280.88835473460625
2487554 282.738079395079
2488973 282.6424193912477
2490350 284.96131559916995
2491731 285.411235038377
2493131 285.207765226639
2494494 282.79962997241785
2495922 283.05428677497923
2497330 284.2442643722587
2498776 283.4449399651101
2500148 285.46128086275695
2501649 275.9554911200489
2503081 283.6026785617336
2504531 277.5933138630836
2505947 284.3998835530953
2507364 283.96567496947563
2508735 283.1584765784237
2510095 288.24000870167396
2511578 279.5681504158224
2512972 283.0149198862991
2514433 279.28524451752565
2515851 282.01730208507297
2517234 286.64798909879863
2518619 285.08075435245473
2520048 284.83126088626557
2521489 283.1924643727462
2522861 283.73994394344516
2524249 285.5145083071242
2525626 285.2308819311464
2527053 280.5663603482882
2528414 285.4240665266492
2529857 281.51909580157565
2531283 282.82560198734143
2532665 284.8058835041009
2534103 280.42166794462065
2535533 284.5656081901528
2536951 284.37011596896826
2538488 277.9190420358742
2539973 280.3804452471041
2541392 282.4257892996761
2541477 -111.63261835742495
2542835 288.6490163466626
2544223 285.409003397083
2545611 286.5487404989296
2547027 285.24227735796114
2548444 282.0312281354266
2549856 281.8212501577265
2551242 284.71066816053326
2552661 283.041868803894
2554066 283.09194927593165
2555466 284.97592563615865
2556959 279.4138803093453
2558389 280.9660143362475
2559815 284.17649657067255
2561195 283.59172821407145
2562597 285.05777138465385
2564031 282.2524274053263
2565443 285.3488394606742
2566890 284.49951963699334
2567591 6.229335701436881
2568986 286.63871456690634
2570407 284.1962946480968
2571796 287.21506636271494
2573195 285.6909965617254
2574628 283.47652624977763
2575959 291.43334708733835
2577359 287.2101815891741
2578770 287.35606735164805
2580256 278.6315948626375
2581710 283.10810757596613
2583151 283.5986969753237
2584521 287.62420075505037
2585947 285.5410118012382
2587307 286.1669291114742
2588725 283.68073788804156
2590084 288.4064275925272
2591495 286.88175628189435
2592877 286.15996738683975
2594253 287.4797164296863
2595663 284.21768976503546
2597006 291.861394951901
2598350 287.6061515970163
2599837 280.88237885740324
2601276 283.5170988715695
2602709 284.7284911579175
2604122 285.9752814552102
2605514 284.58169090647897
2606814 290.74973345184134
2608182 289.2261711519225
2609602 284.31357936354686
2611031 286.14792503059886
2612407 285.87026395016915
2613819 280.9227006987571
2615199 286.02458456190794
2616564 287.359279490098
2617910 286.95151793377755
2619245 289.8300057368767
2620585 287.2751584010789
2621967 285.4005048886572
2623390 282.2462307800244
2624744 288.45378425479583
2626126 284.9388779019834
2627608 280.75915297496437
2629002 287.29763621651273
2630337 289.0499731214351
2630399 -112.49219594036602
2630486 -119.00832014269258
2631867 285.2371428307468
2633275 283.21221477435824
2634664 286.17743068202685
2636098 280.3029538328264
2637467 284.3591053256354
2638846 288.64368406062624
2640203 286.6264366480762
2641568 285.90785170081296
2642927 286.1338640566371
2644361 284.3105786394733
2645766 284.9901287832984
2647180 284.5287143906061
2648568 285.0854437177101
2649946 288.6975231194991
2651359 282.5284820200647
2652746 285.4385362292715
2654096 289.1463168652157
2655594 278.8917321868839
2656958 286.823723553873
2658374 285.6360964992174
2659740 288.7827050403106
2661162 282.24732344316766
2662553 284.61674384653713
2663984 281.84003439759647
2665455 278.7958681316619
2666838 287.5139960427928
2668229 286.3532218323972
2669701 280.6057254152444
2671094 284.707833275432
2672442 289.21912499200505
2673828 285.00187099636605
2675201 285.19070573136827
2676774 275.46752277799897
2678153 285.265822336218
2679544 284.82200174980767
2680978 281.81595479633154
2682319 286.5802103967751
2683699 285.97562529194533
2685165 279.31424359876576
2686582 283.3448803910889
2688045 279.81031561338045
2689439 283.7905174714421
2690834 286.1220955163393
2692262 283.1429534304933
2693628 286.99951169832366
2695055 282.8485659613193
2696364 136.71359955291453
2697771 284.2450401069016
2699167 282.29880086401386
2700588 280.6379321078484
2701971 285.4158572442271
2703485 277.56977085131615
2704897 285.4332748976688
2706317 282.1780787977338
2707741 284.54769094875974
2709131 283.09730477682535
2710573 281.2138054325677
2712024 282.9040088948466
2713458 284.20871046429346
2714867 282.4635907546588
2716241 287.3528933872899
2717655 283.9577862684451
2719082 281.84271325071404
2720489 283.2194050732289
2721852 287.40589364191317
2723284 283.7371913594254
2724679 284.6475977901446
2726103 282.90133963310006
2727510 286.6208562662904
2728952 280.7648355468334
2730322 287.9825348521729
2731744 281.9526353483669
2733185 283.3003190981469
2734588 284.71442329364316
2736012 283.43829760334484
2737379 284.5085274345634
2738739 288.68455303001315
2740136 282.1058451740939
2741501 286.4925977980589
2742878 284.40005097206244
2742963 -116.53095650382092
2744390 282.2616600644505
2745734 290.1792953373344
2747214 281.96629591862944
2748632 283.06786808062566
2750049 282.1503423157062
2751417 284.23876619947856
2752749 287.96953989964953
2754183 284.9977679839013
2755541 286.19612921667823
2756942 284.90422072641496
2758352 283.72417287697306
2758497 -117.05063829688169
2759874 287.10377585489994
2761343 282.9058933730057
2762735 286.9467729187077
2764101 287.33539671353236
2765512 285.9625852927025
2766847 287.0170713233966
2768303 282.7210785409283
2769730 282.0208532972505
2771211 279.91999581688975
2772600 284.329673360297
2773999 287.62036018442603
2775405 286.8046198346062
2776774 287.2284858186419
2778204 285.49748192823074
2779703 280.30687274192985
2781120 283.8010506227481
2782501 285.1273457086257
2783896 286.6443776461015
2785349 281.8547768119084
2786800 281.80448527796625
2788258 280.6145900001221
2789669 284.9498115452405
2791023 288.2883181057987
2792444 284.11745546515067
2793832 286.2717141297374
2795197 289.78428409549844
2796603 284.124272877941
2798024 281.87619074786835
2798107 -115.73586884273341
2799461 288.0259720304493
2800832 287.11888968357476
2802232 285.70673899565895
2803676 283.85303488791055
2805114 282.4603526695687
2806533 285.51683766585643
2807912 284.810385964774
2809307 285.46174302048917
2810744 282.7590751240766
2812160 283.79557475308195
2813532 286.1826931199825
2814980 280.85721795891953
2815046 -109.04317569208021
2816422 287.4230706713542
2817778 289.3024295098957
2819113 288.76629121011206
2820536 287.4801824159684
2821951 283.86065036066304
2823359 287.8431492112236
2824775 285.31832666138666
2826135 287.51448559257943
2827543 284.5369518944736
2828954 286.13633818861183
2830382 284.5116840561707
2831767 287.19434642780266
2833157 285.20478178934314
2834504 290.9099629171189
2835876 287.8032234494225
2837220 287.9276037129418
2838563 291.0217093683243
2839959 284.1181016476224
2841320 288.17123849498313
2842709 285.49592386504696
2844114 284.4067530965592
2845486 288.3413189685582
2846871 286.36000939718883
2848254 289.05431402707404
2849614 286.9955112882267
2851040 285.96598656066186
2852415 286.37789745623957
2853787 288.537361672643
2855163 284.8085077764292
2856572 284.159177831739
2857952 286.5679370945768
2859335 285.46101969493316
2860694 288.77094912462815
2862084 283.5320397764369
2863485 285.12511700354366
2864206 18.57382221783145
2865583 284.9916888568848
2867045 280.1174594208667
2868418 287.6096680834463
2869770 289.5060508091168
2871130 289.18821921600886
2872551 285.1590801853961
2873942 286.8797735027445
2875340 285.83257065190185
2876765 286.0798100523271
2878130 289.80498308497323
2879497 287.87015848896453
2880872 286.2754714903795
2882316 284.2025075948106
2883718 284.4735701697784
2885100 289.33268894028237
2886549 282.9429439681699
2887905 286.51156028023405
2889319 284.56448298140504
2890700 289.4031748219649
2892166 281.97329658558345
2893567 286.58970491782776
2894962 288.4839341634054
2896317 286.09661777625905
2897519 136.64794273384786
2898946 284.35032438316534
2900361 284.8671654750605
2901712 289.140529822919
2903054 289.65561892871415
2904571 277.71149070592236
2905943 286.44603931171224
2907300 290.6609980481655
2908616 290.75240727304384
2909966 289.9999807646151
2911336 289.1972995305164
2912744 286.5905813953774
2912806 -110.02733625034492
2914297 280.95485258072955
2915663 288.1995818426472
2915726 -109.66606104069794
2917166 282.48757181040895
2918571 284.78075973673157
2919923 290.7099859173497
2921314 282.88150743509294
2922739 286.7245635581989
2924125 289.4862514908307
2925499 289.7366182321594
2926901 283.662006956084
2928332 283.792912865263
2929752 283.68366075184053
2931154 285.624853922494
2932538 289.1315358741552
2933920 288.6289073951332
2935285 286.45028286787004
2936675 287.4824061308877
2938091 286.72580235057495
2939564 279.32658363228745
2940945 286.53118786308005
2942289 291.0959798700817
2943689 285.22918146248
2945098 286.8367080930308
2946251 104.57707660365776
2947633 288.2642146000591
2949026 284.12888306837533
2950417 287.59249172839833
2951853 286.3642680697473
2953227 286.1000465334491
2954633 284.817089939955
2955992 288.65053686403525
2957353 287.628724919458
2958774 286.18952294526827
2960182 285.6713280304968
2960359 -97.34409028454311
2961749 287.90827572904004
2963126 287.8907521771053
2964454 289.47055796366203
2965881 284.0189250680947
2967224 289.3418386045949
2968592 290.2644926416514
2969916 287.86904013610035
2971317 286.2747109944723
2972722 286.40624402723785
2974082 289.13596769820236
2975474 286.7222912811844
2976851 289.25039599539616
2978220 285.3461699115911
2979577 286.4843488417508
2981074 279.3522574887905
2982473 285.78874848616806
2983848 286.5368357879207
2985232 286.32068629738046
2986658 286.6200883071959
2988050 285.7045515594777
2989439 286.9873329854529
2990812 289.0746739042677
2992198 287.6837214163253
2993589 288.1224315579121
2994996 286.5618082895282
2996366 284.272707521597
2997762 287.33668834367427
2999209 283.575970078778
3000577 288.0977515839097
