# Ant
w:  [0.06123117 0.07962489 0.11914389 0.18561902 0.02984945 0.02319624
 0.06083527 0.04691336 0.12838689 0.01177772]  top:  [3 8 2 1 0]
c:  [0.06123117 0.07962489 0.11914389 0.18561902 0.02984945 0.02319624
 0.06083527 0.04691336 0.12838689 0.01177772]  top:  [1 7 0 9 4]

# Hopper
w:  [0.10179343 0.06070596 0.04400624 0.05401086 0.33641324 0.06304116
 0.02854185 0.00604454 0.04010007 0.06900292]  top:  [4 0 9 5 1]
c:  [0.10179343 0.06070596 0.04400624 0.05401086 0.33641324 0.06304116
 0.02854185 0.00604454 0.04010007 0.06900292]  top:  [7 3 8 9 0]
