# reward.txt contains number of transitions:cumulative reward
1600 -110.49622497519688
1697 -100.77322113642562
1741 -106.29178922860139
3341 -111.895021209431
3404 -113.32245040998794
3482 -115.89998796193177
3528 -109.36900807911903
3575 -106.8398121187631
3636 -114.01984189294154
5236 -105.75190497432337
5728 -150.77908136135125
7328 -110.4335944149033
7397 -109.20612666185511
7456 -104.395730745305
7555 -119.69312547479197
7621 -116.26025261962663
7707 -102.80528767606057
7848 -118.50359600707765
7965 -99.87620962076076
9565 -101.18804368977764
9651 -101.68268683925706
9722 -100.85339156262887
11322 -125.0999317326582
12922 -102.81115720707045
13000 -102.28546389788389
13057 -107.7588184106235
13116 -108.12411936922061
14716 -117.74546951017012
14775 -113.56629663858315
14854 -117.45554646289412
14911 -116.4469384106497
14990 -99.16712919302036
15095 -116.99441863756937
15160 -102.93073979206756
15208 -114.10321000741422
16808 -104.4028963143146
16868 -106.59327997847585
16945 -103.19175043081988
17186 -138.58439671619857
17276 -119.18225481376673
17393 -124.03502596820022
18993 -85.48108906554441
19046 -107.82871470641408
19115 -107.73238893598318
20715 -124.25779727376461
20778 -112.45382408535977
22378 -95.71438748902148
23978 -74.67147876847143
25578 -93.5805547091998
25636 -118.11597979848707
27236 -78.45855806166048
27306 -106.92989868745332
27369 -107.70289528185921
27460 -122.24887531210916
27549 -114.37238482946842
29149 -123.96759026997948
29217 -114.72457161819563
29334 -101.76328073691329
29400 -104.27400967451496
29567 -108.42732447543182
29647 -120.73608651668516
31247 -83.14905109241487
31295 -109.4506596879568
31371 -105.56469530036051
31494 -107.14700152921242
33094 -80.55808562045165
33172 -106.3514835365129
34772 -81.46825951075625
34865 -107.92909284046355
36465 -94.99199684280285
36523 -103.66369678056489
38123 -86.80440733923919
38256 -100.55330607380283
39856 -87.62925136161422
40065 -104.81889828462836
40117 -114.13052795153732
40188 -106.52520906568132
40258 -103.03194350469857
40350 -103.43276155731951
41950 -75.98219959669875
43550 -88.37153556880357
45150 -78.22828277893163
45209 -105.93656321325463
45270 -100.14268465286058
46870 -94.75091362376318
48470 -86.21769755936418
48520 -111.31944763435733
50120 -89.05400977831327
51720 -85.06044377276781
51825 -108.96939894830746
53425 -84.99106958699659
53474 -110.66190427092587
55074 -83.37055919960557
56674 -79.1643635122498
58274 -73.84842868442455
59874 -69.48993509655143
59924 -108.05533551184399
61524 -76.31658867406283
61590 -107.13056579214893
61638 -109.91007427828013
61684 -113.14904924306273
63284 -63.463982271697354
63340 -111.89872782738507
63400 -113.0472577864776
65000 -74.52942924292763
66600 -59.92154789662433
66652 -111.75618350165213
68252 -78.36750505035783
69852 -64.63652442800307
71452 -79.99279667838836
73052 -68.93929973233917
74652 -68.38213108138815
74719 -108.20597111552767
76319 -70.98770973187256
77919 -62.09008941566264
79519 -95.84056284926261
81119 -65.4288970290242
82719 -56.588666881240925
84319 -70.64540003349258
84367 -110.72364455237239
84487 -107.66896603149549
86087 -62.78131777874133
87687 -58.30617302986921
87743 -101.49084505672877
87802 -102.44112577017025
87868 -106.333198924991
89468 -75.53422308934236
89546 -109.0463857008877
91146 -69.16124071519512
91730 -137.36374743209905
93330 -58.806520608284195
93406 -106.93399041295734
95006 -68.76324462152583
96606 -61.333706108552036
96688 -101.37796664320182
98288 -59.56791146712322
99888 -62.81759111036416
99959 -105.62436522442412
101559 -62.326149989257914
101616 -115.89895713674774
103216 -58.65383398772588
104816 -56.53315469128519
106416 -54.346559051999826
108016 -63.048307441049495
108072 -114.8955088343341
109672 -56.63913723087991
109748 -123.15330290078062
111348 -55.573860249710584
112948 -58.17873236061633
113015 -106.58692188821422
113078 -109.08461315695445
114678 -57.48218715836364
116278 -64.32944877495177
117878 -55.32306438314968
119478 -52.10601057674986
121078 -51.558583497507485
122678 -56.14402779738107
124278 -59.03120961152518
125878 -64.90187325472083
127478 -54.22766056721723
129078 -63.089363247814866
130678 -48.251440960207944
132278 -53.65529742261026
133878 -49.89275044641518
133959 -106.8948462060721
134016 -114.77285613670821
135616 -49.370419326459256
137216 -56.517832584015345
138816 -55.0315354107531
140416 -53.95630440530063
142016 -48.02889035674377
143616 -51.66002727300051
145216 -46.894469757549494
146816 -56.20372669189991
148416 -61.816567886783126
150016 -49.53243651725162
151616 -47.70064081899581
153216 -40.316436695410935
154816 -55.38191908327801
156416 -39.89507883826961
158016 -44.310674337796264
159616 -34.65190243836426
161216 -31.28006033307818
162816 -34.37599345535539
164416 -36.05600562234339
166016 -36.37740601218237
167616 -30.074175695355947
169216 -29.621056644042373
170816 -34.50042496941616
172416 -29.16064617250608
174016 -26.558769605408738
175616 -10.095554243693757
177216 -20.771875772156424
178816 -13.118975006261236
178893 -104.66962584924325
180493 -16.241310621110433
182093 -31.66260928800206
183151 -123.5781872935121
183230 -104.44643958696784
184830 -19.851580917318657
186430 -23.062737764171676
188030 -24.125765014428
189630 -8.43042505835678
191230 -1.6459481017089632
192830 -8.981530403605985
194430 -6.0162954620855675
196030 -7.155774704033812
197630 -4.108823389603451
197699 -103.0974492051738
198805 -110.67263469742052
200405 4.155805736324447
202005 -15.833074675052732
203605 -5.516452884485332
205205 3.441911359688874
206805 -8.556975723981234
207227 -110.97435236524356
208827 -2.51594717425171
210427 -9.297723765468849
212027 10.28219825060664
213627 6.0951531087849204
215227 2.740115074388683
216827 0.09253767246379616
218427 9.649342216480207
220027 2.3526620209912377
221627 18.06394375484963
223227 7.993085233539947
223310 -113.4935754721618
224856 -97.729891810519
226456 21.90731161970336
228056 15.222102041886512
229656 18.459910099930433
231256 29.029929429464044
232856 32.02600253158308
234456 23.378061419372763
236056 23.4578854926651
237656 32.0310376960958
239256 27.52623620944352
240856 23.924270546147348
242456 40.62743874599353
244056 30.85936757917576
245656 39.8354454548874
247256 41.77270328411827
248856 34.75695552774768
250456 53.73670980379171
252056 53.18618064634755
253656 51.375612417277026
253797 -99.93204774085494
255397 56.04409466521248
256997 55.30544508014439
258597 61.35169760645243
260197 44.18692653519348
261797 66.84241415428502
263397 49.69645507067269
264997 59.78153479247724
266597 68.62346562747538
268197 42.178864824998534
269797 62.03488427496643
271397 68.75725927783577
272997 66.7186536700527
274597 68.92885233063004
276197 86.97647873072938
277797 68.73040380089104
279397 68.23787140012286
280997 56.00668585406546
282597 71.38063119278355
282665 -106.38167969130724
284265 67.16276248670606
285865 74.92527637337223
287465 69.80039717823
289065 78.16327971538969
289780 -70.28055845781167
291380 95.77966859171356
292980 75.55770329082134
294580 88.90212901636265
296180 95.26737364109225
297780 94.84655729159213
299380 70.80218173565152
300980 92.18554133414355
302580 82.53961857390091
304180 119.45207338533923
305780 92.6553229361059
307380 91.05333738491242
308980 109.92165879277198
310580 102.5979589318528
312180 96.74636735336257
312266 -108.0019466780598
313866 85.36514532490929
315466 103.60339798775442
317066 105.39125578662637
318666 116.96824231930508
320266 129.66316682308155
321866 139.01149344180084
321988 -99.11339094596418
323588 113.24711239954223
325188 104.37530186768076
326788 131.84873336880972
328208 3.477957131351701
329808 124.56160534487152
331408 130.91600925590657
333008 134.52894481803742
334608 113.29199370381542
334703 -120.67179245807665
336303 127.75231714139446
336394 -111.95151577172801
337575 -7.496138442913065
339175 132.33888576636969
340775 137.20285258352834
342375 145.23258583102168
343975 138.69941751318328
344103 -133.36748627336883
345703 147.7943939852338
347303 114.70379590539966
348903 146.99643215191097
350503 144.0535524067548
352103 148.1374046699862
353703 144.33684157458922
355303 160.61014139285624
356903 147.18062999810348
358503 121.26939203376931
359327 -28.951244986074727
360927 161.90659339797213
362527 144.81775183516675
364127 164.91028552785468
365727 121.2373339316827
367327 134.9940915637791
368927 162.6914318340313
370015 -5.205803089014495
371615 140.0585889921811
373215 139.48683264439325
374815 170.94333709182348
376415 167.09441935224453
378015 161.79964622256765
378091 -107.75645916970944
379691 173.7067682810232
381291 166.3812348166463
382397 -0.7654860252789177
383997 147.32037811882677
385597 168.80409231365823
387197 159.74472108894275
388797 160.5990447818077
390397 166.9056133164464
391997 166.82991795145242
393597 162.4800439784077
395197 178.29428400422267
396797 160.06188495104146
398397 151.88296466587434
399997 178.5142554829979
401597 169.97468809002336
403197 132.96032521764306
404797 180.00637121349288
406205 36.23676089385944
407805 133.18355205325906
407936 -106.7122911580472
409536 177.6669066927807
410961 44.96521237722078
412561 168.9212545265021
414161 161.71974888165695
415761 177.78949640961454
417054 30.937791894792326
418654 181.38232377781773
419244 -51.127117366464205
420844 165.39402797555627
420901 -112.50024660373293
422501 174.660353953613
422650 -132.91616233595585
422866 -91.63900150199049
424466 160.71174273048544
425406 -12.920740180740012
427006 167.66429443224348
428606 163.18146652168514
430206 147.61336518288076
430276 -125.99623617966846
431876 177.2660180759647
433476 167.23091099311887
435076 174.05129989556968
436676 176.89698109611314
438276 183.45513824773826
439876 188.070659985973
441476 175.1042216487528
443076 159.94815512629856
443231 -100.73734383924368
444831 173.7798557064217
446431 171.65548461226328
447904 65.07645005369238
449504 177.22763639559955
451104 185.29114922882835
452704 190.66098490795733
454304 192.16731122322514
455904 182.75451273573196
456128 -87.71966655735112
457728 178.00399295491675
459328 179.16054750799123
460928 178.9568480290277
461273 -76.78403385386925
462873 171.2064405928707
464473 190.30560426944828
465526 -19.49234124377419
467126 179.6987465841887
