# reward.txt contains number of transitions:cumulative reward
76 -125.42321746703517
241 -102.10881471713382
417 -122.38516181303561
462 -111.08851179580638
2062 -111.50396774422862
2136 -115.09110750551957
2201 -99.28101652221754
3801 -113.54376421694643
3865 -107.9551066995603
3919 -106.85623247837462
3976 -113.22919057373237
4026 -108.66298230077574
5363 -213.7598808184219
5433 -107.05495489124333
5494 -113.59506181113049
5565 -104.74702285113806
5618 -112.01757442785116
5673 -114.5359624017952
5814 -107.24498820274883
5891 -119.12153561159347
7491 -115.41520979753753
7548 -105.70305714267158
7606 -102.72880336955811
7724 -109.95065510574231
7798 -103.41732834815048
7886 -113.36184041629545
7948 -112.00709251842461
9548 -99.43120189020468
9647 -100.55491063522113
9852 -133.4114571539272
11452 -116.23240940844072
11509 -112.85256754761748
13080 -229.43009525613053
14680 -120.07688054081252
16280 -132.181998949431
16356 -105.2167550578465
17956 -81.35355923707857
18032 -104.87142050814411
19632 -122.18202293842296
19694 -116.70567086794415
19757 -108.04071699002944
19825 -101.89316982583765
21425 -77.31079561106486
21518 -103.41561561524713
21624 -108.44211336635891
21685 -112.97291708898405
21740 -106.84965108566979
23340 -106.97178846291017
23387 -111.33427294192184
24987 -95.37452094220473
25072 -114.19468253514295
25177 -104.14180595244406
25224 -101.0876002870975
25314 -124.84747035973456
25377 -113.95280133312816
25424 -107.22527986554181
25484 -102.90885858152745
27084 -102.60680052944936
27162 -104.06648421838383
27212 -105.44235843562846
28812 -117.22061287497982
30412 -84.51875134002485
30484 -108.63685873433823
30573 -105.1986169191155
30624 -111.11106822257241
30684 -116.19379615985912
30764 -118.54616332270453
30862 -117.7747536532053
32462 -111.39311015014114
34062 -127.61264018650867
34116 -117.63691761465091
35716 -116.80559122558697
37316 -129.64530391978934
38916 -125.47878516892939
40516 -121.19945979275195
42116 -110.5700208972385
42167 -109.11545273941259
42280 -126.74999869803773
43880 -115.35456455065945
45480 -108.62752989956367
45532 -108.45083221612747
45586 -114.20213351370519
47186 -113.20972396961893
48786 -110.787833311033
50386 -115.5794069751082
51986 -109.3705331428746
53586 -110.49249617106108
55186 -104.82538956120177
55238 -110.77533351204855
56838 -107.39151794517271
58438 -115.07965178284691
60038 -99.74934074467846
60125 -121.17114357984626
61725 -102.35172819532205
63325 -102.26405261736912
64925 -105.89423652811467
66525 -103.33493002340676
68125 -103.42329187777004
68245 -118.18469333588952
69845 -101.36628309929326
69922 -117.79048759494225
69976 -109.79107291777973
71576 -94.18319490282755
73176 -105.06063736718275
73420 -124.00880694277026
75020 -96.27534203358343
75097 -117.3464803204046
75140 -110.2579510575477
75199 -111.59182194089456
75279 -108.547912504924
75380 -120.55811552807937
76980 -108.4149256208475
78580 -98.8486125322754
78646 -108.58748441533464
80246 -95.52607631285807
81846 -93.5924012462969
81904 -105.76213774015133
81960 -107.52867127479551
83560 -102.6207931153709
83609 -110.00940978752698
85209 -109.06964419173488
86809 -92.08593406316133
86883 -117.06919225731679
86959 -111.06869975436386
87046 -102.0087655942527
88646 -98.98051326281401
88742 -121.69357920599481
88809 -108.32000345594373
88881 -106.17819063726502
90481 -100.01644136363161
90546 -107.20188805819613
92146 -97.90226008604063
93746 -100.45963978911432
93876 -124.23734280527506
95476 -93.15443383868899
95521 -109.82285750017812
95582 -115.90551947318266
95651 -113.05186409236738
95756 -114.88111907359026
95821 -111.56965053351969
95933 -111.63248854091546
97533 -101.71082664439295
99133 -99.19336061037131
99332 -106.28279447690521
99388 -113.11588355253575
99446 -113.25453611812492
101046 -89.84431490339274
102646 -89.93241280513276
104246 -102.45493062888632
104297 -114.01829174827971
105897 -94.66438751065795
105950 -113.94402752800968
107550 -95.5886218626847
107603 -111.92962114962377
107669 -117.91031380137987
107860 -113.76059742633873
107924 -118.2024898593581
107978 -110.97201362017977
109578 -97.02778289688719
111178 -92.55014214746258
111263 -106.42794080026324
111311 -105.68999594370462
111377 -106.20646338337288
111474 -110.29475374912874
111520 -110.0885970618042
111582 -111.70992255706464
111696 -105.42631660978743
113296 -95.4932905736527
114896 -95.7948102000608
114952 -109.92605207589082
116552 -94.19998666116197
116616 -116.93506039421199
118216 -89.61228017403754
118282 -107.99068772280712
119882 -88.1279670567033
121482 -91.63905787905622
121551 -100.56745132294856
121624 -105.04978798520068
121692 -111.49500430115872
121754 -111.89743270381292
123354 -89.68212442195654
124954 -90.67882845345528
126554 -93.39523106237218
128154 -96.75639198840041
128216 -111.59018902877345
129816 -89.97071836179813
131416 -87.59816583965468
133016 -92.94082962804475
134616 -96.06180494477289
134669 -110.62734469093941
136269 -88.65529114322351
136363 -102.6746772930889
137963 -87.9733389283052
138013 -109.13616382371448
139613 -86.62882412455542
139679 -110.84037119142462
139736 -103.16067381707703
141336 -88.41440222483502
142936 -89.84597513298785
143035 -108.22309848713192
143089 -107.88243619343577
144689 -93.18447192532062
144752 -106.4089190014638
144812 -115.5053205564407
144902 -118.65982313887092
146502 -93.09794025882836
146566 -115.67461848504095
146650 -109.56095072152931
148250 -96.87744834053818
149850 -87.33950991636895
149944 -111.63141439626739
150029 -108.2973110928703
150143 -123.23937540394812
151743 -81.66591264878954
151809 -113.65915748755013
153409 -86.88987572430315
155009 -88.93289916409566
155061 -112.88001220518599
156661 -94.63212456085412
158261 -89.9009163139592
159861 -95.31416664799701
159910 -115.59336842131428
159978 -103.09621311878227
161578 -93.93146628234543
163178 -92.58586659216182
164778 -88.51019405073544
164860 -101.10527257447814
164941 -117.56257575673983
166541 -92.48964374708893
166596 -106.13828700135463
166674 -105.84163598920466
166778 -103.73160389876179
168378 -98.18831971447906
168441 -111.64155584217607
170041 -96.18580095836528
170078 -108.3983223262572
170136 -109.22100657575639
170216 -99.33040296239467
170294 -111.39832555325081
171894 -94.75619739339805
173494 -91.47153265181178
175094 -94.00263633323226
176694 -87.79646478826622
178294 -97.05182760675567
179894 -84.64828353819419
181494 -89.96965985946238
183094 -87.86044320096502
183168 -108.17479383703136
184768 -87.69111951848075
186368 -95.87776164821858
186433 -106.6043824666366
188033 -83.08795641181057
188093 -113.34581914594024
189693 -87.70583796858794
189753 -105.53492374400547
189839 -103.64739882106737
189910 -106.10831213596153
191510 -78.62238261288527
193110 -83.84688323030318
194710 -82.11716525825801
194762 -113.13609079170398
196362 -90.3749082263608
197962 -84.77376121342178
198023 -111.20633085969835
199623 -84.68543581374969
199691 -115.61371347772952
201291 -82.02136749471865
202891 -87.94383652230341
204491 -88.70055357202229
206091 -79.99483868190083
206159 -113.39261370000554
207759 -90.36426576719757
209359 -88.49767364108013
210959 -86.9429330001703
211035 -115.18989791740104
212635 -92.68382162597675
212697 -111.38092774721794
214297 -80.8498220964788
215897 -86.56990810464696
217497 -85.45894315241078
217573 -112.72840240776291
217644 -110.506849874114
219244 -82.69319259743281
220844 -85.00737100875564
220922 -100.08432362605942
222522 -86.59062877185926
224122 -79.67005766729956
225722 -81.3415066179114
227322 -79.9635201138058
227407 -107.62159927076908
229007 -87.95246454991081
229122 -121.5982893729986
230722 -81.3698080965579
232322 -78.44171033825295
233922 -87.28054522757732
233989 -118.4003372938577
235589 -89.27637369803026
235653 -112.3733773228135
237253 -84.10172242735047
238853 -88.28135057562211
238913 -104.56785585909151
238987 -116.58445401985881
240587 -87.64314449716873
242187 -83.60814686302038
243787 -78.38019740961175
245387 -83.01072523770429
245461 -119.9358386084096
247061 -83.58943226058547
248661 -84.85614554536353
250261 -90.59982971351478
251861 -85.5764293880285
253461 -88.10490909757031
255061 -85.61147694915347
256661 -76.14911774007994
258261 -87.7343553982224
259861 -84.82348490846836
261461 -86.1459189055307
263061 -73.96040885980045
264661 -79.85776032482025
266261 -76.37013954793342
266367 -125.58114985893666
267967 -77.07842779773968
269567 -82.95632871410436
271167 -80.0152878608851
272767 -77.07155883618502
274367 -77.06291055996526
275967 -81.33549176452868
277567 -81.52543022740218
279167 -78.95142575510224
280767 -78.57308691680169
282367 -75.50384489879826
283967 -86.51306091743582
285567 -83.71462844612249
287167 -76.93496177005257
287280 -121.68762685792893
288880 -75.63388407664992
290480 -83.68375499391678
292080 -82.96023575275133
293680 -81.2553662209741
295280 -75.6446870875221
296880 -75.39090992137916
298480 -73.4214447405798
300080 -78.99572904577056
