# reward.txt contains number of transitions:cumulative reward
68 -112.79170071446212
114 -115.93745497293025
176 -117.44512455788504
222 -107.69475979162249
284 -116.94834538575573
352 -101.5896657643028
514 -118.70182809341699
606 -126.84892925925863
1409 -164.30257106390872
1520 -99.78691641040821
3120 -115.64816666542845
3195 -104.51251551161893
3263 -112.84219941723036
4863 -103.62455076014477
4934 -120.00077019403595
4986 -110.55896176051853
5064 -100.15145576086579
6664 -101.05330263665904
6730 -104.55622351543855
6777 -103.736912994386
6827 -108.19677502104888
6914 -105.69753716772297
6971 -106.54826824965079
7021 -103.22143425275479
8621 -104.31171250684048
8720 -97.15428199812645
10320 -115.14824651040702
11920 -109.58024046932417
11960 -108.69736768809022
12021 -100.14370787789487
12075 -109.65058844787255
12143 -116.68009755760121
12195 -111.68205910560054
12281 -101.33552892354348
12386 -104.0490563525216
13986 -103.38416728205475
14035 -109.63221196071245
14079 -109.8375017759651
15679 -115.37394636374397
15719 -104.64485903531127
15796 -113.9195533866131
15876 -103.03986566699172
15948 -110.73614192106513
16084 -105.59631611095928
16196 -108.95668643825377
17796 -114.76636984376033
19396 -112.57519382012971
19483 -99.99185138555244
19552 -114.69704406149313
21152 -120.48499302318027
22752 -108.41722018661245
22806 -108.99613225297009
22879 -102.79340184125614
22918 -108.69398625338575
22974 -108.79956081358964
24574 -111.425418488225
26174 -105.88125523282278
26277 -99.90455773071633
26330 -115.46726845576303
26429 -122.71847732297952
26492 -103.49261922497116
26610 -120.64764996192417
26736 -118.51287583217584
28336 -100.83661605749344
29936 -104.02907630296086
31536 -107.98471137604061
31605 -104.35953046545511
33205 -122.010160942578
34805 -117.25178305110204
34875 -106.08625048928957
34924 -116.5056392391622
35865 -187.7349609885353
37465 -111.3056848241247
37520 -104.89825152706169
37574 -117.1949170085409
37687 -115.92287929859386
37736 -111.42395291709963
39336 -115.81550812192395
40841 -228.09995586718722
40938 -123.05142092029067
41011 -106.39262292151712
41098 -108.51201748706649
41160 -119.75381879702334
42760 -121.99908050570774
42812 -114.77645700896159
44412 -111.14653225649631
46012 -115.06036686634508
46067 -108.75147831684599
46113 -110.22313726622053
47713 -111.71661003798283
49313 -115.27859149914471
50913 -108.0770249800499
52513 -117.990061284311
54113 -114.50348963884521
55713 -106.92474561483057
57313 -118.64560820233564
58913 -105.376079016809
60513 -103.15513203882868
60565 -112.67592522759176
62165 -100.51746039527355
62215 -112.3351484007084
63815 -95.17562128650941
65415 -107.34335985151112
67015 -101.6079512856571
67081 -104.86671871342199
68681 -102.43599341721082
68738 -107.44229080183618
70338 -89.78624681517553
71938 -102.42935202267454
71989 -102.99741174682944
73589 -94.14918932584114
75189 -97.67163136736241
76789 -100.93313963619624
78389 -103.55938934946377
79989 -96.81208934103331
81589 -101.03681774906681
83189 -96.86356257064506
83255 -121.04162377586775
84855 -102.5104010590186
86455 -96.91788031176416
88055 -98.0013948758947
88141 -107.36754145964794
89741 -104.610367881675
91341 -96.0352276096846
92941 -104.81991957573065
94541 -93.24062851422218
96141 -104.35557080181125
97741 -100.8821312718132
97796 -108.61527451947518
99396 -102.2289764236815
100996 -90.85406310892722
102596 -93.34516371282568
104196 -97.7740572908947
105796 -104.01057700237995
107396 -107.14209954664302
108996 -98.09497105324091
110596 -96.34463655049245
112196 -91.77121002320895
113796 -91.9350086659107
113861 -108.62798868720978
115461 -87.07681248707203
117061 -86.53430376013385
118661 -77.18183517668368
120261 -87.76283372714073
121861 -78.37732614005314
123461 -78.31142842938236
123546 -116.60228224823189
125146 -75.46209987355778
126746 -85.30461636342727
126830 -106.59573249820123
126918 -106.33716109880433
128518 -83.70732871253428
130118 -76.88620881830289
130193 -112.2677489832056
130250 -120.83450135978126
130303 -107.78433736905953
130372 -115.19140599297484
130426 -118.90970125574184
132026 -75.70827658314265
133626 -76.89848355651033
135226 -78.67095769594977
136826 -81.54417654338285
136877 -115.01722447725945
138477 -76.55427525526402
138550 -116.25326279482493
138604 -121.17951002404776
140204 -72.86434751952365
141804 -67.82205963139914
143404 -74.70444199895849
145004 -73.84126123167684
146604 -66.36298478063331
148204 -64.5721603230499
149804 -69.86978229832268
151404 -67.85433404789921
153004 -66.35110996072737
154604 -69.97940688348334
154656 -113.56106216103521
156256 -66.47284508891224
157856 -69.47152084432422
159456 -70.78800887634627
159507 -117.7502746272497
161107 -67.21540053841447
162707 -72.27806114376017
162756 -116.15532815110994
164356 -64.32283157175034
165956 -65.49267412858575
167556 -64.48024874718573
167614 -118.77209294226827
169214 -69.22899030411362
170814 -66.3878645495153
172414 -64.49956761186449
174014 -68.71143875082971
175614 -64.19382600262519
177214 -62.38420844098648
178814 -67.59335277054059
180414 -61.7114766745837
182014 -60.784140878305394
183614 -68.20730800218136
185214 -76.49965166724793
186814 -77.75469225106792
188414 -62.9613461008605
190014 -61.533142870124294
191614 -60.53296669983485
193214 -62.10023555502282
193268 -122.84065418572848
194868 -64.33532563770912
194922 -116.90865610821794
196522 -64.73279958773217
198122 -60.233665652913025
198179 -115.46362038587158
198267 -110.642887932082
198328 -117.5326809662829
199928 -60.61141595883142
199980 -104.26389605852651
201580 -64.68116387705552
203180 -65.15759665192161
204780 -66.20850989004032
206380 -61.65826696140972
206432 -121.87944378931199
208032 -68.41560145399963
208135 -122.20554308418805
209735 -63.683731368095955
209843 -110.7631228450307
211443 -64.41246999702413
213043 -60.577144758905916
213093 -117.33525060585265
214693 -56.72322416944624
216293 -67.99099557318713
217893 -60.88463325779011
217944 -120.94820712205085
217994 -120.72147072051652
218050 -120.95792010198967
218105 -123.49627457091586
219705 -64.61153194541274
221305 -60.76593930298184
221374 -116.7761033008378
222974 -54.947346875945165
224574 -53.58739849872915
226174 -55.83483990896187
227774 -55.04432200005462
227832 -116.46877391036537
229432 -56.18732954102438
231032 -62.501864890798295
232632 -55.851833555120734
234232 -59.76214890110981
235832 -58.91586261479218
237432 -61.673663841297525
239032 -57.73550484492733
240632 -60.900289782256806
242232 -56.95602259745278
243832 -55.80390229526158
245432 -53.48986260621435
247032 -55.52677105598834
248632 -56.65415904919554
250232 -56.37202389459192
250276 -111.04272780116648
251876 -51.605620684409224
253476 -59.77710893547359
255076 -54.86160996860043
256676 -56.63876925835995
258276 -53.59770997244212
259876 -53.76042248309537
261476 -61.00476053642424
263076 -58.97899924121084
264676 -53.000971717957455
264812 -123.62922575949568
266412 -58.6386471348356
268012 -51.93918654986155
269612 -55.466930835857475
271212 -51.26689178780066
272812 -59.6206348648518
274412 -62.87460737530705
276012 -55.118371461263585
277612 -58.209701747621125
279212 -60.86709150551877
280812 -62.2027816570786
282412 -57.68889050178317
284012 -58.434053465059336
285612 -55.41019105574078
287212 -58.44829842961271
288812 -61.17860506923967
290412 -56.81947046184423
292012 -52.93253072123258
293612 -59.00784063047885
293689 -105.47050015711102
293764 -108.06214678138619
295364 -57.415172432715835
296964 -62.87123887842271
298564 -58.56898689279048
300164 -61.63732298614531
300246 -126.75027935086439
301846 -52.46405471761591
303446 -58.67255881193042
305046 -61.42684371565947
306646 -57.959002526521644
308246 -58.839147581074705
309846 -57.945222920373695
311446 -53.40000738901236
313046 -54.608849568219064
314646 -58.13298979028233
316246 -57.73819326386301
317846 -59.06287706059086
319446 -54.52929512868254
321046 -56.0887036995813
322646 -48.886146248102825
324246 -53.448966195919816
325846 -58.883689698142675
327446 -56.72981460919543
329046 -54.29907316425756
330646 -54.22899888790948
330735 -114.79440049842745
332335 -56.045984424643805
333935 -58.366173438825285
335535 -55.384281286121684
337135 -59.44296937831103
338735 -52.44159829208329
340335 -48.568943054109816
341935 -53.409368844311096
343535 -49.64466801254246
345135 -50.655075913311485
346735 -50.11401885624855
348335 -54.48331071504461
349935 -50.425020524650755
351535 -57.249612587886276
353135 -52.573744122543154
354735 -51.4491229739999
356335 -51.12682748762439
357935 -50.79616727530767
359535 -48.68215278918609
361135 -52.06245084134924
361208 -111.90990415637505
362808 -49.00823832162655
364408 -49.31431241118286
366008 -47.60519096757901
367608 -43.40153971682464
369208 -51.56710286055941
370808 -50.90942515714566
372408 -48.657566850425894
374008 -51.30552710778568
375608 -48.80149242559631
