# reward.txt contains number of transitions:cumulative reward
59 -114.90298239724059
135 -109.50612504011889
195 -106.36517700555176
237 -107.06100949514106
328 -103.7445889803286
1928 -111.76691302938629
3076 -201.41461125346527
3164 -101.46463378312066
4764 -101.02452976656996
4895 -102.73027961428276
6495 -108.05629069368158
6556 -104.21467889192452
8156 -99.52850717905397
8230 -106.70521989994124
9830 -105.46746823395848
9918 -119.71941750594911
9977 -103.40203901543468
10043 -111.61507788005254
10108 -113.38451666828244
11708 -102.41343148955993
11766 -115.19119926876886
11827 -105.93692535517488
13427 -123.0613386376667
13478 -103.04674205839447
13547 -103.13964270116202
13591 -105.85739423251339
13657 -107.70742574267462
13715 -111.84579665545623
13824 -115.79372034592926
13982 -103.94925582973659
14281 -117.03591263103422
14373 -105.20730478843488
14413 -109.33480597771766
16013 -101.63638594789194
16331 -124.51453480561763
16456 -116.68027545424303
16530 -106.96690652102791
16600 -100.98821866708
16812 -126.82902288394111
18412 -102.9445841781122
18462 -109.34584832841716
18551 -104.47858093025287
18589 -111.23987886781556
18632 -106.76996496715397
18673 -113.45930936291813
20273 -98.72300422733802
20394 -122.04973154607167
20511 -104.77934157832402
20565 -105.04505168269141
20644 -105.37965739726151
20725 -102.58059882846288
22325 -128.73921078309886
22721 -113.42167790674478
24321 -105.30451569126812
24417 -121.03965933247159
26017 -103.41837903271157
27617 -100.63910694892833
27699 -102.1421877543802
29299 -95.1949976826736
30899 -97.8728218798377
30952 -115.6244394150544
30995 -114.32202908205551
31088 -107.49163309308886
31158 -102.87908329358325
32758 -94.66642917032917
32805 -108.35593625310001
32869 -109.15460796719479
32927 -110.01129581007734
34527 -94.94767793645681
34601 -108.73887396203479
34696 -99.69012714906037
36296 -98.16781000045765
36403 -121.36271443614488
36451 -105.1233971618805
38051 -89.0962630467661
39651 -98.8075266076802
41251 -92.45981178219904
41317 -103.06697382694358
41467 -125.48476587110511
43067 -95.46151108024422
43127 -115.32450346694763
43185 -113.43888036642285
43239 -106.5263756417688
43296 -113.83824600901579
44896 -98.73824728794264
44977 -119.56755172829764
46577 -86.32688963182821
46655 -116.21721242488982
48255 -91.43928831903884
49855 -92.30509504344063
49944 -119.06346588562616
51544 -79.4686647857959
51597 -103.13129522133556
51635 -106.98718648851849
51683 -113.92299381742502
51730 -113.18097518067124
53330 -84.88816498475528
53415 -99.85375981688624
55015 -87.92046402725715
56615 -89.5567928697881
58215 -90.397744166379
59815 -84.98926246098067
61415 -82.15192977227278
63015 -81.12504348681186
64615 -89.21887508370118
66215 -76.66620144142465
67815 -83.46444839835425
69415 -78.41346645858876
71015 -78.72520707964405
72615 -80.94725220149685
74215 -76.78155411289517
75815 -74.87416020588701
77415 -72.82612023364322
79015 -71.24057376781668
80615 -74.97429513839684
80667 -112.96464001464658
82267 -70.3059265830722
83867 -68.838713668843
85467 -71.9503044393354
87067 -68.67518947264709
88667 -55.14131991316507
90267 -61.091143427988534
91867 -57.37656688887005
93467 -65.07993752735551
95067 -67.05448137359001
95130 -103.74110802752836
96730 -57.23454850404894
98330 -68.02010641778261
99930 -62.392786112467434
101530 -63.723876735449096
103130 -69.16561325623407
104730 -60.75652460305216
106330 -57.93193087343032
107930 -57.390371320487986
109530 -59.4908024378562
111130 -63.09623310897809
112730 -59.618203935505186
114330 -60.16628890210887
115930 -57.730575884134105
117530 -54.265302626511094
119130 -54.971198836981
120730 -46.423322882262404
122330 -51.743901462756696
123930 -46.022810797649036
125530 -48.984149907099095
127130 -46.5919743000887
127201 -116.26122791208576
128801 -44.358553337620535
130401 -42.22797830968538
132001 -45.71157592590591
133601 -33.44371533846231
135201 -39.87197489707229
136801 -26.633901462778436
138401 -32.17070356370198
138508 -102.29379795544533
140108 -10.171196533295015
141708 -27.86747969142802
143308 -18.28226814147421
144908 -23.16235441295863
146508 -4.086540243300295
148108 -9.391320627731568
149708 7.2619267779511
151308 1.257079922133438
152908 -3.937056886775418
154508 5.4344892140030785
156108 11.281729763414692
157708 9.827555939430372
159308 11.123647822598622
160908 27.6190790519056
162508 27.439554525869614
164108 49.35879796144617
165484 -78.76334542825218
165564 -109.01142734885526
166425 -94.74532964701639
168025 15.531095263173798
169493 -67.38379351730458
170124 -98.15108362920706
171724 43.086836408634326
171830 -103.24320753113801
173430 35.808651514933736
175030 1.5793765391819101
176630 27.751765219670148
178230 44.61766293410772
179830 40.526133836244576
180142 -103.13057040169151
180638 -95.67727407853616
182238 56.53814364410064
183838 60.08445219862655
185438 58.43115033506232
187038 62.6804987316641
188638 56.94867337828264
190238 55.36265117977987
191838 51.890566298679715
193438 66.20886944515006
195038 74.32275655942257
196638 63.92707086547835
198238 53.740300693428416
198319 -121.77682352116395
198459 -101.82579286127661
200059 67.46395879891097
201659 79.45103926888858
201750 -105.60672435612449
203350 72.04859610359486
203468 -98.7501492913086
205068 73.51420562639092
205123 -109.97567653542819
206723 65.43312432570625
208323 72.0981169825136
208423 -119.17612333815056
210023 87.83295580214202
211623 81.78568507018255
213223 64.80073952879806
214823 78.92039285292353
216423 87.77909240863528
218023 79.87916463649154
219623 90.00551827780026
221223 99.9030899487175
222823 121.26768141505667
224423 99.62098991721695
224496 -124.56878007770145
225009 -87.33823812978032
226609 100.27955814549638
228209 74.04997552031953
229809 86.45580570666559
231409 104.38018953504968
233009 78.13122209219199
234609 76.64732397713482
234665 -109.98213918564282
236265 95.08872047151627
236351 -116.54315819725207
236923 -78.08000979712234
238523 100.01657033753709
239257 -58.04661204447346
240857 86.44829165698273
242457 88.66918979316745
243413 -36.85382452360475
245013 101.97419095802965
246613 94.15913892528775
248213 64.0150055766193
249813 86.13656740624077
249910 -122.12806944294181
250004 -104.20133951531723
251604 98.9216634889748
253204 108.5583393306348
254804 114.2623984881514
256404 94.85578554518537
258004 82.45083745309508
258074 -105.34316653446977
259674 98.43537299279126
261274 97.2742938260263
261504 -98.3393210057399
261576 -122.62793685246756
263176 109.0454420867842
263236 -106.58428471586791
264836 118.5419600122666
266436 95.89720699429878
266526 -120.05655417527072
266635 -117.7824018309222
268235 106.79670338493034
269835 95.35855549944809
271435 92.86375977961117
272513 -31.71699727080268
272584 -113.39723987706502
274184 122.96590781572766
275784 124.79356110784549
277384 113.49948791608156
278984 108.37035841569242
280584 120.26263040104796
282184 99.19207463954521
283784 116.32133832310338
285384 90.88924943670759
286984 132.4269992039452
288584 120.55282076706447
290184 98.490289690702
290265 -112.03517253017985
291865 122.15091403737823
291939 -114.86671071146118
293539 112.53315408565237
294701 -54.048862367736255
296301 117.630004250915
297901 158.19742942650197
299501 141.01838280873955
301101 118.01157386201537
302701 115.362951115614
304301 115.60072127219524
305901 126.37903720070045
307501 145.89999136432678
309101 132.28365612033951
309163 -115.14457538081146
309307 -105.43816287534064
310907 117.23438659084074
312507 138.52488049570928
314107 141.27103827166357
315707 130.73207466976226
317307 145.93411188946297
318907 149.2990470653623
319010 -120.1168185362288
319126 -128.42166682898625
320726 144.20299015800737
322326 127.78211336275884
323926 95.22216866245685
325526 130.43383959324632
327126 138.6421166542925
327609 -71.80955716629079
329209 128.25170302441146
330809 115.92977379505159
332409 141.51587923039756
332463 -109.7775629840965
332980 -55.522124791024886
334580 134.8687008105076
336180 129.38862173584803
337780 145.90125371312038
338468 -50.69761783881418
338618 -102.85075684331854
340218 140.40874500621862
341818 139.19995698722306
341966 -96.12699606411222
343566 118.92539987831064
345166 124.53499793399494
345305 -105.60228157182162
346905 139.43654433571191
348505 123.30077936307907
350105 122.8998399086229
350752 -57.24435369368144
352352 140.6623639729881
353952 122.66026981380094
355552 138.27713988047233
357152 125.5964730401238
358752 125.31259139007287
360352 137.82770954598624
361952 144.7919568371536
363552 149.4064162602503
365152 127.91715490167208
366752 144.7940146126411
368352 143.30467660481375
369952 136.38091351265447
371552 125.83703760929872
373152 141.1791077843045
373225 -110.8914286429404
373396 -98.5143073598134
374996 138.37571420700237
376596 156.79917249701637
376676 -116.71958325009732
378276 146.28496190928982
379876 144.49030929618013
381476 136.54428552087572
381606 -97.57564688398534
381672 -118.93979081727377
383272 139.8591542743246
384872 130.6972973911276
386472 146.20781922433082
388072 151.39264117036538
389223 3.005321706005745
390823 155.66260047026887
392423 170.6622425221634
394023 167.87640920879184
395623 146.7742687539463
397223 157.9240783092204
398823 166.00442551223432
400423 157.5986262485957
402023 159.25272208605523
403623 159.31721649259217
405223 157.30560511446632
406823 156.96695154051298
406888 -110.886156258557
408488 153.50511799723492
410088 149.02934557143345
411688 180.5471512497907
413288 151.96302545890836
414888 153.66711056370147
415202 -83.05662279503545
416802 177.71003777467172
416980 -100.28513581071421
417071 -124.93651844724765
418671 160.39242754435693
420271 172.10559152776776
420342 -111.4244930889504
421383 -3.861292497128261
422983 166.3604813363713
424583 158.82840425004323
426183 157.60295732953264
427783 172.23482076904435
429383 147.99922867373843
430983 163.19215338061406
432583 145.1432557765768
434183 164.20393773345813
435153 2.2405489528047156
435208 -111.41318441207831
435279 -114.12516147437258
435514 -90.98960510992197
437114 141.6777702352579
438346 20.8269816390375
439946 142.33482109976646
441546 153.15466038917506
443146 186.60028628438167
444746 132.0743795200585
444895 -103.4037651831905
446495 199.5781121692054
448095 194.5808336556788
449695 171.76129611189057
451295 152.98974822719666
452895 162.89151087395766
454495 182.95782021616006
456095 137.628224496078
457695 165.40682503207566
459295 184.5376878817635
460895 169.4172060285825
461001 -95.20019086607981
462601 182.67950208444245
464201 161.1357681082341
465801 199.24968100572073
467401 163.59288756844913
469001 178.02950553583295
470601 122.7149538149161
472201 191.4115981166556
472324 -102.7247471198896
472408 -107.88674113798265
474008 165.11170398988727
475608 181.0937023643778
477208 210.96043075942868
478808 154.83995491026846
480408 188.38929212337118
480545 -130.58128521094162
480698 -90.98714383562096
481026 -79.8035098239916
482626 196.04057455170178
484226 138.63848346729833
485826 196.02134885875708
487426 169.17506290757873
489026 218.3584079261883
490600 26.38872768475416
492200 175.62992183098197
493800 170.5277020268086
495258 64.98481208355179
495412 -124.7266649612294
495582 -135.4815891117559
497182 208.7063925038346
498782 218.01005096915807
498944 -111.25909395720065
499100 -107.87790601216257
499672 -48.68069154959112
501272 210.07473366025027
502872 214.99014292622127
504472 208.44629675410522
506072 134.00441237827548
506158 -116.33012411022682
507758 171.62117834458945
507842 -115.2477459222308
509442 165.24646287821182
511042 140.44879849698668
512642 166.34786729654476
514242 142.38637232271333
515842 183.715451034046
517442 171.68522972122983
519042 181.57669881633467
520642 199.57550895985506
522242 194.97553777213597
523842 170.46887516601416
523918 -115.0803837102335
525518 203.8708711369969
526467 5.361443563727505
527212 -28.21835639529398
528812 165.4493835562283
530412 169.86111508528148
530530 -122.21223371762285
531124 -53.06147411627951
532724 176.77805284449278
534324 183.00546793154393
535924 182.8529311117698
537524 187.96336308090292
537637 -104.13806937486119
539237 190.4424443286676
540837 167.34324300969573
542437 188.14248346112637
544037 177.0281486361788
545637 198.90491544919846
547237 170.22679256715216
548837 223.06448040828528
548904 -112.40999208701588
550504 191.38605169933913
552104 180.46418392652492
553704 190.7227818323816
554004 -72.72393593950818
555604 163.4818115002685
555672 -111.53318380506398
557272 155.10654296120447
558872 176.29263666930981
560472 162.02216452205107
562072 191.00812319903568
563672 193.96341737472304
565272 196.31910482069048
566872 191.2523254605365
568472 144.01678316048847
570072 129.0357911479281
571672 161.6344551053284
573272 203.63519666345218
574872 163.2751093074558
574941 -112.83934935076411
575011 -118.21293506125795
576611 165.76973858532
578211 174.76456681700944
579811 178.39016733481807
581411 152.14897508330617
583011 196.05650529309
584611 174.99930947109667
586211 145.55455567709984
587811 201.06003708066066
589411 164.63145950646435
591011 177.04441518305063
592611 170.01735414914614
594211 186.56349145740947
595811 202.58402386291488
597411 167.2932275091727
599011 147.91136624979123
600611 165.10327682412657
602211 155.6327971687224
603811 203.14076494138132
605411 162.98176209744437
607011 212.82842387058835
608611 172.6683250903285
609570 -1.9514230981244651
611170 195.90397735046528
612770 168.4814550061593
614370 190.13353526817585
615970 202.1481226836217
617570 192.8301703208068
619170 202.31257994220363
620770 212.80610008752637
622370 200.04348148184087
623970 207.5188690357791
625570 210.56410317330412
627170 233.45846776213375
628770 220.4931697136636
630370 243.84775163125394
631970 225.1163533690182
632065 -98.50655062054035
633665 223.96724655713544
633786 -101.8570526443248
633860 -111.99070255608049
635044 60.06268035931268
635138 -122.57675905457822
635218 -104.5500058175791
636818 223.89842980058074
636901 -111.27163320959919
638501 202.79073230478062
640101 200.43206672680327
641701 205.9757782560569
643301 195.0840235272434
644083 -8.139784196838747
645683 169.0113597977134
647283 220.63779021854214
647813 -38.07331881774161
647940 -124.86262084532281
649540 217.5317763141506
651140 180.17801819456045
652740 205.24783892873896
654340 183.89239598999248
655940 203.09080978796322
657540 213.51300692462337
659140 226.8851680168649
660740 214.04229891803737
662340 208.86866367226085
663940 244.30050982414292
665540 217.175196408382
666140 -21.711899540018337
667740 210.9301953272396
669340 258.0500038340234
670940 239.9126979357893
672540 219.96005287478926
672728 -100.86173153679196
674328 209.67960675365822
675928 251.10616445366372
677528 241.5072420212891
679128 246.62800082416706
679196 -104.18923734044904
680407 20.193419932325554
682007 227.66341647457435
683607 222.92782827438987
685207 237.8680613331946
686807 250.45521714229238
688407 223.7223449907106
690007 232.3486527692441
690553 -32.368218847518165
690647 -121.14711786921384
692247 231.4590715332351
692396 -101.333503877754
693996 223.95223813141692
695056 33.07568415985057
696656 225.4675257285018
696783 -109.1397772392581
698383 218.51424705247157
699983 222.89217065115034
701583 208.27623659445646
701661 -110.8835701812667
703261 236.1556974061305
704861 233.26532042675183
706461 188.77752742825527
706544 -112.59756177122829
708144 205.62416352259046
708225 -124.39782158473942
709722 115.49085589829565
710757 57.90533122091986
710852 -112.59696628296251
711837 46.57277514656195
711918 -103.93248846310253
713518 233.39163097050547
713628 -92.90859616485673
715228 213.06058596864975
716828 245.5462586992101
716975 -87.47809410395845
718575 221.9313970854411
720175 248.4526805256237
720282 -102.83829123937028
720384 -120.20988143066441
721984 255.46916110295325
722180 -94.98633578986363
723780 226.84056142150047
725380 205.23157790274985
725481 -97.0562789208057
727081 245.48786265117354
728681 216.69187598941403
728742 -105.79300829001019
730101 84.15612856413111
731701 221.4906082574496
731814 -101.42284252217598
731934 -95.39984277988783
733534 218.3216174088184
735134 162.85047110431367
736271 26.721733142393262
737871 235.82879307059238
739471 248.07362007146133
739561 -101.30695076091091
739744 -86.22721294734006
739846 -106.90279735723696
739927 -112.57919944648383
741527 243.6826505676026
743127 241.33530801284584
744177 34.69044835774059
745362 65.9884755454951
746901 272.38899942029883
748496 270.3291873764999
750096 228.8912896544917
751696 212.87006186983
751791 -122.18033005037842
751916 -123.9202433860097
753516 212.60623187117721
753635 -98.08443403956728
755235 255.53710257249227
756835 206.64501273738475
756934 -110.00791426279521
757153 -80.05052304013012
758753 210.95268148688655
759124 -76.48380526538877
759207 -123.2638324211811
760807 224.84783599478445
762407 232.00680375865753
762486 -109.99215431199596
762620 -91.64212985781518
764220 255.55623839327635
765820 242.83709599855217
765940 -97.86367845486788
767540 208.71719317762393
769140 221.84083534394102
770740 225.0094400381742
772340 248.58163662970708
773940 177.42112511368822
775540 170.77773049370958
777140 203.1075563930824
778740 197.23037633160192
780340 248.55444116461163
781940 235.0898371673292
783540 237.69950330528542
785140 187.92859758923063
785284 -89.72958515057961
785394 -103.01990602821112
786994 250.63150885887296
788594 205.11143202887862
788664 -113.08690912995488
788808 -102.58375996721536
790408 237.7117545790477
790464 -109.18769209542498
790555 -116.9220831380114
792155 262.08452943215974
793755 238.89790899849217
795355 207.75942039550026
796955 255.49323017537887
798555 243.6273514866745
800155 194.7515839369835
801755 238.39573510205784
803135 91.04555144161682
804735 233.43873549716434
806335 210.58234605760887
806657 -50.094216442480665
806783 -122.93886863451264
806880 -99.2395078064644
808480 265.51814787516787
810080 235.78707527795723
811680 216.03135553472035
813280 244.56989904684573
813369 -114.80843637327416
814969 256.5581611794349
815879 31.335367658974178
817479 230.34987572020498
817574 -104.61869479729297
817658 -105.03898235417778
819258 223.1473624165219
819385 -95.57666686836941
820985 250.34639491559417
822585 199.23114103357508
824185 228.11079247803303
825785 242.55295172066243
827385 238.11929174012474
828456 53.807640615367745
830056 250.5111930216222
831656 225.55014206118042
833256 208.82430284073712
834856 199.06862592025115
836456 222.07427703410505
838056 216.94446267028076
839656 224.70875557524332
841256 228.43609208846746
842856 243.97718717741952
844456 248.2925676645955
846056 241.83271449835942
847656 240.51916758195327
849256 206.15524881288232
850856 240.79898876935155
852070 58.610027137280014
853670 202.44771080258482
855270 250.827368002848
856870 243.82273389342214
858470 237.1318180718792
860070 254.1931298246916
861670 234.4912411945844
863270 260.98644536823906
864870 230.5717099292019
866434 267.1730825460922
868034 255.02575674903457
869634 213.90025462051526
869769 -95.27860089527442
871369 205.27155980415853
872215 -4.0176068755443595
873815 221.31458904521546
873933 -93.20006640876954
875533 267.36037931123315
875623 -116.5808044996541
877217 268.7120946512138
877370 -100.30075769900158
878922 270.2401372221294
880522 238.1211203191553
880932 -62.72745393631237
882532 254.37421992844614
884132 268.0518256407696
885732 251.65933094249388
887332 265.65394817161945
888932 261.11373615913556
890532 225.3601810997473
892132 231.24946582499888
893732 236.74891922877976
895332 220.6727065028916
896932 235.85008923938508
897104 -89.26328090983195
898704 264.3224418955169
900304 253.53735894264946
901904 249.5507955120113
902105 -88.66860323336783
903685 269.90512044030436
905285 243.25263552728137
905408 -102.27051773961509
905524 -106.76240996583738
907106 268.5110684627999
907250 -98.80801602347505
908850 191.25327019385543
910371 269.02765250122326
911971 261.5565275875418
912975 66.10317690525451
913753 6.537558892630003
915316 268.7169308266516
915555 -94.10247754313549
915661 -97.47632494558704
917238 269.5473174879376
918838 266.037751476753
920398 267.1350583841804
921061 -12.205946153325897
922661 243.3750254325285
924200 269.0166959729977
925763 265.7708295343617
927074 106.83682670994858
928674 215.65650834637256
930274 259.4171396818919
931874 253.65657128078064
933474 239.87665316446183
933604 -102.89099701656276
933685 -106.21949963392628
935285 267.21874321436417
936884 263.34469537105986
938447 267.0046237613081
940047 236.29599575340347
941647 258.3779897823411
941755 -98.96682021758333
943355 252.87400256314075
943481 -105.55063081892517
944673 65.70200908529364
946208 267.0510308304543
947808 253.78568131272965
949402 264.12756882921707
951002 246.850243487182
952602 242.28497956428055
954202 254.50173984360995
955802 257.802357751834
957362 266.63627086277165
958483 57.28458619368732
960067 265.6794697734579
960132 -105.04643461199726
961732 248.1521588538576
963332 219.24696390074982
963450 -96.41551670956177
963783 -93.46222330067121
964028 -90.93127457055884
965619 263.1457701859851
967219 224.78583667412627
967338 -94.75194443263176
968938 262.5902208157498
969079 -86.29183139550624
970679 262.9900845436248
972192 268.40776501323273
973748 265.5999781332239
975348 182.46860245066563
976888 266.9413830773676
978449 265.0752101597588
980041 264.64906155906243
980374 -103.72068630291584
981824 271.9740970050307
983424 241.4764966835489
983512 -109.74342913232122
983662 -106.4623275400748
985262 234.6111598829962
986862 237.66001915837617
988462 237.1708840842058
989993 135.1676501394148
991593 188.16119781102896
993071 272.4944487096963
994671 238.10828716445508
996197 268.9582277884903
997797 233.83254337244975
999375 257.30085817960946
1000975 248.6356375206913
1002575 246.53673198665504
1002685 -102.78279094434406
1004285 235.78150290826355
1004368 -99.20088359312776
1004498 -102.29386779570703
1006007 268.34502595209574
1007607 221.7021132077364
1009207 227.87621483667812
1010782 263.44113685196214
1011161 -54.55230227963129
1012761 255.17854153285845
1013250 -23.674475785749067
1013333 -115.98620183974008
1014933 239.4533840573197
1016533 228.32418910718167
1018133 260.6748847065407
1019733 260.5926454965427
1021237 269.88922950502587
1022837 207.5506969962727
1023499 2.1130276733940576
1025099 227.08402886628954
1025254 -102.44580075244606
1026854 230.61653267867896
1027815 13.081487248878929
1027907 -104.82765398084
1029507 251.23125403339978
1029647 -97.04405277644905
1031235 263.1839504379495
1032766 266.0883749113509
1034269 141.08219459775233
1034440 -91.3459751554113
1034567 -99.9372528860066
1035528 41.31263637390421
1035638 -101.03732460617645
1037213 262.73899796362264
1038813 262.6982087234129
1040413 205.99278648892985
1040582 -107.4585013417347
1042182 240.8478088264204
1043099 54.9755977769469
1044631 265.5633756271507
1046206 264.8516782805494
1046288 -104.33420308758815
1047803 268.3846093835235
1047897 -103.90262206255521
1049454 108.92080094522908
1051054 242.0239113500855
1052654 241.07388650733927
1054200 262.3250302733591
1055721 265.5320875796674
1057321 207.22647371698963
1058890 261.45464535765495
1060468 261.1841165212128
1060564 -102.58833254891385
1060709 -114.38480002273558
1062309 227.36077947195184
1062422 -117.637367142627
1063952 264.7181730589357
1065552 258.7831518325066
1065661 -104.31952963383745
1067220 261.40076910006263
1068820 232.18428890229328
1068998 -93.89251237919802
1070598 246.15379072401058
1071031 -39.02307643068396
1072631 247.49460615337406
1074231 255.83451590982358
1075831 228.4136458720845
1075996 -91.09142889727093
1077596 243.98963035114275
1077662 -102.32779660249378
1079262 202.9769122030322
1080812 267.32228128766735
1082369 265.5921542321133
1083913 267.50242052191356
1085513 231.6940165605197
1087056 265.1981212506152
1088656 230.63437921939845
1090201 265.0096339846051
1091801 206.41974777934655
1092273 -48.9796457253502
1093871 260.3998960935026
1095438 264.88930373467105
1096971 154.89531596054212
1098571 242.51321222140064
1098670 -98.78649940179041
1099111 -43.058072789000974
1100711 257.211307945895
1102247 264.2513829298247
1103836 261.59457556880665
1103977 -94.34784099777633
1105577 257.6227975867782
1107177 253.88361073481832
1108777 253.3782630457645
1110377 260.66018737415624
1110639 -110.95339041553996
1112239 238.82950581158926
1113839 248.5660599843509
1115439 240.2688678559568
1116978 264.22129959547067
1118578 239.92343450331163
1120178 234.65264397507295
1121778 199.623774995387
1123378 256.5530705743324
1124938 263.57173088711534
1126538 231.6137038428489
1128138 227.05046672627074
1129716 262.2510689973747
1131316 241.08771541176688
1132806 267.9956796281924
1134359 264.8836023166261
1135959 194.86524474276288
1137559 235.38671241070148
1138022 -34.26716436761927
1139622 252.6704891895952
1141094 269.79331791633905
1142668 263.7366683999131
1142754 -99.48408177500714
1144351 261.5117481861267
1145951 259.2051431030445
1147461 265.4411232617707
1148962 267.10284337801414
1150537 262.6992074517533
1152049 266.80662338194185
1152561 -39.746021611708514
1154161 206.28850859482722
1155741 261.6773355434678
1156105 -64.70883466378599
1157643 263.03158877238343
1159118 270.1560382889834
1160625 265.87580115035075
1162225 255.1383625399453
1163741 263.90333581298324
1165256 265.0835420167454
1166805 263.7191985179024
1168405 241.4418920679188
1170005 222.5141403503909
1171543 265.7151016366041
1173143 254.50010447538742
1174651 268.0638356228665
1175853 60.04899932147009
1177386 262.0350577073833
1178986 182.36980569141994
1180519 264.7232830599146
1182119 256.78435520856385
1182350 -74.88517527202764
1183950 255.8034584611052
1184094 -99.54030560549535
1185615 267.7393189668966
1187215 179.24799083676112
1188749 262.42860466313425
1190338 260.5294283686176
1191851 264.94989977235116
1193413 262.63241824339326
1194967 261.502774200748
1196507 264.97901616696606
1198074 265.0100438426394
1199674 249.16715203783085
1199797 -95.64319592492654
1201359 260.3909833959993
1201503 -86.05129355730551
1203103 230.66610897947328
1204700 260.9499536527304
1206239 265.01551293218307
1206368 -94.03693588691205
1207916 130.77285995531443
1208027 -94.30950885883533
1209627 260.68615278310017
1211227 254.60723082147726
1212827 223.24369434186823
1214427 242.8382982177418
1216027 257.02728231160205
1216105 -119.96476270712415
1217705 238.86459658632782
1219305 220.26543065289272
1220905 252.4330985006961
1221037 -111.20401917390805
1222637 239.8837158814072
1224237 261.1028200421194
1225738 266.1840618046385
1227237 268.98809555922213
1227370 -93.56417820107193
1228970 250.77775445863753
1230565 261.1204931499785
1232165 251.10257986183325
1232282 -95.6119279328088
1233882 249.84072378285708
1235482 247.0251475542606
1237082 255.4800741777947
1238574 265.91405748723963
1240174 254.31606440981676
1241729 266.09402068606244
1243310 263.0208056439255
1244870 261.6194321195051
1246470 248.6735130705422
1248070 252.97133681715715
1249670 240.45890470327464
1250792 88.65195862226685
1250903 -95.20973843066457
1252418 267.6800604393043
1254018 243.19573225309765
1255588 266.03498761386027
1257175 261.71764972796
1257337 -92.04668873570549
1258937 257.4557079553061
1260537 234.76267436895023
1262058 266.18039406974657
1263609 265.7027263151542
1265164 261.21891263214405
1265292 -90.5437960530827
1266892 237.46806105127098
1268440 267.9470535569887
1269983 262.85620657770926
1271557 264.39524718400867
1273122 262.70762621176067
1274689 264.8900934781395
1276201 265.62661033600625
1277801 246.13099969888486
1279373 262.9496477100982
1280951 262.52683522521255
1281066 -97.31639398562847
1282630 266.1814724292937
1284228 261.0005640113807
1285828 225.04135593646674
1285950 -90.44218726331927
1287473 268.80774229393415
1288981 268.89580152708925
1290541 265.87922473802104
1292141 249.13091502219518
1293651 267.8394947807246
1293732 -122.05622476613398
1293849 -111.90233706120898
1295391 266.15091244986735
1295505 -96.90418901777578
1297062 267.18018247995604
1298562 272.3356613551083
1298684 -99.6906684580048
1300222 269.46204922128084
1300340 -92.17727412347061
1300464 -98.71630930932052
1300565 -96.1234659225475
1301735 101.12109874417214
1301855 -111.93773732706283
1301940 -99.56543495861068
1303490 267.8794770922818
1305047 263.9307715239829
1306065 70.18060718503426
1307610 266.66190134626805
1309163 268.6396687970786
1309235 -107.987429204834
1310744 267.00733386009676
1312272 267.99412157141523
1312361 -103.34168972106278
1313959 265.67839164975805
1315464 272.482516814237
1317026 266.3453206555917
1318626 259.6666275156786
1320213 263.4021371007821
1321766 264.35288571469493
1323356 262.78811169256323
1324271 40.45871369093925
1325794 268.8607316247484
1325913 -92.32219921443797
1327513 253.05112532888336
1329057 267.4985197215026
1330657 262.5875091800219
1330751 -98.46721921387005
1332307 266.53177270154526
1333813 271.35734605551113
1335413 252.19420128399585
1337013 238.05628878783145
1338577 262.53044942082505
1340177 259.8520586041214
1341739 268.2392940797109
1343269 265.99728501798955
1344836 265.70442862979087
1346423 266.3518297020771
1348009 263.3217088572654
1349571 269.2766777837251
1351144 266.36665779313915
1352744 257.52334329306007
1354314 264.335697279125
1355836 272.26816513301077
1357436 245.08883206392665
1358955 269.75256533404786
1360469 269.0939358668982
1362045 265.2481284713206
1363572 267.0584378223297
1365039 273.56667899157026
1366563 268.78447239207264
1367728 109.04568261473455
1369257 268.2253037330496
1369346 -96.27314730097974
1369455 -97.85880139915272
1369583 -91.4543384664543
1371170 265.606915578924
1372721 267.7294259969986
1374235 271.68744084220606
1375732 269.5763549227207
1375874 -85.75007216623922
1377438 268.741846667362
1378298 36.68022972429878
1379812 269.1658599603253
1381256 274.8680174889912
1382180 -1.6298046959737178
1383737 265.43816590919363
1385264 270.4846686825262
1386775 269.0718261070083
1388375 262.4979451970123
1389893 270.3829849969872
1391326 277.26497696736334
1392926 261.4924861749927
1394451 269.59575585041443
1395969 271.51224924642594
1397447 272.4830336536537
1398999 264.9965880748029
1400453 274.70606415926966
1401930 273.71184174841466
1403527 264.4388781806733
1403630 -99.39176830107532
1403746 -94.96086528645145
1405299 268.44527172826355
1405414 -100.3183680245007
1406645 100.36052055891403
1408184 268.9696292728475
1409688 271.7435265194589
1411166 271.1405609556735
1412716 268.28526042445804
1414195 271.54136289093407
1415654 275.0586648679279
1415851 -99.86618486234235
1417377 271.1337723672532
1418961 266.9490565872966
1420554 267.53245073400507
1422087 268.54964687226243
1422596 -15.544548558093595
1424138 266.9894603017778
1425675 265.739501997654
1427180 156.39824690054485
1428780 254.59592551284015
1430380 250.76107668320543
1431913 268.79018880215386
1432007 -97.41994860538593
1433501 269.7806830608049
1433695 -112.94289535282117
1434726 76.09886482554799
1436297 265.3182037179631
1437818 270.0919813922552
1439387 264.63972769349454
1440953 267.54075174861
1441507 -14.958291716435028
1441635 -89.66196155118011
1443141 270.5141442547008
1444232 59.92239677329022
1445832 254.5895787332439
1447350 270.7588937011942
1448869 269.5540660910236
1448964 -98.20834032038103
1450387 275.1845834520664
1451946 265.11351749638857
1453462 271.399122400564
1453571 -93.00604285041057
1455171 237.28709105535575
1455281 -96.39336832012671
1456728 274.91100638019844
1458269 268.26711078470174
1458365 -98.53258276167543
1459834 272.63504432481096
1461372 269.5365051681674
1462951 263.1650530021813
1464472 270.1258043812995
1465984 268.34990074902464
1466113 -91.7230014036242
1466211 -97.5751112439707
1467728 269.69678465634155
1469261 269.1416982500255
1470785 269.97322178260123
1470932 -92.38257140643833
1472403 274.28797110546355
1473897 268.6892304222366
1475484 267.2161712008852
1476584 75.22625849702044
1478135 268.5595976666918
1479668 269.303505176389
1481246 267.40118426675883
1482846 239.66381967221068
1484349 269.65240516300497
1485792 271.7099876288888
1486923 99.97743751568458
1488500 264.64141804845195
1488595 -99.09010547944345
1490129 268.7158195039746
1491638 269.9255515112766
1493125 269.3027035044384
1494589 274.0885751738347
1495772 84.91680467257308
1497343 266.5997347709847
1498899 268.0446733760231
1500499 255.58916592524957
1502099 254.86861880952765
1503678 267.2647844080518
1505197 268.48684575644626
1506797 264.059405051635
1508305 272.5030081073908
1509887 265.2077012079006
1511452 268.3018404285446
1513052 255.60790279456245
1514629 264.46424827903763
1516104 273.8988082983739
1516236 -98.1080878621998
1516370 -92.57299343682514
1517846 270.12960330935044
1519384 270.2872285121726
1519497 -99.4250733459089
1521064 263.72580214992865
1522664 263.45138708768275
1524130 272.54919424470665
1525730 255.14642270634815
1527330 260.0681772595834
1528872 267.4365345343447
1530472 238.73162944545007
1531902 272.83038308753777
1533411 269.6184585153072
1534900 270.17865306931736
1536500 237.56294082394191
1538043 267.7220714083933
1539619 266.13657449595036
1541096 270.2596140830304
1542696 250.93849297082662
1544264 263.798990547633
1545192 58.457590706860316
1546696 270.00134456644645
1548226 264.8443113302831
1548370 -98.27041949409619
1549922 263.9006196006719
1551432 270.87511913483644
1552964 267.82458115608586
1554505 268.7063797448734
1556048 267.3717012861469
1557507 272.93630859559283
1559004 269.74213025138914
1560517 270.1944310593891
1562018 269.7319924652508
1563558 268.30470204742073
1565158 260.9348577176741
1566758 242.88615919127355
1568241 267.6424805505432
1569259 55.1561557484319
1570773 269.9901473963932
1572273 269.81857173903546
1573807 270.3707789719407
1575358 267.11027987435693
1576958 257.3755245759269
1578466 269.49811413622774
1579976 271.10539833865477
1581501 266.3465389639028
1583024 268.0420469364532
1584624 261.5571756562009
1586224 240.35773832554528
1587824 231.1995771103819
1589424 258.2787388326647
1590356 52.06583548104163
1591912 265.4604135917258
1593466 266.7275844323383
1595027 266.8803679564035
1596562 264.73302766444607
1598128 265.4831409358208
1599638 267.90528497008864
1601210 265.5559049800226
1602619 275.82732922914875
1604155 268.9509112880743
1605755 230.58247001104493
1607355 253.77288587466384
1608955 256.4620411809651
1610239 100.89564692833548
1611805 267.03290928300936
1613358 266.612225065478
1614896 269.2489251705673
1616439 268.11396402616845
1616885 -33.17158056190112
1618477 261.37931427093366
1618564 -98.20882097618654
1620107 266.25966979110933
1620660 -21.112269473935214
1622167 270.32691643412863
1623550 277.78282471289805
1625150 230.78598089358465
1626737 264.65946192540827
1628264 270.9376764514937
1629751 270.3748064098361
1631227 273.2951791463868
1632777 269.7557721571152
1634377 254.79719999838156
1635846 274.8363349252919
1637369 267.3690487163774
1638969 252.40646851555348
1640569 253.45748012830805
1642163 265.33426194695807
1643660 269.8092215872495
1645188 270.4854947529573
1646713 271.9597392943986
1646831 -92.02530597743205
1647615 42.13682984563886
1649153 270.1552841197165
1650717 267.71187380064976
1652124 277.34503975936985
1653620 272.3854373452205
1655120 268.88152619741584
1656684 266.0612924527953
1658258 267.83147342427657
1659756 271.0161882045816
1661268 267.71271768835146
1662317 89.18286000653143
1663917 259.07645327854993
1665455 266.1064494126649
1666915 275.4216098294168
1667004 -116.45781479826694
1668548 268.19025944103964
1669962 275.31724741644507
1671008 86.72045136968211
1672522 269.1567409889733
1674052 268.12293732611084
1675554 268.29072343497876
1677154 246.86775615105861
1678650 269.6410527812508
1680072 274.64694377056543
1681524 276.0294106052907
1683073 266.02431774513167
1684602 271.5901013597912
1686202 257.69931255597055
1687802 246.8608929232978
1689402 265.27811493464253
1690901 269.91144819646365
1691046 -101.76961935308701
1692137 95.09359678494818
1692278 -88.94226062340537
1693788 268.7270000767004
1695294 267.96363241435824
1696852 267.73224460226305
1698342 270.7164773260027
1698456 -92.6930872428622
1699911 272.61902680269856
1701336 273.10412506596214
1702909 266.98759226002846
1704415 269.54067039875565
1705987 264.869897609552
1707418 274.81404175262696
1708923 268.58526325527623
1710523 232.57363019226338
1711984 272.6388234428048
1713547 263.16565884142545
1715147 247.28722468167356
1716647 268.5106221374236
1717480 37.99447301588893
1719036 266.09175311313896
1719122 -113.04864214232998
1720611 268.8956579712862
1722113 268.6902237990161
1723622 270.6180198721
1725043 273.9585029594587
1725154 -95.86077935292572
1725255 -95.16226640673727
1726720 272.98209351570017
1728204 269.8181475607657
1729804 256.89715035450274
1731176 147.13676923029644
1732680 268.2874376306751
1732809 -99.59249419348687
1734391 262.80346586740353
1735931 267.7482929015785
1737514 263.5461387627694
1738951 274.3052611587857
1740463 270.3187784595637
1742027 267.2928172621831
1743548 267.8270698656875
1745069 269.3085824722766
1746478 275.81854900784685
1747890 274.90745659601396
1749397 270.18405804213785
1750861 270.55412835137895
1752454 266.53105329544053
1754054 263.2841473356675
1754750 13.740799601266758
1756226 270.54083910685347
1757801 266.1855828413516
1759179 278.1169917791084
1760779 259.4320507880488
1760876 -104.03872259614741
1761864 73.36218883272937
1763430 261.0678218160576
1765008 264.9863445549885
1766454 270.4286657032977
1767945 268.30428877066345
1769463 268.17415064999796
1770941 270.86618264438755
1772440 268.6410034385004
1773170 24.797490231455683
1774628 272.74809553567593
1776166 268.1903359845852
1777582 272.73911401166816
1777672 -117.07925460092785
1777761 -98.43039195936421
1779212 272.2132111056897
1780644 272.80012544777725
1782136 270.2982533665815
1783571 272.38576007132883
1785132 267.97682283784695
1786688 267.1201712840498
1786814 -92.81167771322218
1788267 274.8701613264556
1789704 271.6074235906683
1791125 277.13188950736287
1792725 263.6671812758445
1794247 267.79480568336265
1795723 270.2214252019926
1796248 -23.46232199620144
1796380 -95.89398822146406
1796469 -105.11482448032436
1797909 275.2550825442255
1799381 151.6364159660906
1800950 263.0838608513715
1802450 270.30042683254067
1803839 275.7681637776066
1804260 -30.04546598530871
1805751 270.3950555703676
1807282 269.3076081412186
1808800 270.085703946498
1810307 270.3526178922697
1811903 263.1218073364611
1811971 -105.95880953698978
1813388 273.27763600794594
1814875 270.738103502949
1814998 -97.45667079165702
1816527 268.3445619257649
1817997 272.0383490940381
1819481 272.45619771425584
1820994 268.7029247395324
1821149 -95.95189155834106
1822712 266.25694461803715
1824183 274.09924029705263
1825640 270.8766938869424
1827142 267.7710640617757
1827895 15.177566968996985
1829379 270.8178448110976
1830914 265.74450496538634
1832486 266.3810731334245
1833945 273.61191735007606
1835400 274.28669501140007
1836956 269.68771705635265
1838473 270.81429173893986
1840056 267.3296267121311
1840592 -10.718274201025551
1842005 274.04319744452107
1842137 -90.6154200522583
1843575 274.11663630137906
1845173 263.12216192629734
1845294 -90.90200714769959
1846834 265.7437997586295
1848364 268.86455791400357
1849851 269.2904086748779
1849972 -97.95584121058447
1851572 259.87494456977777
1853114 269.82517965338803
1854540 274.4260577349612
1856010 273.5039390200058
1857541 268.152978486746
1859118 263.47694899976216
1860531 274.352794047807
1862045 269.40633134189954
1863474 273.69406870510625
1864880 275.2629297945629
1866370 270.89783048981553
1867860 269.8469512704818
1869361 269.0078713274242
1870961 255.2358453868069
1872404 275.38495160047086
1873896 269.82288338540405
1875415 269.18542655861387
1876906 270.009172024508
1878310 275.35488090589047
1879743 275.4691025420824
1881257 269.0569322002184
1882665 274.65641355167594
1882738 -111.70000885990262
1884295 263.66472369600996
1885045 35.50988603828213
1886512 271.8568919577
1887973 273.06136834789396
1889417 271.718942104249
1890953 268.1666707467913
1892451 269.90306601443217
1893572 106.00539555334728
1895140 264.91403241386536
1896692 266.2726550482852
1898132 272.63742610203576
1899654 266.41398923299676
1901239 265.2474648718508
1902769 266.06755961263264
1904269 271.444698310196
1905768 271.21440398329133
1907317 267.3271287421331
1907386 -110.60530864264629
1908860 274.41238014672473
1910366 272.18055313851175
1911773 278.7677031285552
1913282 268.44022508882296
1914745 274.2260844613843
1916251 269.73717357326245
1916353 -99.08175012259372
1917784 273.351508357456
1917887 -112.8034217289146
1918872 66.57515452709609
1920335 271.0655623619434
1921840 268.50789087885636
1923362 267.5147125786262
1924915 265.223088733414
1925089 -139.46720540277474
1926559 272.6306970623867
1926672 -94.30252875377735
1928118 271.4531810923841
1929634 268.50735110978354
1931069 276.32626127720874
1932493 273.47889435817626
1933987 272.21705651811277
1935480 268.74199925196183
1936954 273.026573884225
1938400 274.55787371803626
1939875 269.20841696644464
1941274 275.0916927556572
1942697 273.2461126364087
1944142 274.58030990216974
1945629 271.8551256214143
1947045 273.6868524697321
1948581 267.9090293642192
1950086 271.13964183970194
1951579 269.01570781068193
1953061 270.6844079431452
1954528 269.9193984473383
1956010 271.8609346736325
1957516 269.215186337755
1958983 271.4327071818886
1959103 -91.30877906576482
1960478 279.4991589743074
1961012 -20.87997517088226
1962470 274.90848540419984
1964018 265.73428671361046
1965426 274.1769753367964
1966878 274.8536300715523
1967037 -83.81300434306885
1968533 272.7649120846707
1968606 -115.21281261695984
1968670 -104.5811100589273
1970189 268.7637473931966
1971789 253.49689138658746
1973323 265.89263901759267
1974923 260.94738078440145
1976356 275.80868508645483
1976607 -68.14427466137568
1978068 272.4409725376685
1979542 270.0062113381371
1981032 271.01940624457285
1982458 274.57313674451484
1983890 273.90879099201516
1984009 -95.68091578650723
1985609 259.01022387418976
1985730 -95.09456755230637
1987198 127.00684295281047
1987270 -110.05673504248013
1987355 -113.51767849924416
1988664 127.41080099799731
1989915 119.31798647864224
1991342 272.8661911109278
1992885 265.649808096331
1994259 278.1633416681925
1995851 266.8214756254164
1997291 275.1862845437157
1997431 -93.98362977264946
1998938 267.67911751707084
1999179 -101.40621056899552
1999298 -92.78312517595229
1999367 -114.07949985016324
2000817 271.21238278239855
2002297 268.54332807517966
2003897 255.17249484363543
2005456 267.22194489283845
2006938 269.5326658323925
2008538 260.498848142627
2008674 -89.56834018509524
2010145 272.91220315046013
2011716 267.0265040848251
2013190 270.19668404996844
2014790 261.6331261605574
2016363 265.3097620857314
2017911 266.9273148740264
2019214 53.7870423321439
2019284 -110.0555150518498
2020884 259.90768771896524
2022403 264.6944585645708
2023780 279.4772453385927
2025294 266.43335649694325
2026703 276.3771981403132
2028207 268.4525845674313
2029608 277.47819178353006
2029800 -97.79440720452305
2031237 269.33275964603325
2032650 272.5124960128293
2034174 270.24265871167114
2034328 -88.37515585120147
2035867 268.3423642014944
2037414 267.3851261007857
2039014 250.93718952390765
2040511 270.8758743395882
2042111 240.21387665510935
2043497 275.12220298624135
2045097 235.74096024441158
2046508 274.2296475966287
2048088 264.4371971474399
2049565 269.05406080919045
2051086 268.3512440423152
2052651 262.3560960114632
2054251 258.96271659352425
2055709 270.99799107226266
2057279 261.7399522617702
2058879 258.16055317387065
2060435 267.1774711516621
2062035 242.88804538943884
2063488 272.7312211876621
2064984 271.47070356810417
2065070 -115.64401485522713
2066645 265.60496940476327
2068245 221.68622673785325
2069775 265.62531837894517
2071317 266.21829119415924
2072790 273.59433745009807
2074250 271.1051491184055
2075850 235.15661482842063
2077330 270.8774736579479
2077480 -88.54600074943838
2079080 262.8373951563809
2080564 271.0290702352794
2082164 206.4551794264224
2083686 266.17814126633465
2085219 267.4336488325722
2086789 264.9550667566036
2088389 235.99295784098467
2089938 264.78803112947503
2091509 264.89098262253486
2092911 273.13579833490076
2094352 272.60457657220445
2095907 265.5890073834117
2097417 270.44578437697766
2098844 271.23218226934375
2100432 262.8637197879043
2101910 271.4985875540459
2103376 272.3198815684548
2104885 267.8007548938619
2106451 265.12048478878546
2107986 268.13867116290317
2109510 264.97475097519987
2109590 -112.38379918428076
2111143 264.3897207949138
2112618 271.6187325884323
2114091 272.12372276084506
2115650 263.9570496023739
2115776 -94.39716687837988
2117334 263.3548687442253
2117400 -110.4641074644563
2118986 259.3510986604593
2120586 245.46915338269147
2122075 269.6741737623098
2123675 252.1494596993723
2125117 270.76172076652267
2126717 249.303546524727
2128265 266.72554812267686
2128410 -121.60136880171235
2128542 -93.2724568756825
2130142 238.40098893219812
2131629 266.6230013790058
2133228 263.07529744487294
2134699 269.9272277469696
2136242 267.05938945372037
2137746 267.4247243346951
2139346 219.26476429245685
2140789 273.81416955812233
2142389 256.0074396439101
2143989 255.98977539464522
2145577 262.6219987910604
2147177 246.2702448524689
2148632 272.55032384049116
2150167 266.4431157766415
2151625 272.4755366899489
2153013 275.1303305820267
2154571 264.8071149581704
2156171 254.28648545666076
2157659 268.90355259003104
2158340 -3.0813737673312573
2159896 264.277265040532
2161496 238.37123789981814
2163036 268.46886710783446
2164566 264.3472482936042
2166166 248.65895306638788
2167593 270.7662974115044
2169193 255.00702900404832
2170700 267.46002566707483
2172155 271.03491372803586
2172243 -122.81999759034308
2173777 267.6070894369046
2175276 267.3890365838975
2176876 257.4322874697686
2178314 272.57248780471275
2178793 -41.69866006053614
2180312 268.13850903499247
2180393 -104.26760320855925
2181809 271.35066634674297
2183401 260.67585345186205
2184871 269.9886640798992
2186296 270.5600157459225
2187874 263.4497351340478
2189433 261.8276688288814
2190957 264.53071157663385
2192522 263.067400841222
2194009 269.60993454210524
2195583 263.2724660846969
2197042 268.89288552460704
2198509 270.4987725018946
2199405 57.5818300759731
2200900 268.4720819165235
2202500 249.2982248077095
2204021 268.413922768898
2205432 276.7536588759281
2206915 268.39834882384105
2208393 270.38843323492654
2209875 270.55003101253817
2211345 271.29772194136257
2212945 257.4020282758456
2214418 271.3254211517043
2215821 274.39855292741595
2217421 261.2061076115389
2219021 249.94018565275817
2220621 256.92379697991936
2222058 272.4681111274992
2222164 -115.76066163639848
2223653 269.2673188377695
2225102 152.19737265074275
2226702 255.06378296970811
2228204 269.6203790070359
2229784 264.1938412206025
2231371 265.0187961449813
2232842 271.1265678805735
2234399 264.23082174500064
2235999 261.33733199645695
2237506 268.17497973086347
2238964 270.9428043594914
2240421 270.4150373025403
2241965 268.0855978179645
2242308 -55.94335403954455
2243857 265.77227175572057
2245457 257.1353107887152
2246900 272.8146285887732
2248431 266.066459071571
2250031 248.74224572750737
2251482 271.2682622502101
2252972 272.37725344749566
2254572 251.12997746334673
2254745 -97.19406803798861
2254907 -96.72520058127307
2256353 275.6964987709547
2257899 266.7690394963527
2259301 275.3585800751368
2260809 269.48285934022874
2262306 270.97752659361385
2263906 261.5450393637932
2265457 265.1043041198545
2267039 265.2251234203013
2268409 279.6990376168322
2269954 266.75832030344367
2270032 -110.45672305987216
2271584 265.28851742690955
2273088 267.55423375458423
2274688 238.83653480555859
2276257 265.95869392129083
2277832 264.2047790187671
2279382 265.6205761251351
2280926 266.77367555774185
2282414 267.929869326508
2283871 272.11463607015986
2285440 265.4536411836307
2286874 274.1816686624335
2288364 268.77027957850396
2289884 268.13108878870435
2291438 261.4356303802098
2291612 -98.73187098421715
2293136 269.42871662911676
2294662 266.8836212354111
2296151 268.975109718489
2296277 -96.98026983391742
2297877 236.72593286647307
2299269 272.822164301462
2300719 273.92573692743844
2300891 -119.23167836561115
2302282 275.8897462037473
2302407 -90.59874988195425
2303940 268.60855960056
2305483 265.8350231786534
2307083 258.66073302330585
2307215 -94.25049884402131
2307352 -96.5422813675385
2308870 265.6305672407928
2310410 266.9801675472005
2311963 265.1606456753865
2313563 265.0761748127385
2315163 247.7289418232096
2316643 270.5602480705121
2318132 272.4223812433534
2319724 266.0610277782808
2321302 265.95548229909787
2322900 262.80458795763195
2324500 241.28767899031757
2325937 274.61003572052556
2327537 250.74229340718722
2329106 265.14618861002634
2330706 230.32743082117696
2332234 265.7594179793542
2333716 269.99049886569844
2335316 252.7718829059758
2336827 270.40932137709694
2338316 270.24574829350155
2339891 263.29789966407225
2341415 268.6733180945148
2343015 247.70158001973041
2344510 268.1603836962172
2346054 267.32705885381364
2347647 267.0205855124149
2349247 234.83113557389353
2350625 277.8700304871018
2352069 271.80429614935645
2353441 278.639589794354
2354988 266.21768935508936
2355128 -95.91572972697143
2356628 271.0423984997884
2358109 271.61554225599735
2359533 275.2551849846986
2361133 226.30673725417776
2362643 270.60899364385995
2362829 -103.54772798104523
2362894 -106.51824198792254
2364494 242.8469314413747
2365984 272.4663516465804
2367455 274.24785603365535
2368920 274.3569536826662
2370520 250.4697679884026
2371949 273.83154440118517
2373445 268.6945073881298
2374940 269.4444573520623
2376309 277.9039944413017
2377752 275.82137934243065
2379243 270.7128963589463
2380721 273.59367202432736
2382181 273.7000027940549
2383614 275.56199702489346
2385214 261.01444963050704
2386709 272.4764635039531
2388215 271.2025002893512
2389670 275.6688520591345
2391154 271.85292384274317
2392598 276.24000545955465
2394116 270.0124762093505
2395548 274.79962424486735
2397030 271.109844777103
2398582 267.2681453700268
2400137 268.07410835827045
2401496 281.6117107744099
2402956 274.67184409604437
2404327 280.45224637814607
2405880 270.431919884152
2406028 -89.64273522530155
2406166 -117.10153784643424
2407054 48.84773965712779
2408582 270.44170573020017
2410016 273.27029033320616
2410105 -112.40675860359457
2411628 266.03247580781186
2411785 -98.06561610663061
2413248 276.01510693219063
2414760 268.98392698771795
2416274 271.4775403193103
2417828 268.58842468281944
2419412 264.1059951760375
2420911 270.65199795270513
2422091 84.61520883969021
2423592 269.56262391839954
2425192 240.91045199138782
2426792 250.52768593591063
2428268 273.3800083690082
2429692 272.9054575935531
2431177 272.2110249711745
2432692 269.0817008344527
2432819 -91.65972467602418
2434263 274.3068508321507
2435697 275.2709419020285
2437135 276.96176897932105
2438637 272.1536170581808
2440131 269.37200766393903
2441558 277.54098063973925
2443043 274.81188926485447
2444507 275.7115243610142
2444671 -109.22866588896079
2446150 274.3835715172853
2447750 261.8407066336574
2449293 269.19195507946347
2450778 270.3911069024133
2450953 -91.70536900392516
2451055 -97.58006689155258
2452562 268.82589888592395
2452707 -91.70122396694434
2454265 266.1533500860554
2455860 264.12639223707407
2457442 265.0003299492618
2458856 278.77487420926957
2460427 267.12080594564895
2461940 271.228474006218
2463471 270.2495081597157
2465005 270.76999060444683
2466543 272.1722176016584
2468143 265.97489350478145
2469573 274.4409395993021
2471061 275.19921728490857
2472542 273.0634931849524
2474142 257.19964841839015
2475586 273.47867905262535
2475970 -46.611787795654806
2477510 271.37891650014785
2479027 272.4203825474614
2480435 277.5357626415762
2481995 266.65683916006685
2483422 276.694324483446
2485022 240.23862358767843
2486490 273.866375047669
2486621 -89.36452026803978
2488221 243.74898149623453
2489753 270.71599024371324
2491203 276.66400242529204
2492686 273.65953102562577
2494286 223.27680112778322
2494360 -108.51032677551483
2495861 273.5347399516747
2497339 274.31297780832875
2498836 274.10084061423146
2500405 264.8799595583558
2501823 274.5533310281663
2503330 273.6930933908592
2504776 273.96720205067714
2506311 269.36289609391287
2507789 272.8803222792727
2509376 268.32212948111317
2510976 253.36433134295063
2512389 277.72230462711485
2513989 246.93919217550155
2514192 -116.60876699936638
2515758 268.2299122467612
2517241 275.12564567254697
2518800 268.68019353091603
2520199 278.9712088299449
2521695 271.10430384441844
2523140 276.8954122028837
2524589 274.571297775666
2526189 258.92654270270754
2527656 274.27800400342045
2529157 270.3193064515693
2530708 271.37711871136617
2532223 269.1697757543194
2532358 -87.31510565575957
2533809 273.05216745521653
2535392 267.6251816303304
2536965 263.8731505274344
2538440 274.3083546147961
2539930 272.036623497633
2541283 278.2012431060047
2542787 271.68282836152923
2544312 271.152438291101
2545757 275.3266164343486
2547357 256.929330388299
2548908 268.4043300421496
2550413 272.3655527839734
2550493 -107.84530649451229
2552058 268.84115310420873
2553570 272.0032892899393
2555170 260.0825648328924
2556623 273.11695978522465
2558117 273.7176647190764
2559697 266.90729021913
2561169 273.68366576742295
2561716 -8.502246664413207
2563296 271.5874637996121
2564799 271.442784017103
2566303 272.7304260807235
2567714 276.9641363569277
2569179 274.5060847614356
2570560 278.84956371095615
2571936 280.0350877256162
2573407 270.9379476614016
2574895 272.25630221377475
2576330 275.0546138342365
2577779 273.47258077910715
2579262 273.9383084791082
2580722 273.5886038046871
2582315 262.1170070948967
2583681 279.8405306886579
2585150 275.95693160201444
2586738 265.77721368561754
2588248 269.23421241140153
2589811 267.18693154718477
2591208 276.3226167024021
2591348 -117.02243321960978
2591506 -100.84494011251938
2592986 272.8767229889797
2594392 278.200968897289
2595904 272.501844323753
2597328 276.50740796120874
2598843 269.25618077977884
2598986 -95.9015146138997
2600543 266.4668265065175
2602038 271.43139049310423
2602139 -101.96419216826993
2603705 268.094733396945
2605215 269.5128852134467
2606646 275.48714520108234
2606790 -92.65915039267267
2606939 -91.81832741962747
2608463 268.1673258209589
2609943 271.824411967475
2611433 271.1596234907036
2612900 273.15146678714905
2614500 262.5813899483292
2614730 -106.1332397548845
2616126 277.735764387922
2617553 273.71925076867905
2619060 271.8352185508644
2620529 273.21393510997035
2622037 270.3205609439558
2623510 273.92978997466724
2624926 276.1253364711202
2625067 -89.60326049410241
2626562 273.58795292181867
2627978 277.1116204181139
2629557 269.4633876827239
2630975 277.94861288952404
2632407 275.1255488666415
2633875 273.4803700665696
2635324 277.2590779242463
2636849 270.786203658706
2638449 257.9520247267468
2638729 -73.23685692679882
2640329 255.25731504896942
2641362 68.0215854385595
2642854 271.3033417808379
2642936 -109.68228414407125
2643116 -86.88631036752881
2644592 271.70921323384863
2646071 275.40999653713965
2647619 270.30867100150255
2647704 -113.07945119196674
2649178 272.33119239690143
2649342 -94.7710129387745
2650812 272.6428800749719
2652336 269.4515822843902
2652463 -97.18200229565676
2653987 272.41241334760844
2655487 274.2244964910559
2656792 119.60060668442432
2657476 -1.5257998592536524
2658357 32.358615860028095
2659816 276.953594065182
2660477 12.55279880068555
2661930 277.2772333722293
2663384 277.22736677747565
2663514 -104.83345714007567
2665114 254.3360975010991
2666614 271.20977512010086
2668211 266.49358757082706
2669617 277.8177244078385
2669699 -104.02282225002224
2670551 43.73445648784511
2672080 271.490779693567
2673394 128.70609188785727
2674238 56.2853839675804
2675643 278.8229903921323
2677114 274.09586133298643
2678607 272.4735904764131
2679276 5.051184537488538
2680738 272.19080603187695
2682235 273.62984947231024
2683717 272.0952619033131
2683862 -89.28607057618039
2685026 110.04255241434652
2685093 -107.26808067617628
2685211 -94.6246117771032
2685284 -105.77100617723602
2686884 262.4350300245551
2688327 274.7849001383662
2689263 62.16862231837587
2690724 276.69053371748635
2692324 262.9296647638606
2693813 273.8786372971615
2695337 269.39196991406936
2696827 270.8182995709581
2697080 -95.93278369509709
2698563 272.81850838815535
2700057 271.5697827745568
2701587 268.67511395388493
2703063 272.7972194911342
2704655 264.1433031910508
2705298 -1.4596148410290368
2705371 -105.96059540749016
2706956 268.3466531489092
2707110 -92.45173462465903
2708710 264.78396227500747
2710155 276.87489654915504
2711718 269.605976850296
2713283 268.2541579521989
2713352 -104.82977686060033
2714806 271.52326270568386
2716344 270.6760657395659
2717830 270.2215622761991
2718902 80.60209591618258
2719061 -99.54666852623347
2720661 241.4786763305674
2720799 -93.22585173570303
2722320 272.36180406671804
2723747 278.4340480517274
2725201 274.3719169186138
2726801 244.0376326820545
2728319 270.46658464810935
2729883 269.14890546526783
2731483 258.9513934473675
2732890 275.61160802354163
2734490 252.20307912566693
2735970 273.4945333817987
2737394 278.4711389425092
2737539 -94.68869457418208
2739139 250.60438307441387
2740611 274.24775378695256
2742050 279.8558279418234
2743544 273.60993045515266
2744993 274.6765122854522
2746408 275.6506858042854
2748008 266.1503552176554
2749495 270.83937152527557
2751059 270.5520784665473
2752573 273.5396483697312
2754092 269.33689986768877
2755601 274.37934595265665
2757089 274.79857961814906
2758686 268.14102736066366
2760211 270.0359220810367
2761759 271.13556850421816
2763203 278.1798173601859
2764786 266.53646728748674
2766330 271.12798257716383
2767930 232.46451911516257
2769405 274.6086544375022
2770919 271.6386231854666
2772381 272.76850434762594
2773864 272.07802571426765
2775321 272.36415822380394
2776907 268.896989438005
2778351 275.86462591989556
2779801 273.53059918895804
2781312 271.51936245150307
2782864 269.0633922421128
2784455 266.80178180310673
2785957 273.19561762072635
2787557 264.6773274161248
2789083 272.62548637203616
2790600 271.1434473455178
2792110 270.0466277177319
2793710 236.73405281839507
2795207 276.5143349440097
2796696 271.36915300743055
2798207 269.629835612143
2799678 271.0507483882608
2799816 -117.88474884660914
2801311 272.3024945504075
2802794 274.75212300948374
2804258 275.46944824275107
2805772 271.16885125760285
2807252 272.7356918501492
2808733 276.2548799179773
2810201 274.0558129722057
2811777 266.8546315743911
2813377 261.96631722248156
2814894 270.2753928083006
2814964 -105.98277765567724
2816405 277.59443511535324
2817988 269.6696224574845
2819438 278.3608386690716
2820943 272.7459305841618
2822346 278.82803733656925
2822433 -104.67489666506711
2823975 273.76667237759193
2825520 270.08051379555707
2825649 -103.82090214673244
2827074 277.312652285966
2828602 273.5851378849275
2828729 -94.50678855865573
2830297 265.2906379324845
2831813 274.2006144257629
2831929 -97.31716503177334
2833419 274.6307679499417
2834848 278.47362994739166
2835351 -23.29926958634144
2836786 277.2340909183673
2838288 273.2712188821108
2839728 276.02725453519247
2841147 279.3868539077595
2842620 276.3166747430322
2844175 269.0201400137133
2844637 -41.180238184875485
2846156 271.4008862322373
2847656 271.2852626581809
2849138 275.4349195647078
2850578 277.4451711184903
2852135 270.21878373860403
2853735 248.9309790736105
2855275 273.17399550700355
2856672 278.44520943734796
2858272 267.5928094635779
2859669 281.5286530968348
2861175 273.43394836575203
2862616 276.5265909221715
2864100 273.5401660063291
2865610 273.76601964887635
2867061 276.43573309391155
2868565 275.2140855516543
2870043 274.2434574824039
2871534 274.4687743288231
2872149 -2.201828869312706
2873620 276.8197715733158
2875104 271.9584353698645
2876610 274.5132237218127
2876771 -94.97109353721453
2878167 277.4303473399125
2879650 272.7134596913202
2881210 268.31115402607105
2882739 271.39659914859243
2884235 272.26355231550804
2885716 274.062520917411
2886381 22.1525068840471
2887819 279.18317309673114
2889240 279.6772962851712
2890718 273.1126680702983
2892277 270.2098035160235
2893767 272.9239932256337
2895273 274.38808310612177
2895666 -44.61989618765373
2897111 274.45904759836276
2898680 267.505216005144
2898758 -111.97924985822353
2899602 38.272174608114454
2900571 67.15472165654612
2902069 273.9893090167993
2903627 270.37126527993644
2905083 277.5490483227901
2906582 272.8088981685646
2908060 273.44894019652514
2908716 -9.094974617393618
2910236 273.4943970449081
2911689 275.37675128923917
2913154 277.3801675680645
2914575 277.30219329497146
2914695 -99.2833575527221
2916194 274.0595217837067
2917758 268.9108756824092
2919222 275.5411503446445
2920425 123.0013851902024
2921735 112.27561664442041
2923258 270.5291761899177
2924673 277.05336107264725
2926222 269.5563162855482
2927728 270.54836635199376
2929229 273.2390912733826
2930694 275.43696405911953
2932105 278.0154578524621
2933642 271.93158455879325
2935123 275.67665168672426
2936599 274.72215139634636
2936736 -96.05974671278274
2938251 271.51861366232765
2939690 278.0767938937211
2941092 278.1480711933283
2942635 271.41843757431957
2944223 267.4817598773568
2945645 279.53717369496593
2947245 256.3564298084086
2948750 272.7373930539688
2950255 272.3804684175399
2951777 273.7509253778586
2953289 273.5038597892094
2954780 275.2038862679255
2956300 270.3813898013886
2957820 272.6830807031976
2959338 275.5564744978195
2960784 274.81241210490464
2962304 271.36797278073306
2963758 274.7786023903944
2965289 269.8224483871372
2966805 275.2620717694107
2968405 256.22064338369574
2969860 275.6569787300695
2971331 277.64395855578107
2972837 274.5420732403106
2972969 -94.80102499278573
2974547 270.0737871821176
2975063 -21.80292457021099
2976506 277.9429566132719
2977967 278.167739000072
2978096 -91.87626273901512
2979696 263.0643777956677
2981130 278.164844714485
2982598 277.0931459469736
2984078 276.3523684461519
2985530 275.4228914250361
2987079 272.72206392977563
2988577 276.5334703057548
2990036 274.0367062194176
2991484 275.70289980442146
2992901 278.5713900227437
2994417 273.70913432114946
2995891 276.88959526509797
2997352 277.4544118439249
2998770 280.4282409062345
2998865 -113.10439306079286
3000363 272.4828557138318
