# reward.txt contains number of transitions:cumulative reward
85 -121.08974387325301
1685 -111.04030500466195
1778 -100.79790297397909
1856 -102.83328015090153
3456 -110.71418419645059
3536 -101.27535593443363
3653 -109.78833463791075
3732 -102.452104594348
5332 -108.86914853769643
6932 -98.99910781541149
7021 -99.78530105913586
7131 -119.87731146254639
7190 -110.47823467796731
8790 -108.51162301594503
8905 -126.89750161524303
9054 -122.46745753426042
9133 -107.58148202595177
10733 -100.69255163425
10774 -111.2261367313539
12374 -99.90071762283439
12447 -101.72655867221454
12540 -103.61173116227239
12591 -105.30596770660331
12639 -112.49505165404081
14239 -93.92152357730458
14311 -114.82606885124868
14366 -110.26520373792698
14471 -94.32765471997888
14528 -105.07434347670029
14620 -101.82314641346782
16220 -112.04557239244002
16276 -112.423957819021
16347 -105.95531636486947
17947 -114.01241482722119
17993 -104.3626916990305
19593 -96.62020436081343
19667 -104.87720592936128
21267 -96.64487378480791
21321 -110.06109960138798
21390 -110.30257640395935
22990 -101.48052065502804
24590 -108.41695826853066
24642 -107.18884898355354
24742 -123.27964619163176
26342 -92.72812590424913
26386 -110.76516322161692
27986 -105.812017449574
29586 -104.91435591075651
31186 -101.21213367848311
31253 -108.11252790764657
31345 -122.50897548519075
32945 -89.60988781062392
32982 -112.9467610665504
34582 -91.16809092719431
36182 -84.41001635934158
37782 -91.77930197038141
39382 -87.55611711329529
39522 -109.3303344300979
41122 -90.29661312970647
42722 -88.02682291888992
44322 -91.10024302588099
44379 -110.87292473449433
45979 -89.6156055382564
47579 -87.90227752559879
49179 -81.55088458264818
50779 -88.19312986093401
52379 -85.96293516728893
53979 -85.73459053987212
55579 -81.17200375378633
55665 -108.53966422834371
57265 -82.18182777845338
57318 -111.97676281742193
58918 -85.5463398515427
60518 -75.92492095956578
62118 -77.43106903963219
63718 -87.56149652907497
65318 -80.32187403816992
66918 -70.10698472902129
68518 -72.43366332853401
70118 -70.22905323595256
71718 -65.3680968592862
73318 -76.12427375236165
74918 -77.55464797552851
74963 -105.79498837600153
76563 -70.56102412519235
78163 -71.96686970065768
79763 -73.33259090919043
79852 -110.65038550505166
81452 -68.32397153177051
83052 -66.93633933820144
83109 -109.18835220028957
84709 -63.62403647471909
86309 -67.02411355222728
87909 -63.884237439005965
89509 -66.56312984920068
91109 -61.793024144637165
92709 -59.41681524246407
92779 -108.30883698027891
94379 -56.6882544833645
95979 -59.80704295828934
97579 -53.34537260455913
99179 -62.35813116112426
100779 -62.67788259122594
102379 -53.34905658559974
103979 -51.618009286430926
105579 -56.674476743442945
107179 -54.24919135108783
108779 -45.83688818467291
110379 -47.1675549171704
111979 -58.88050056801303
113579 -56.61658157465993
113707 -110.09031907839577
115307 -49.2164874301689
115423 -115.1910296697418
117023 -50.122708171832635
118623 -74.44485952321423
120223 -35.85089282138393
121823 -41.00881030195175
123423 -58.552907736445604
125023 -49.9320342375922
126623 -34.84101732804748
128223 -40.79895048198228
129823 -32.34305863528761
130207 -125.81535327149864
131807 -36.45594390765457
133407 -26.99923278559498
135007 -38.061220445916085
136607 -41.15525991258709
138207 -27.725506457804403
139703 -120.0654474500188
141303 -19.896316160672683
142903 -26.272430960778117
144503 -20.685113016111792
146103 -23.490062840553634
147703 -17.525886856156713
149303 -10.633925477196161
150903 -12.761641107710087
152503 -5.00888346754604
154103 -2.967691243929168
155703 -0.6784543052607588
157303 2.688518076289447
158903 10.839719914910072
160503 13.861128395467368
162103 17.44306056241072
163703 23.48711714704147
165303 48.17520501300942
166903 35.37374662368936
168503 41.91597226224276
170103 34.92522551808445
171703 46.29008925476741
173303 49.708592874118395
174903 73.24219529582551
176503 55.9264493399618
178103 62.53066646464799
179703 74.58448365669894
181303 79.47644674229794
182903 75.36860813994765
184503 104.039998207866
186103 108.26685103306968
187703 92.91563685356024
189303 108.05601006960312
190903 113.77766149327557
192503 109.94474122690721
194103 112.2863310335421
195703 125.53857197123521
197288 21.4169747457492
198888 133.86258143099437
200152 8.558166518781164
201752 134.66600665147004
203352 123.3133828112606
204952 143.32967081940677
206552 151.8738575266877
206724 -89.90802856819022
208324 146.04707979533003
209924 107.34790801267704
210939 -27.03470763436019
212539 158.40102361184455
214139 144.35141679279954
215739 134.04043282991822
217339 119.44109246239998
218939 133.55450655109954
220539 158.7566320412231
222139 164.7735416538925
223739 153.22960215687183
225339 143.318416723388
226939 148.16188515161238
228539 153.05306728016097
230139 155.63187249005796
231739 148.64797806937057
233339 144.24574064513902
234939 165.74993903418857
236539 173.89035908261727
236939 -71.24752187802086
237650 -33.085096335335976
239250 183.4849108396235
240850 188.5574915710066
242450 177.0236333465854
244050 185.39672309422622
245650 165.89511544012603
247250 170.1931804142829
248850 169.83824128053098
250450 184.8231593232817
252050 186.2640759865214
253650 194.8111985005265
255250 171.2752341524086
256583 42.305850960499384
258183 181.84897459580733
259783 149.7293378782222
261383 189.13618030454202
262983 191.45368001030081
264583 175.30053808258992
266183 182.52854711471915
267783 188.66307280898954
267851 -110.99017892564834
267928 -120.37598413727991
269141 -17.72273255572145
270741 195.68677605054415
271745 10.395962116101714
273345 179.1406736663245
274945 188.90340101715486
276545 173.40298514057844
278145 174.85418409462636
279745 164.53387922386443
280944 28.54503782699794
282544 161.75881816841112
284144 193.52294006765447
285744 191.08027072208526
287344 178.20594910942276
288944 185.6429701727191
290544 201.02551260904778
292144 197.41260075675544
293744 205.74294336926323
295344 178.06881820619037
295461 -122.96940822631119
295571 -115.06797779634842
297171 172.5315883815386
297266 -130.86135413169615
298866 203.47189265795745
300466 180.21509190800666
302066 182.90443483626484
302222 -93.16850605460567
303822 193.26450593922993
305422 171.76875014465404
307022 195.08163077628598
307128 -119.86003642451826
308728 190.9857907899792
310328 179.75685355847594
311928 172.16031796903795
313528 163.8975312593201
315128 180.2315375159769
316728 170.84066590269194
318328 165.53016348647824
319928 171.7430085403401
321528 202.51186029610903
323128 185.247175951844
324728 185.11263419190456
326328 180.00820083277333
326435 -126.52774786826782
328035 185.5475254164681
328111 -118.03572204746679
328185 -112.41138272856051
329785 205.46599331816154
331385 178.49651478056555
332985 180.41543560533387
334292 29.597766851913093
335812 73.59341216291062
337412 175.76241263354393
337789 -64.51076232126792
339389 151.97456763908843
339510 -116.48263331616607
341110 192.88095170919027
341201 -121.37312266226363
341294 -125.85623987299763
342894 188.68679778510202
344494 187.14504454693792
346094 201.29032139813128
347694 207.51012719071713
349294 177.86270301741718
350894 196.367000551153
350988 -115.57491149152257
351071 -117.40818147967508
352671 169.96353618482044
352822 -99.50905261334901
352870 -112.10755072566805
352948 -112.63821248773175
354548 186.47626692573184
356148 200.7228786724523
356272 -110.67747632173077
357872 195.68166992701916
359472 203.99807970015925
361072 175.05186429228752
362027 -6.870322272378914
362133 -113.08608859179293
362281 -121.89449840284823
363881 190.08148543726713
365481 187.53643774164735
367081 175.74567231294014
368681 186.45709082846773
368793 -106.7826177539217
370393 189.79289159351242
371993 159.24922256912967
372064 -110.99533257378762
372131 -114.17554191528447
373731 197.23007557145127
375331 166.28557362319893
375450 -123.57624319887223
376944 63.75199150168416
377058 -106.74377568924737
378658 172.5355039482433
380258 191.31166262362217
381858 178.60138799980695
383458 188.85482754227382
385058 173.55634716577475
385664 -32.18041535080721
385874 -88.11412414277594
386006 -100.59180541972941
387606 183.34809417864156
389206 175.8861974771966
390806 196.78267764460202
390894 -103.34788247369788
392494 162.4595166322972
394094 209.52976449588604
394174 -106.3998694433067
395774 188.09456053778393
397374 172.05181666560057
398974 185.42341731533034
399041 -110.91882026659015
399110 -118.84314519523394
400710 170.37789198063834
402310 191.18930308892567
403910 202.35133426470358
405510 148.26041359527332
407110 187.9406469868638
408710 194.66038307320008
409646 18.272432692832254
409745 -120.82356929690887
411345 178.6764857498195
412945 186.3847276849387
414545 196.64536405495272
416145 182.9430605585583
416204 -105.43860076780555
416333 -112.17645194395321
416402 -105.38396376595895
416500 -111.97064086819502
418100 179.1316909443725
419700 201.99585829605178
419800 -124.53157321224859
421400 186.85930255623865
423000 186.80163565474817
424600 199.26092932607452
426200 172.1380499420549
427800 201.25348315937953
429400 183.1685413963711
429649 -75.92956683202895
431249 192.15858054683875
432849 210.41627081583675
432951 -108.4319866045074
434551 215.890094784141
436151 189.14246123208846
437751 202.64962616917202
439351 193.9808201066586
440951 212.3136933908856
441044 -96.93782745458248
442644 174.16923065735634
444244 196.09795574204176
445844 209.02716936693966
447444 198.24367040575356
449044 198.95775548558225
450644 199.25862789724084
451572 14.561758388920396
453172 177.16616475018606
454772 205.73968648972783
456372 204.3127567848889
457972 195.21330152340602
459572 191.049445941758
461172 206.40269591740505
461224 -103.3152745359751
462824 201.28343897121144
464424 185.1887438961655
465571 7.3053151518684984
467171 219.5286689335186
468771 198.9935385718052
469846 17.473518450152042
471446 198.0597833276846
471536 -122.33596924425352
473136 208.89974136197105
474736 200.3023318386028
476336 217.35126222010157
477936 206.86937801622253
479536 196.13717399748126
481136 199.7732332777991
482736 192.2664455824111
484336 208.3224203994543
485936 209.4324713874334
487536 203.93535063380526
489136 207.08349911240492
490736 191.56722969206086
492336 217.90417858321274
493936 198.8519963802222
495536 207.19005944325582
497136 235.4828264593453
497245 -111.74307436710286
498845 208.97724767106303
498936 -116.2704456730007
500536 191.18621452113783
500932 -54.5595661553548
502532 215.20608873788555
504132 192.03049334067939
505732 214.69805260396416
507332 212.25592661226796
508932 230.53782707706267
509917 10.92153675221769
511517 216.75513519653433
512225 -18.27081849820739
513825 198.16328958174853
513969 -97.881142823698
515569 212.18072118033288
517169 209.77823354548318
518769 189.6451782272506
520369 221.194730498765
520460 -115.26033379731017
522060 200.14017806296854
522315 -83.22961288550745
523893 92.77964162420642
523984 -103.89865924822229
525124 33.266440133111985
525210 -120.45290651194564
526810 224.29919994539569
527751 13.706503186954748
528427 -18.396814753990512
529650 51.06592433401789
530699 39.75603832786163
532299 205.76852546756638
532725 -52.4668315006625
534325 186.56273960276158
534487 -93.7925765589904
536087 201.32705244963645
537687 230.7895814333369
537766 -117.49631980942127
539366 223.4858016679482
540966 232.79904428065046
542566 223.81154667535355
542855 -75.36761402613732
543702 -2.700408867110724
545302 226.31892773751113
545366 -103.17561244213891
546966 232.15261722935458
548566 231.92501177426104
548725 -105.57700678352266
550325 215.90508875577657
551227 -7.977239850875122
552827 212.55673719577786
554427 198.1530928831294
556027 218.9375455905393
557627 219.46993291626495
559227 237.5610330555238
560827 216.69645226472338
561357 -37.925524389952415
562515 38.521178620416066
564115 190.43956777403466
565715 209.37817589183229
567315 208.08520137123432
568915 204.73159169264162
570515 228.35854454478044
572115 204.02373319783698
573715 194.6365249297571
575315 220.03923339128914
576915 208.4605606038601
578515 231.2794301435672
580115 204.46181310165275
581715 210.57563540980635
583315 240.63236087852272
584915 224.55899343816623
586515 219.90169389645507
588115 227.94287254586436
588224 -121.08508163329648
588319 -108.17618605234723
589919 205.39247541461052
591519 223.89233056718675
593119 216.20041447687458
594719 237.20603862619052
594843 -108.13875498621725
596443 201.3437307513105
598043 216.60631999670218
599643 222.7854727472778
601243 225.414302939865
602843 205.5617810119554
604443 207.18240037199473
606043 196.43352580567273
607643 219.3351318671736
609243 226.21729387205588
610843 228.63993750681385
611900 16.878394534056483
613500 222.88953645303718
613584 -120.7525089649763
615184 219.65863411925233
615253 -106.3502233105842
616853 203.46666804427412
618453 222.09071586414433
620053 214.83499905157188
621653 221.08190413283018
623253 208.8394333839441
624853 198.18301300276863
626453 200.80301732952725
628053 223.17014965183796
629653 211.15395434982526
631253 198.90200470204655
632853 217.22441849301515
634453 201.34228216164186
634583 -105.52501500905554
636183 212.1698657134888
637783 216.23486320711612
639383 236.2060237866823
640983 212.51226727154105
642583 191.44968316340072
644183 215.49656771385668
645783 206.5970990051117
647383 211.8114273990617
648983 220.97676863324483
650583 223.4822911354163
652183 226.2785412654454
652331 -83.65709298369724
653931 233.73725728797743
655531 217.22549216514415
657131 241.41460693847284
658731 223.87446849180537
658884 -95.05197374743223
660484 222.3298982307065
662084 241.74895314062005
662814 -8.129059381449608
664414 220.4539518861119
666014 237.94537392177838
666397 -53.23762250777025
667997 237.22290383269583
668107 -97.44819959146406
669707 250.91245149986173
671292 128.0139644068004
672892 243.20700997728736
674492 230.6234499889935
676092 233.7648048053371
677692 224.55454138989379
679292 254.70736960886765
680721 56.80434837176236
682321 214.29876089486612
683877 112.41499263415577
685477 228.9556549743801
687077 248.4072834722832
688677 233.73333756781687
690277 239.25047260405128
691877 233.0362203438018
691960 -115.06147241082539
692765 -0.6434199827202178
694365 222.1450940254558
695965 216.38927364249813
697565 217.37908224182783
699165 254.82291694520924
700765 249.75237394579477
702365 233.39416343987284
703965 233.92117501370353
705565 203.8893599045289
707165 211.71056704027816
708765 225.7558180818217
710365 245.04183817250765
711965 229.71546834136385
713565 210.68372855067062
715165 243.3489945604114
716765 248.6584845469538
718365 224.18039633732027
719965 218.10084453324583
721565 200.9127350345559
723165 237.52306356965664
724765 234.4710207841481
726365 233.58626957380088
727965 231.9174599581294
729565 202.75701439083704
731165 201.6588148336165
732765 236.01358287651934
734365 241.8173022796448
735965 224.54805444682302
736414 -51.25359519160545
737508 79.06627068690653
739108 243.90728650466508
740708 210.60021538486808
742308 251.21163837095827
743908 244.62427947699987
745508 252.6876622558737
747108 248.48713883634136
747262 -109.69930150288654
748862 251.58543993213715
750462 240.02806957965902
751601 53.48244576477629
753201 240.135509549472
754801 216.29119899566984
756401 240.12409630724662
758001 229.3399700273037
759601 233.69518124958893
761201 219.9562262498679
762801 208.1277328077817
764401 238.88819307816286
766001 255.5241553348303
767601 216.86522203690947
769201 259.5129759658776
770801 254.8829402324414
772401 236.82008065003166
772746 -89.8319391924627
774346 229.1049072788835
775936 263.00044745383576
776079 -113.2498020376917
776183 -104.75168809511948
776269 -106.84098683805391
776434 -116.45098179352098
778034 247.60570213241334
779634 229.6089829499119
779733 -109.82232667561372
781333 244.50715181095057
782933 250.49200243024842
784533 243.5760017100348
786133 244.78736338982043
787699 264.92198896519113
789299 243.61401434641866
790899 240.68001749366712
792499 232.39795948640645
794099 254.7303476403728
795699 214.03292130516735
797299 243.4068578599294
798899 218.9359524532455
800499 213.4068613691296
800587 -108.35481061646652
802187 247.25452445832357
803787 254.65821645710997
804240 -45.176320766123695
805344 60.93366506240514
806944 252.20760520315162
808544 220.8601167324428
810133 262.5840113471955
810244 -117.72134002404536
811844 253.82447422787598
813433 261.1622530507401
815018 263.6836801213947
816618 250.88281636291939
818218 196.83198533619364
819818 198.05968468262702
821418 236.86567205290368
823018 245.83779258275132
824618 246.28031217314577
826218 250.94843653960885
827818 261.1715954497771
829418 254.12956400052963
831018 260.0076185263145
831090 -106.32781151543682
832690 248.06102715555474
834290 248.87274781688185
835890 243.88100082601395
837477 263.5717219225411
839077 244.80574961141906
839161 -107.66924215602441
840713 265.168109077923
842313 245.91201421878728
843913 241.70097808597293
844044 -101.90792236291182
845322 81.12224278473352
846922 253.18004149186527
848522 226.90633383024107
850122 247.0731314478618
851722 249.74910743421322
853322 208.14473565336615
854920 262.6743351827415
856520 249.86379400165555
858120 235.69577786730196
859616 269.61467439369846
859893 -68.97672818202463
861493 243.81512181874285
861702 -68.8370031612056
863257 264.6302082217779
864824 264.1244019032192
866424 256.46834381935827
867518 84.0990928693954
869118 246.86349804270526
870718 253.94958163988778
872232 268.7112397760673
873819 262.5804932837511
875290 267.88457771261875
875412 -114.75758681450162
876974 264.26572090938424
877981 43.1046503150302
879513 265.1894692588686
881113 253.4501946914715
882713 260.3894090517262
884313 255.44000096739254
885867 262.55981601558636
887467 255.85418314958713
889066 263.07757377817313
890624 264.5302734702168
892171 264.9741909745481
893650 271.01817685263103
895210 266.8851045969761
896718 268.64759724808647
898318 257.5208347364654
899918 239.4068541719833
901518 251.43137649961906
902252 6.31209166330531
902334 -112.73621123212327
903896 267.94476023039874
905496 259.531293472503
906957 118.4198066441586
908557 250.08746002102978
910157 248.9052860209465
910472 -48.49767145344866
912048 265.87864390386267
913501 273.20728894788186
915101 259.5851835647631
916637 268.69643205465655
918174 268.3240852108779
918309 -127.28204209536686
919884 266.3276943984947
921422 269.86696585446845
923022 257.2919834798973
924601 265.91208580540354
925621 57.59992385659376
926280 1.5983415509373486
927839 267.34544136082025
929375 268.6753565321694
930623 92.1415072169471
932145 269.3158717872309
933705 266.3187401162709
935305 258.8694285631968
935417 -116.91255297006481
936981 266.64971755542496
938581 260.1023992889288
940034 133.6129239240314
941535 269.69253470811395
941837 -55.93743629579926
943367 267.20701463340106
944207 48.952912012681054
945735 267.930085933393
947171 274.66369905067654
948060 32.1198711177791
949657 264.97843220522225
951142 272.4514378836317
952679 267.15645792403603
952862 -90.83373490102775
954423 151.06397253392768
956004 268.00773992414923
957557 265.7513917918059
959157 262.42556192909746
960699 266.9942893812025
962227 268.38706784381156
963827 256.98292807098363
965417 264.3780160251625
965499 -125.44255586947935
967099 249.70603175526912
968699 254.2341392543836
970278 265.7514266056258
971790 268.87523865262443
973390 254.11755495197244
974990 263.98369787528696
976479 271.1692705203973
978008 268.7333775751554
979608 263.7321079550673
981040 275.70991724127094
981526 -27.252094488169405
983109 266.3365595047607
984666 266.7069725568749
986266 254.6513349221279
987307 75.53856595381092
988745 136.29374771173727
990286 268.20259795273495
991886 261.2978855192818
993425 267.0026174815718
993617 -81.13157919130661
995091 270.49394003844566
996674 264.10152264675725
996955 -72.26763707281802
998530 266.5632650211474
998724 -99.03440472212743
998818 -110.1859042981981
1000382 264.64019529751687
1001943 266.31131568637477
1003401 273.92433929815513
1004958 268.22790549022596
1006554 263.33121257295034
1008001 273.6502770304568
1009551 266.9220998148742
1011150 263.26489208141504
1012709 268.081580543612
1014278 265.49813694792107
1015754 272.0803031437056
1017275 271.20499367249295
1018835 266.62138238678665
1020434 265.74816504244376
1022034 247.77529526318511
1023481 274.4994688495249
1025081 255.02403378182922
1026681 265.0340557263271
1026757 -98.63899389161108
1028331 267.0613339875248
1029802 272.7474088392774
1031223 276.46435541279794
1032791 266.27739769111366
1034271 273.4094450842867
1035686 278.0238171491482
1037075 278.536861689018
1038657 267.6166501419924
1040169 272.7429839739873
1041715 268.67634725421914
1042965 115.81075854981412
1044510 267.93792274405246
1046056 268.1458965799655
1047559 273.1692566568398
1049159 245.94188506473347
1050759 260.04170694970065
1052359 261.20289769179857
1053920 268.72869396710854
1055510 267.4954276952784
1057094 266.68899654176283
1057454 -57.44306946843496
1059054 264.7938124565671
1060654 265.71429527394736
1062094 275.7765208704858
1063547 274.86663754045765
1065106 269.8385744589614
1066666 267.1505343171638
1068191 271.0192840292445
1069674 274.17335978819506
1071175 273.2089287035618
1072743 269.13176682221507
1074223 274.0749148958551
1075818 266.9935267178279
1077324 272.13428655755473
1078924 256.91128841683934
1080213 116.50370024006378
1081788 267.9836518769423
1083388 250.81766768048826
1084952 269.39887525573204
1086449 271.1469164503104
1087986 269.50239740638494
1089564 270.00810799369214
1091164 257.8335994384984
1091329 -93.4170305474891
1092928 268.968311135936
1094528 264.2764317744224
1096095 269.039461819962
1097695 250.64314662559764
1099287 266.9167616968688
1100833 269.08842471356917
1102371 271.90688726708345
1103489 100.57599569647772
1105016 270.5198410444977
1106557 269.4960217423309
1108094 270.0599845585808
1109598 273.4526829091191
1111085 273.94853840602684
1112641 270.6222737324535
1114203 270.4478591402446
1115803 262.50140556569903
1117333 271.71083284494364
1118805 274.89682085332134
1120278 275.9865837622593
1121759 275.70421461165006
1121834 -101.1186996057971
1123306 272.2457334106176
1124747 277.29690714212603
1126179 276.0620712586121
1127686 273.2223173822839
1127967 -63.10154500839177
1129515 268.7224910468071
1131078 269.42924973082745
1132678 223.4596292584704
1134278 265.7895867056906
1135827 269.60689101455245
1137322 274.370716855781
1138892 268.3888911495639
1140453 270.76118835549465
1141981 272.7083794761865
1143572 268.15408334082474
1144036 -46.617731643385554
1145521 274.6983892168896
1146947 277.8775408774652
1148475 272.23414743775555
1149946 89.25597021967744
1151485 269.3211565533411
1153085 234.5951265927926
1154663 268.7176796017851
1156225 269.77578876546215
1157757 270.54659794457655
1159255 273.15713100416025
1159334 -117.19777402873213
1160836 273.79392620833414
1160919 -109.86002716457472
1162392 275.0299663721968
1162632 -74.0072635293249
1164040 148.5382339767968
1165528 275.0755162956249
1167043 271.8061491204938
1168477 277.995673110885
1168617 -97.2328326653
1170217 266.29775911646584
1171740 272.1553971131283
1173304 268.6530342119949
1174853 271.55066951792384
1176414 270.4103632109919
1177970 271.40633425429104
1178761 33.20169905692427
1179644 30.413211616590814
1181076 276.54927719379504
1182584 273.2401114932716
1182945 -42.48476648469583
1184486 270.2393803112539
1185893 278.8684675062629
1187453 270.22021074028896
1189053 243.41225314492783
1190557 274.05544910538134
1192122 270.54176560313425
1193641 274.35171477239004
1195132 274.03466359656267
1196732 262.35446647568574
1198250 273.75275695565244
1199818 271.26426493293985
1201359 271.5302449464083
1202868 274.66243442233275
1204360 274.1228677218698
1205836 275.5380679762886
1207269 158.5140928455836
1208869 265.677685900866
1210349 274.2979233556633
1211807 274.6057134394232
1213407 264.07788499539726
1214873 275.1353944288583
1216425 269.4077325754887
1217872 277.8527385397599
1219404 272.1577293303873
1220979 267.76111710301564
1222550 270.54170390262016
1224011 275.96542457930786
1225539 272.1955501615047
1227000 275.6375473449073
1228415 279.9860399504854
1230015 262.38790684751893
1231531 273.5987219843939
1232409 68.143756112858
1233844 278.41304387966176
1235330 274.29102757897056
1235966 -20.490717208870265
1237459 273.7538919812358
1238979 270.83863324874966
1240438 276.8479332091397
1241490 55.88023723692635
1242938 275.52896921592674
1244478 271.22366278917724
1245803 150.4619138743796
1247403 222.4292621956029
1248994 269.6424724218454
1250441 274.87723648548393
1251973 271.6860937063053
1252525 -9.765327050917108
1254046 158.6493500984252
1255577 272.606616042274
1257017 276.0425799178882
1258475 275.15107549332396
1258567 -116.11691222787897
1260062 272.68042843492
1261591 270.14896094187293
1263191 265.94832166125616
1264737 269.15063206081345
1266265 274.3043724586567
1267799 270.0993087414215
1269290 274.70070079060423
1270766 275.0533965377613
1272334 268.4214908925714
1273908 269.69418509322315
1275455 271.13164049151203
1275590 -125.82203214163675
1277123 272.08443834836856
1277622 -14.34257315455686
1277740 -122.77335976415625
1279274 272.80468800419794
1280854 269.9607939140971
1282453 266.1912618144052
1284038 269.9117824886643
1285604 270.86991564264997
1287204 264.90693007563027
1288804 262.7596035194589
1289038 -66.30442510830488
1290550 272.1643481985505
1292110 270.9571630418383
1293573 276.4497781900237
1295119 272.35618724021447
1296719 261.1438235184011
1298207 276.6986094418542
1299800 269.9199007731824
1301339 272.7452602984638
1302881 271.55165535501976
1304404 273.5921828414554
1305918 273.24334286198456
1306859 51.11569382177467
1308408 273.303754604952
1310008 260.1950436636771
1311508 276.0706035059998
1312982 276.0301634171435
1314504 273.7968328405329
1316027 274.8944408047241
1317627 268.67891921587574
1319227 253.21251193733872
1320739 274.26817117565787
1322217 277.39358339979316
1323817 256.90974890128854
1325417 269.99648795312595
1327017 263.9597882616354
1328573 272.2707863096402
1330049 277.23641270654605
1331547 276.27529158940564
1333038 275.8191955426515
1334638 267.3238106160422
1336176 273.61784487996334
1337681 273.6083759741331
1339226 273.10622740291086
1340661 278.47349071185147
1342091 279.3863827934287
1343606 275.1353595819477
1345206 250.92785432086825
1346634 279.77188236732445
1348234 266.2638398247456
1349644 116.3540030284694
1351214 270.39982723167185
1352681 278.59930686765847
1354281 263.85612975316104
1355741 277.63667480359857
1357341 234.16111204636945
1358941 264.65391683234395
1360465 274.3508174313996
1362035 270.8365194491187
1363583 271.6939896739352
1365041 278.06198337443993
1366591 274.65457688078794
1368083 277.3013659789719
1369588 276.264314531023
1371055 277.7561686537706
1372501 277.1100453408093
1373961 278.9595215218304
1375415 278.78338048445215
1376910 276.0761855185255
1378256 285.8238085949822
1379160 31.922896075228067
1380734 273.16191038613204
1382334 257.4920269411229
1383934 269.15997448321326
1385434 275.92601818847913
1386855 281.1713017886614
1388239 281.20059681432923
1389721 277.8496491725435
1391219 275.9237939057255
1392738 274.7496788372057
1394338 263.35922220720397
1395843 276.0666155901897
1397288 280.22455058694857
1398773 276.2359494376556
1400231 279.69903844259926
1401759 276.33336820205886
1403188 279.3967540754413
1404685 277.13583680650027
1406091 280.94234338050876
1407437 286.10472655977054
1407866 -31.163139693044812
1408027 -71.37553565435734
1409499 168.80103961098922
1411021 273.6595397430017
1412409 282.5007992237403
1413964 274.6894230860461
1415482 273.8062506227748
1416841 284.3930423350583
1418247 282.26392461440366
1419751 276.67172818033544
1421014 101.2714997016879
1421383 -48.448229660707206
1422918 274.24303523502783
1424432 276.8520817582542
1425823 282.8864405784075
1427228 282.28471598520434
1427847 15.946945299447634
1429308 277.346856827772
1430908 259.379416517477
1432329 281.45275996660547
1433695 284.0847263093317
1435135 280.64219628355863
1436624 278.2321717475731
1438146 275.09045382871403
1439523 283.14322987711495
1440906 283.36842307675266
1442460 273.95533113996305
1443858 281.726286431217
1445358 277.41456977102735
1445809 -26.84772593269811
1447364 273.73050993924477
1448919 273.0292110819678
1450388 277.827339490362
1451957 273.6007824998848
1453359 280.76646201645974
1454310 65.43693074332523
1455890 271.4445482861687
1457304 280.2412903659917
1458803 276.48464638834884
1460280 277.2143730181483
1461870 270.3122624345046
1463254 282.05716705714417
1464728 278.66369200761443
1466244 275.34474182955324
1467598 285.1368074120213
1469135 273.8683867576588
1470735 271.2508895055842
1472139 282.3459131422847
1473522 283.9125107964407
1474944 281.3542583993937
1476308 149.4438991151732
1477796 276.68522940675876
1479209 281.34292349042784
1480719 276.9188907716202
1482151 281.56307044487556
1483363 118.47704198951004
1484802 281.2321144626755
1486182 158.1837066144421
1487763 272.7986026175852
1489177 280.6868085243504
1490616 280.6027175605073
1491859 144.9737385145163
1492786 51.96884292447314
1494249 278.18054205643483
1495702 278.17749503883795
1497057 285.6018027677082
1498458 281.0619142451039
1498644 -80.63433903887744
1500138 278.90733939067337
1501650 275.39410484882706
1503162 275.43425041347945
1504612 280.26179530777307
1505985 283.09693528313505
1507431 281.13880409649425
1508985 274.31886412583344
1510542 274.35844168457504
1512076 273.6918426740304
1513493 282.18758358709925
1513980 -42.19285385146243
1515410 280.55604440549916
1516908 278.86328540045565
1518295 282.8719253677072
1519660 283.7847066736976
1520008 -43.41765769508667
1521438 280.2599248552628
1522818 282.4039069864561
1524161 286.4550075655099
1525089 57.317012294362485
1526364 85.68825662800234
1527757 281.7591095676175
1529304 274.2560121214762
1530679 282.67323438372244
1531990 287.37882624980756
1533012 94.72792420216408
1534476 278.13315774889423
1535830 284.6978200068469
1537230 280.4252695475596
1538635 283.91201337945085
1540040 282.06442474809023
1541512 278.8835308084836
1542859 284.6118961315598
1544276 282.552595992539
1545792 275.8187005007925
1547190 281.29164901982915
1548694 276.32436108722084
1550143 279.64732257626144
1551515 285.61684638505074
1553016 276.5761467826782
1554413 281.37642529416917
1555891 279.96543481798403
1557281 283.13717247570196
1558621 286.6762458894411
1559977 284.3751607171782
1560937 83.08187972795469
1562303 283.70977211515526
1563659 285.76360197685005
1564999 286.53263589046696
1566393 283.41549788447907
1567714 286.99810059808397
1569108 283.0595025246744
1570624 277.5070648589675
1572023 282.9162985632882
1573418 282.2964074868868
1574793 283.7450572982015
1576235 279.512123885096
1577668 168.788675594263
1578158 -3.9464440312168136
1579594 280.11596848036095
1581024 280.09213613048445
1582503 276.9866051433673
1583909 282.2506511959919
1585302 283.557925005119
1586675 284.0236291639986
1587952 289.0724964890498
1589249 289.21483774803835
1590703 280.4591268824099
1592104 283.7760057555368
1593517 284.89336340944544
1594996 277.07388269426036
1596407 281.8335981652145
1597847 279.0108519454487
1599258 282.5416004360816
1600647 282.1507441974508
1601998 284.53038370794235
1603436 280.929167229367
1604766 286.29388925803477
1606184 281.0515670096001
1606485 -55.36767943907029
1607878 282.0374502365724
1609271 284.5482287611278
1610677 283.7294485148
1611045 -35.64396121544205
1612364 286.45508524255945
1613109 65.56364770904258
1613261 -115.72163767359406
1614671 281.9106426721375
1616147 279.24407677369044
1617475 101.6163577812741
1618279 51.28635885979861
1619609 284.72563570278106
1620252 32.8277965205871
1621581 287.3274223975574
1623098 276.75146677112633
1624495 284.50804832280585
1624922 -35.77340749789711
1626347 282.4643814906061
1627747 283.98320569315683
1629138 282.6407414386833
1630567 281.78049922846634
1632085 275.79926929631625
1633547 281.07454618854916
1635052 277.3640111846315
1636390 287.4343020768726
1637851 279.4912158578774
1639184 166.22810286269123
1640632 281.0448607883082
1642129 277.93802266301134
1643524 283.6942837694989
1644879 285.21675316215664
1646239 287.07458226808916
1647634 282.7238633405625
1649008 283.847377052873
1650367 284.8867199434294
1651758 284.0417470933453
1653134 285.20680498348634
1654481 286.11275868454953
1655877 283.7857392153279
1657391 277.15399019269904
1658847 280.8200238178502
1660213 284.5086644077597
1661613 283.8948015570475
1663091 279.94548774859277
1664561 278.6240669915272
1665974 282.8652711613153
1666621 23.183518310039773
1667983 285.73832415505495
1669403 283.94448201938985
1670771 285.41382041050053
1672138 287.0716251528837
1673565 281.84184912954674
1674881 287.21759637674285
1676336 281.0159673433912
1677739 285.52084163787436
1679129 284.5818490354442
1680383 291.9901954448462
1681749 283.7195355298593
1683192 281.98914578024505
1684561 285.1044401839853
1686044 278.91991650912576
1687246 296.4807862514572
1688609 286.42448235398024
1689949 287.6764306043245
1691287 286.39644402229004
1692614 289.3543523327031
1693973 284.88732131135083
1695308 287.27938214152255
1696641 287.4255676995216
1697970 287.17484152677963
1699380 283.20342998130263
1700766 284.60349396117437
1702087 287.80760137435965
1703505 282.6821830492351
1704803 290.04839452535157
1706141 289.1962199522221
1707453 289.48812956908495
1708755 289.1446348435032
1710078 129.21709538783995
1711413 289.1468243807162
1712731 288.72419925875977
1714006 290.0584582209866
1715436 281.49293544731574
1716793 285.3888291013283
1718093 287.93681572747056
1719471 283.2311146478918
1720793 288.28722450966086
1722322 277.3034239846691
1723885 275.54062314572434
1725258 285.4558756285826
1726680 282.937477383322
1728039 285.84150196553804
1728232 -79.79062579926352
1729514 291.1993755044618
1730723 295.72361807755175
1731369 22.617378885205355
1732785 282.1803922583765
1734116 289.3031801813213
1735648 274.6690465071348
1737043 284.3413621114029
1738388 288.5223712067169
1739973 273.43003333435985
1740771 23.673292684400394
1742123 286.26902376904445
1743525 283.9521220941279
1744942 281.1309813200569
1746377 280.3926652966637
1746501 -111.31272185100181
1747822 289.2825214150211
1749239 280.84787956681146
1750478 293.9416083762611
1751834 286.182822732432
1753243 284.4821477751955
1754584 286.9414017506219
1755935 283.4040785681178
1757312 283.6484017505064
1758715 283.293201866627
1760105 284.302659710978
1761454 284.3042901844374
1762834 283.94861973149636
1763650 67.51325213312506
1765004 286.260498431281
1766281 289.66755073514054
1767637 283.98072373411134
1769043 279.534790561179
1770438 283.8606383692435
1771733 287.20091059904036
1773117 284.65339525672226
1773732 15.457863351553144
1774995 292.233906924116
1776323 288.46595364639546
1777239 110.8332295178208
1778532 288.6102083301658
1779914 285.28172046407775
1781211 288.309864520574
1781450 -73.24853801032341
1782667 293.5906722890047
1783938 291.7149300379663
1784796 70.62755101388197
1786087 288.6979147132296
1787000 81.63154744983768
1788299 288.13715838830757
1789590 288.90003022894285
1790965 283.0854182792092
1792321 288.1348757894131
1792732 -21.580094378905102
1794003 291.9880801138804
1794600 -12.816259370255594
1795927 288.2895478948062
1797285 286.3582723184516
1798554 291.90949845270194
1799848 287.85114868364025
1801066 293.71181443790965
1802344 289.34981345275105
1803069 46.11727010556973
1803209 -103.07015007852809
1804232 141.6509805513857
1805625 285.2430441098674
1806908 289.1554095236151
1808241 288.8271645692324
1809599 287.71145035117286
1810894 290.86509221542974
1812276 283.7488520519194
1813511 141.58983342703752
1814874 284.9925599856283
1816063 296.5700117811081
1817357 288.7107602714344
1818722 284.3987080660776
1820023 288.98995129848777
1821350 286.26241879475464
1821949 24.594822275451065
1823226 291.5784557059337
1824537 287.3180079876689
1825803 291.21099670487445
1826075 -61.658616127380476
1827504 280.1655268320482
1828722 158.00114569254475
1829961 292.78047804454343
1831172 294.7696709445127
1832483 287.4652820873373
1833312 75.11136835824882
1834499 296.9794448087835
1835792 290.1330018818001
1835925 -93.71762720852531
1837199 289.611958045296
1838463 166.94790152788642
1839754 288.9902306508895
1841043 289.8397760838386
1842429 282.20654845399423
1843785 284.8939017729838
1845185 282.77616496002605
1846081 58.106149206865126
1846700 -2.889021868965898
1847888 146.0157568032116
1848719 93.38453748986137
1849767 62.15764955707192
1851069 287.03390540883174
1852411 286.4340631122644
1853658 291.5907401770636
1854857 118.53550850264597
1855632 8.787342328986696
1857007 282.47333175208036
1858265 292.0833524996578
1859121 72.35563381264359
1860445 288.73215123862167
1861739 289.7909346332621
1863031 289.1469032693403
1864265 168.88536941188028
1865693 283.12650053744557
1866944 292.3476602883575
1868293 285.9116641756211
1869521 295.3221476871738
1870851 287.4194215451344
1872122 291.2027059836758
1873359 291.3949803662562
1873493 -94.42758888202037
1873632 -110.1580813152908
1874864 292.55029357850236
1876132 290.67313644438514
1877536 283.2594423916306
1878817 289.97441858706964
1880147 288.6591565678266
1881586 281.86211187354917
1882981 283.3454654111193
1884339 285.06644092629216
1885604 289.3984051204951
1886238 30.039851104912827
1887525 288.8282432598359
1888815 289.561118230056
1890197 282.89650050031025
1891435 292.25451101679727
1892856 281.0809709213019
1893024 -96.85711420908385
1894257 294.1315629853853
1895529 290.9355329936545
1896910 284.2000652193974
1898169 290.9472530995717
1899579 282.0194276124426
1900933 286.0576089176805
1902230 289.23741945389907
1903687 279.5694240853865
1905155 277.30510632856317
1906393 292.33205528763665
1906968 -28.677855418275314
1908278 288.1474448225301
1909591 288.70042793024834
1910953 285.9108088236564
1912296 286.4325326797557
1913712 284.3619221377825
1915047 276.66035717268187
1916331 289.67972439156733
1917573 293.452625358928
1918873 289.01763726271196
1919602 45.04164274954152
1919801 -81.15723979728482
1919938 -109.68357897295678
1921181 291.74702738793
1922418 292.7377409163506
1923805 282.8738539443964
1925165 283.99759835166634
1926442 289.68597483854325
1927715 289.7207746135344
1927884 -91.03208667806786
1929282 283.03034300322946
1930624 285.69640266186536
1930810 -116.96142806615929
1932073 291.9277211607104
1933361 288.64378477632556
1934710 287.04322285155064
1936140 280.18803742521254
1937449 289.73282660045027
1938918 280.30777928847715
1940293 284.7712606321446
1941583 289.6690241661709
1941875 -37.47005461317672
1943324 281.4638741701807
1944625 289.8057582319883
1945956 287.99039925831664
1947315 284.90832877218986
1948654 286.2500266691558
1949868 293.5186458289427
1951200 287.2268926729452
1952477 291.0788300612642
1953810 287.55493042591075
1953931 -99.72505061457804
1955361 279.4520805404862
1956670 288.4280696066727
1958089 280.7182521079392
1959498 281.66347582826467
1960788 289.076477095407
1962228 280.39095984915787
1963455 291.4375314914956
1964756 289.0857085842681
1965998 291.94447782640833
1967371 285.24082089359337
1968642 290.5791778980723
1969954 287.3812386565347
1971360 283.9103443127045
1972645 288.95053943361165
1974020 284.98041657666397
1975356 287.309947451032
1976811 277.9762523186686
1977640 21.04781997707981
1978966 285.5590585118792
1980232 288.7763271967354
1981505 288.35204801513913
1982790 288.46525026704865
1984059 290.5259792419176
1985364 289.63997946440696
1986643 290.7644742028575
1986769 -99.58399433226325
1988229 278.70477258786656
1989611 285.1059566862234
1990917 287.60477333152147
1992190 289.79229300345276
1993464 289.6351526892323
1994757 290.24841103874564
1996115 286.2896764493144
1997401 289.4445344508046
1998783 282.69111656241563
1999567 72.94118477079638
2000913 287.4263801056706
2001510 -5.462097960344508
2002793 287.54602036465064
2004099 288.35417767007533
2005422 286.8806268139375
2006746 289.4502371589802
2007990 291.0839749179162
2009343 285.2153171832546
2010575 293.9015846206853
2011828 290.3645617566503
2013167 286.58763845951404
2014428 291.93032950804053
2015717 290.56213438172836
2016990 289.7170576332527
2018299 287.7235435454509
2019483 294.36588906295617
2020786 289.93093447805643
2022128 286.4900625829319
2022320 -108.84607118880128
2023568 291.3624915817173
2024918 286.53741168721757
2026148 292.3278137559929
2027409 291.0939342093233
2027564 -92.53196945160938
2028818 292.47610576976683
2030123 287.7186803925134
2031474 287.92599119387927
2032852 282.9733109485146
2034185 285.90644269591667
2035596 282.7931146718719
2037090 275.4848420053595
2038352 291.5856507513215
2038496 -95.05735212191505
2039829 287.7218959973562
2040731 66.37745293273628
2040909 -82.56232156461353
2042155 292.69388371099285
2043399 291.97488940119075
2044629 293.5378880442158
2045953 286.26035166690957
2047242 290.3656854026994
2047408 -104.57126573554923
2047524 -103.28748654318477
2048343 49.879667580705046
2048463 -104.21189435282535
2049720 291.6836228940688
2050981 291.8383679226766
2052225 292.7811687063491
2053509 289.3766753716422
2054793 291.15158826252093
2056034 292.2079671559301
2056133 -114.20611617210817
2056296 -89.92022845229071
2057661 285.943064256132
2057916 -56.73723546136107
2059320 282.0418430488711
2060571 290.63921695939786
2061922 286.1021918016927
2063112 295.3407905405828
2064365 289.77609147232465
2065729 283.4605562499158
2067014 289.4630676684875
2068375 284.39654431271083
2069610 292.5391659242555
2070838 291.33551872858203
2072223 284.8819526369159
2073628 281.8223805982729
2074904 289.40323511389096
2076187 288.8577029070971
2077452 292.3286216889039
2078720 288.4839464402101
2080074 285.46268266940416
2081313 291.16657572791576
2082538 291.64626127820776
2083754 292.76624590209303
2085161 281.2081374479926
2086347 295.4447556187436
2087461 135.35173062304324
2088702 292.4859522650381
2089072 -39.43190394115947
2090346 289.2988781032599
2091614 289.66803034120653
2092948 287.42263466528993
2094207 291.5247177370287
2094350 -86.67895598032885
2095544 294.9795155815885
2096858 287.96582660931966
2097269 -49.28360107441724
2098525 290.47961335463583
2099787 291.52042839378606
2101086 288.406967328082
2101931 63.892577053533074
2103245 287.6177987192268
2104470 293.1901906618781
2105779 178.71809806187628
2106496 55.750696900461776
2107799 288.3509021222636
2109040 291.1919379595792
2110331 289.1083462803778
2111594 289.3715514077791
2112867 289.6971627560994
2114194 286.9833043596315
2115433 292.4126497821995
2116669 292.75823550116365
2117924 290.8370334109441
2119234 287.88297105458446
2119734 -1.8551471137031825
2120943 295.4245037237925
2121871 86.98239847525437
2123087 294.55843068413975
2124394 288.4273064163338
2125547 295.1238347443388
2125648 -105.99698234274611
2126917 290.168627212793
2128171 291.7261551473188
2128317 -107.69473543271019
2129602 287.92972755116944
2130798 295.84546923559833
2132142 284.56701271528544
2133422 290.12786554247765
2134684 291.7484134212783
2135915 293.95484451590164
2137146 290.5789582870989
2138543 284.642562265163
2139945 282.6113356135444
2141317 283.6547125953323
2142734 281.9832886972478
2143982 293.44985700481146
2145281 288.29959627627966
2146647 284.85239521973386
2147979 286.9362437020379
2149211 292.3763373723287
2150452 293.4989893969949
2151664 295.1939427856568
2152889 292.568253233854
2154157 291.4228751290323
2155431 291.32172398948524
2156701 291.5063791737526
2158019 287.9331626011737
2159353 287.77298961539395
2160427 151.00179451230218
2161721 288.1232048593106
2163015 290.3767370061212
2164371 285.7147275811486
2165610 289.8934811663629
2166944 287.3061695986317
2168198 291.3597120021478
2169433 293.3535205331327
2170692 292.39817576664956
2171868 296.4877306132192
2173117 292.60454444409316
2174445 287.428654523531
2174632 -73.63943038457259
2175319 39.497946272708504
2176509 292.54781245214707
2176608 -99.34049687174894
2177881 289.70346013234575
2178028 -88.1100689620357
2179302 290.0445570044657
2180548 291.6536653455166
2180827 -48.392578817765866
2182193 287.0875346808514
2183437 293.76583032434286
2183991 9.653125644677033
2185250 291.37970970732755
2186585 286.4813106558336
2187963 284.44405475979494
2188278 -46.19425889878971
2189613 287.44596873925843
2190845 291.5660983874886
2192043 295.5895085294276
2193333 288.85859416856226
2194535 295.58299763418677
2195772 292.92213138032946
2197100 287.03151491722076
2198385 287.9298487789126
2199775 283.812205305206
2200990 294.4234502503578
2201361 -25.494032109457677
2202599 291.2593604992891
2202906 -42.96822304011012
2204391 278.27986209522646
2205636 293.08170066124904
2206936 290.6683910097609
2208142 295.3091262654199
2209502 283.589116697737
2210794 289.05139682639776
2211287 0.8931600368153738
2212527 292.0518509379155
2213874 286.8372160726273
2215146 289.7064012428714
2216045 75.59222971755602
2217339 290.69326382854064
2218595 289.6637402462019
2219933 288.22614405413077
2221235 288.9486374447019
2222529 288.5062338167321
2223886 284.7652510525623
2225148 290.92424825619133
2226343 294.8326011254587
2227703 285.06466262631756
2229033 287.74498725045885
2230345 288.592940125392
2231686 286.18434067782334
2233108 280.7837235800816
2233571 -7.707952839640512
2234803 292.4821928992675
2235913 115.63987080614191
2237197 289.2670122945476
2238437 293.3921710658076
2238981 -4.639074612894433
2240360 284.4690891236464
2241537 295.184000286711
2242847 286.70999512468
2244118 292.0198921885902
2245516 283.8325765764312
2246813 289.38518491209015
2247625 82.80606992365878
2248824 294.4987549951102
2250046 293.32835359040547
2251250 294.12911861432536
2251691 -16.098318840654628
2252867 295.3890124459079
2254178 288.8517761471278
2255479 288.1192920427183
2256712 291.7118631322295
2258028 287.8675379903656
2258413 -23.2380247778613
2259632 293.57505483058617
2260803 296.04881186268784
2261715 83.32106767165266
2262906 294.02484901663405
2264103 296.4888791434613
2265398 288.61116501903933
2266640 293.23465972554624
2267934 287.8527058157674
2269167 292.34025033200794
2270465 288.5762590121371
2271209 48.40040687340425
2272502 290.480607863752
2273706 295.45634201617037
2274931 292.90619362256473
2276187 291.2815277381152
2277466 289.51228443812613
2278716 291.6340849018467
2280044 286.31504034608963
2281246 293.64224232717044
2282504 290.907380118529
2282597 -122.06232595645575
2283723 112.61290728336135
2285015 289.4741787269205
2286114 300.98871635563734
2287341 293.2350439373586
2288554 293.1170761565732
2289913 286.63440405897103
2291182 291.6085215320913
2292293 107.87178499031336
2293097 44.45739475341182
2293419 -37.65738029356864
2294746 288.0596180964422
2295978 293.70428948236884
2297301 286.56789241954493
2297534 -103.6864432451781
2298805 290.53283581291464
2299151 -41.17512352251821
2300504 285.4652258116358
2301702 295.10904142212905
2302989 291.4495286349933
2304249 292.7987515196369
2305519 290.3433512609128
2306093 21.129840074934066
2307386 290.23471621332874
2308670 291.7566293184015
2308754 -100.74114307745981
2309977 294.64412957372696
2311264 290.58435921857205
2311457 -81.54332498774244
2312722 291.8507889901166
2314042 287.84552673919876
2315325 290.40099137678953
2316639 287.2050267571131
2317966 289.1680387768693
2319320 287.16173923983655
2320654 288.432721744592
2321957 288.63832222324066
2323223 289.5663997775494
2324489 292.1498844809641
2325816 287.5702116074905
2326059 -55.39340866481017
2327372 288.0560018971856
2328680 289.74596319607974
2329924 292.76565612404687
2331233 289.6426571563482
2332426 295.8961575492714
2333676 291.8178842942756
2333836 -116.25775959149624
2335137 289.36149898717684
2336438 289.6441242674132
2337780 287.4769727781934
2339046 291.7479749250845
2340343 289.10022166336273
2341575 294.54903590307737
2342925 287.19190299021915
2344172 291.9918276437886
2345502 286.2821141861191
2345802 -42.17636551581293
2347109 288.18891217129806
2348389 291.13004379616405
2349680 290.5695224776195
2351058 285.7842546592595
2352364 287.8255931937506
2353545 170.90006974309262
2353676 -118.24742149084
2355041 286.8178305811395
2356403 286.6002654386222
2357625 295.3195413546857
2358887 290.2688834766568
2360157 292.58567449575924
2361411 292.56193577233824
2362684 291.05376367006147
2363916 293.68092107029054
2364051 -87.49019792099111
2365410 285.71543398143086
2366755 286.1084267519454
2368054 289.73281800439224
2369298 292.7690556538815
2370533 294.12664459446904
2371852 288.59602355579256
2373142 290.172603874819
2373309 -119.69747866398842
2374589 291.210820214725
2375893 288.65930753000197
2377192 290.8990783647801
2377354 -95.55127747692353
2378558 294.60013204123214
2379526 71.16477362473933
2380817 289.15001054240145
2382115 290.4106907921681
2383374 291.98135933619557
2384639 293.1442630955469
2385989 288.2851305780949
2387307 289.36247137934873
2388622 288.2751873158069
2389862 294.134923910968
2391112 292.5918875125894
2392324 295.7053729078035
2393567 293.46919098851004
2393694 -100.58237691426277
2393777 -97.33494065045255
2394127 -48.15434138999444
2395418 290.7456383035717
2396763 288.0067448669146
2398092 287.69790127916673
2399344 291.96653157612917
2400596 293.0953006762269
2401975 285.9831246932656
2403221 293.1576027168809
2404527 289.79445170511275
2405824 289.1739583939112
2407116 288.29448358473616
2408511 284.31706330323215
2409825 288.80509220072105
2411076 291.77519157761367
2412308 294.8783711295746
2413020 18.988130927264066
2414316 289.56652885960915
2415671 284.612424594019
2416961 290.19492145045257
2418188 295.7530615035385
2419436 293.36230249900655
2420700 291.8347120330116
2421986 288.5644393712741
2423284 288.5748699586701
2424594 289.53909912429174
2424679 -95.88982569780697
2425962 291.91020957792307
2427195 294.40736048760294
2428460 292.14627656406145
2429610 297.9223654802469
2430838 294.93026751897287
2432151 289.68873481894553
2432597 -47.23164762823136
2433806 293.4239201940854
2435146 286.28195616237116
2436402 293.18081828807203
2437681 290.1904032176775
2438988 290.32290156136236
2440278 289.724747767288
2441511 294.7459172667319
2442922 282.7565991086043
2444153 293.34162975079374
2445402 293.4115484383681
2446712 288.33640081367724
2447907 296.44193171508954
2449229 290.455471494331
2450493 291.2432743502686
2451843 286.86220054980004
2453071 294.7266975856924
2454351 290.54605845052293
2455597 149.19876730694332
2456822 292.4053394809715
2458109 290.52821259325214
2459443 287.7291538691289
2460746 289.4407920501439
2462006 291.10021954679655
2463260 292.48067458146136
2464614 285.18922421808173
2466042 281.1479988733637
2467274 294.145831653033
2468564 291.0094959040847
2469814 292.4740176352205
2471026 294.83669038227475
2472299 291.82376449622564
2473660 288.37549068817805
2474893 294.263632707909
2476128 293.4106983948296
2476297 -87.87657883809443
2477608 289.0992206502794
2478913 289.94606723713576
2479099 -98.43505058548631
2480340 292.7799459229185
2481603 290.6869550253118
2482767 298.66064376533444
2484012 293.22946671959363
2485188 298.0520815328383
2486504 289.17936998284
2487720 295.36347742715157
2487860 -115.05661635051419
2489158 289.7248000423445
2490714 276.1148412837881
2491980 292.2465236051477
2493319 289.2412347029224
2494640 288.52415122220236
2495883 292.48665255186825
2496087 -103.7395389157515
2497403 290.0421553700559
2498679 290.98549544868416
2500027 287.16654226822516
2501320 290.77753761617845
2502611 290.98899357204726
2503896 291.7180280435
2505171 292.0107928890175
2506339 297.1483654795647
2507728 285.5870177392817
2508109 -30.598063232926364
2509427 288.6676583753246
2510647 294.1637672980319
2511842 296.12694038306506
2513136 291.50144858390365
2514354 295.07290181903335
2515707 287.9295008041632
2516893 295.9413987337475
2518104 293.8828832237257
2519312 295.3824549917693
2520506 296.5715588556063
2521663 298.5080859536835
2521771 -94.59668138265982
2523252 157.6829089999486
2524502 291.6440142085967
2524638 -114.62577842745867
2525900 292.58701629659123
2526007 -93.60038937123306
2527271 292.76988803247485
2528490 285.15684884478
2529685 297.5431219612307
2530918 293.73356845756166
2532273 287.76635539922586
2533486 295.03607444023027
2534739 292.9626541983249
2535983 293.8139080635235
2537265 292.62803876444633
2538174 105.60158521396406
2539409 294.0606581826264
2539554 -86.3676923462092
2540839 291.48709347995566
2541494 24.37108604034664
2542707 294.173617542114
2543962 294.23619347367827
2545184 293.61191875080834
2546428 294.3709727039417
2547423 109.3985439321612
2547574 -90.86552227758368
2547807 -66.66356946076483
2549037 295.6155410045119
2550265 295.5788083981852
2551523 292.81344906564436
2552781 294.74419761456494
2554080 290.82932911915094
2555367 291.8786468625238
2556606 294.2255031222605
2557846 294.550227222587
2559028 297.8422089924128
2559159 -102.17005288855421
2560459 289.07347275878203
2560826 -62.1082096210956
2562167 287.6069073037927
2562652 6.586037542535649
2563921 292.6911791710966
2565233 289.1573602730026
2565355 -102.10605248127939
2566684 289.29611981642705
2567895 294.1261411557721
2569194 291.46467494398235
2570381 299.34373612110113
2571637 294.5111540498328
2572936 290.7189436646717
2574328 285.87108870505256
2575662 288.014871777746
2575982 -99.79222499623647
2577239 293.8759854913819
2578449 295.38133707541994
2579719 292.8139851778346
2580918 295.91181585256913
2581047 -98.2916397728778
2582392 289.062974283458
2583620 296.7320366796957
2583741 -99.56717016029668
2584954 294.82575642300066
2586212 294.22004566536674
2587500 292.6586625179453
2588895 284.5727277169858
2590264 286.9915186404861
2591491 293.6227882548579
2592680 296.5917437640946
2593911 295.83040221587197
2595244 288.7275055840637
2596488 293.2726053558718
2597664 298.4802827842613
2598939 293.5544661464643
2600206 290.7962313623214
2601416 296.8136025481974
2602703 292.5696082929005
2603960 294.4695298194704
2605292 288.49637665567104
2606618 289.00392148476845
2607909 291.75124603267375
2609148 294.2899484807407
2610317 298.3581129763783
2611586 291.61110395787205
2612955 286.5993558504919
2614272 289.19971339941543
2615558 291.4352839974561
2615697 -102.67692758400987
2617034 289.42944789352265
2618306 294.5571927488411
2619594 291.68662965719074
2620864 291.9103411955928
2621099 -68.11906027190885
2622446 287.24836013991217
2623832 286.33933209184346
2625147 290.81874009607156
2626330 296.41964466604674
2627550 295.8906361261197
2628825 292.6980233225645
2630101 292.0591942876356
2631291 172.42372695796809
2631375 -95.71683156105503
2632682 162.00973202649817
2632782 -95.16728955715709
2634021 294.7785287629338
2635273 293.6069172566024
2636512 294.31315966407686
2637764 292.3320022323803
2639043 292.13764992862104
2640237 296.1524378725944
2641526 290.80635490531546
2642761 293.7863867321824
2644084 290.88959395966464
2644531 -19.133926719130343
2645771 293.6482753295484
2646923 299.6143901540825
2648160 293.3945117262772
2649413 295.0969801111607
2649606 -110.93576604571318
2650914 290.36985016051216
2652130 295.0766616546043
2653485 285.5215646522926
2654765 292.7661369856704
2654918 -97.8459101276497
2656216 290.0139850386247
2657120 108.06136811915638
2658406 291.67062505612216
2659580 297.20245518764585
2660777 297.0222793921384
2660847 -95.86087757954125
2662005 298.80812095412944
2663218 296.72588603417296
2664514 291.9676882315575
2665689 297.336682898602
2666914 295.07747694583105
2668202 292.28599195836364
2669366 126.57092008924326
2670575 295.3295219195018
2671903 288.5959440178224
2673216 289.8423719842741
2674439 296.29677965601627
2675720 290.95739502373124
2675854 -109.77588399122966
2677076 294.67549283298615
2677375 -48.52808401673816
2678258 90.42163305269398
2678398 -89.29799585609945
2679637 189.8454826904504
2680227 10.179731873830761
2681505 292.08324525088096
2682827 288.8482890093219
2682957 -90.5666571089197
2683066 -109.29561623444843
2684341 293.41542361217864
2684553 -69.74079986297775
2685979 283.9190227174501
2687236 160.51472790567954
2688465 295.469318930575
2689737 292.8968437585842
2691047 290.25588288867004
2691443 -31.013471090930864
2692755 288.8416820336365
2692871 -93.98309233605303
2694066 296.8133152558156
2694636 16.2887942049789
2695626 138.09829227727795
2696883 293.304944816895
2698194 290.75417725226197
2699390 152.04954653124176
2699658 -56.777105485281595
2700977 288.8662939108518
2702196 296.4613382474853
2702898 41.478248907092734
2704196 290.8832318130861
2705491 290.53914553000465
2706744 291.81632576446543
2706867 -98.85163418014781
2708129 292.3843317922837
2709417 162.79590896842012
2710650 296.0162651045879
2711827 298.53080557208034
2713134 288.6238754639569
2714342 294.5325787014942
2715534 299.16533793415834
2716747 294.634276662854
2717990 294.5355675560743
2718822 74.63325619184212
2719678 94.7059865173207
2720875 296.9646620808863
2722116 292.880557185265
2722606 -12.94449345773738
2723890 291.7329408081941
2725191 291.2024234213456
2726440 293.2611206135993
2727679 294.4701269141406
2729001 291.8611840767535
2729265 -68.55914262988358
2730557 290.0028444532534
2731755 174.27610648349832
2733136 284.9608734977798
2734397 292.3145208913855
2735646 292.94603037091935
2735771 -103.07333870361497
2736989 295.778299400968
2738166 296.68803190415485
2739440 291.77522940498875
2740375 89.08211419889645
2741556 156.05783539036054
2742831 293.2830997023304
2744046 295.66493271294985
2745370 288.96970226094584
2746605 294.89650136441355
2747778 297.3704815886091
2748937 157.81350851229956
2750212 293.0267799442434
2751458 295.22403688046563
2752744 292.9870703998446
2754012 293.0364544129878
2755321 290.08106451727497
2756503 297.9693699599818
2757718 295.4455374791306
2758243 -7.925415174489032
2759490 294.4841955044377
2760794 289.3240808881849
2762129 288.4301783970674
2763429 290.95673985142435
2764674 294.97222091192396
2766059 285.44213423613496
2767360 291.3842498685668
2768605 293.64709406032296
2768731 -93.55925717511772
2769913 296.49078074373017
2771196 291.64339936691937
2772386 296.6025688262693
2773731 288.0577291463637
2775005 291.37840338787066
2775137 -95.9958835186114
2775269 -101.07668187408864
2776474 296.5757462574305
2777818 288.8811199512056
2779026 297.55553024664
2780336 290.8532625887042
2781739 286.29420913936445
2782992 294.6934247885846
2783293 -41.5206304357046
2784561 294.096495982866
2785767 295.5193311352687
2786963 298.0103267801548
2788245 292.2392103314977
2789527 293.4083756757812
2790805 291.49480648745333
2792139 288.9692476749706
2792877 43.149554791701945
2794162 291.4772354732736
2795363 295.25912033900374
2796583 283.5159829505147
2796714 -96.90317097832325
2796951 -83.63410476180478
2797095 -87.57998479436213
2797239 -88.2352944456494
2797918 39.898494725999115
2799139 296.86442749653946
2800344 297.9155907865297
2801588 295.47775091283324
2802837 293.1845246260096
2804040 295.49950519009167
2805296 293.2083528591563
2806589 290.83820765751227
2807880 291.17328711235103
2809111 294.31282619506356
2810345 293.6712363904053
2811673 289.3612979086028
2811771 -105.34446957978699
2812971 296.778467177002
2814316 287.97959187267367
2814458 -94.56115492811551
2815634 297.89762733636417
2816955 289.16677534105906
2818237 292.87086741733003
2818366 -103.99974769761165
2818482 -96.20287467677457
2819847 287.03405553974505
2821058 294.9825244478521
2822299 123.64637700060334
2823524 295.6699461585774
2824852 289.28504713915396
2825890 118.79460180764443
2827102 295.7916182404003
2828345 294.95069989484347
2829624 292.38648729393634
2830442 73.92760722092856
2831670 294.97255705387727
2831823 -111.32974973703239
2833082 292.432052252142
2834314 294.5337731766468
2835572 293.6759411081692
2835652 -98.16217981576547
2836525 90.77903973176007
2837721 296.82160319301926
2838976 293.74523159379214
2840306 289.52948770955066
2841160 86.78755744720507
2842476 289.3900047541344
2843711 295.1181600200939
2843898 -83.9861957768413
2844019 -107.61460906146033
2845399 165.78210598929678
2846668 291.0960650679866
2847432 77.76702715307314
2848073 26.613184615473173
2848889 79.37738525132383
2850119 293.16544061136864
2851489 285.9554068478384
2851600 -97.08034666893755
2851775 -110.84372099905089
2853099 290.00673973164635
2854361 293.2808901058685
2855608 294.25717759167935
2856941 290.25776194499315
2858117 300.14482520693053
2858770 39.11503971799391
2860114 289.39912515788643
2861297 296.2059817785962
2862548 293.86583766617684
2863791 294.2847248281994
2865030 295.2489020733402
2866280 292.59061135759833
2867292 138.16392735773562
2868581 292.77727276291546
2869711 168.6216866671333
2870613 98.31669926013743
2871899 291.57198105362653
2872041 -84.57108979635251
2873397 285.62028526675385
2874611 296.18088380887974
2875875 292.52700179732756
2877146 293.48070690356553
2878360 296.21755937635777
2879610 293.84432131328094
2880905 291.5421886942857
2882130 295.76719618472436
2883410 292.6982969529847
2884416 82.56691031173136
2885703 293.1138455383882
2886959 293.9215304014153
2888198 294.60091895497027
2888433 -84.39990126681205
2889658 295.93005754888975
2890556 78.77804378201023
2891734 130.46896213453255
2893010 293.07109672331745
2894227 296.04656284971054
2895487 294.30017803806015
2896861 286.2687222756551
2898147 293.12481033098504
2899397 289.7282952845181
2900661 293.605890506215
2901794 143.11840038223247
2903112 290.34069064597503
2904388 293.78685486365185
2905651 294.26822792955744
2905933 -56.54676890075703
2907178 294.45660499852926
2907907 44.42846257408826
2908036 -95.0763302876465
2909366 289.1041350748157
2910739 286.157024015766
2911983 294.79202446215436
2913299 289.0533093548531
2914632 290.241531381255
2914967 -52.87814645022896
2916204 294.43011761455386
2917488 290.15454463625906
2918768 292.8629656047128
2919993 296.98804721927263
2921248 294.63048364890085
2922496 294.51761563365085
2923939 282.3635320340721
2925222 290.85677182971637
2925419 -111.27689354380904
2926676 294.62903574139165
2927883 295.7541870053908
2929149 292.97148314243424
2929344 -99.58313823081708
2930572 295.28608174653885
2931361 58.339343449553354
2931494 -94.70482598571293
2932765 293.5466809861205
2934076 290.0298288523325
2935385 291.9176119891318
2936700 291.67799528020015
2937983 291.497535979834
2939286 291.7893453703753
2940557 294.354296169121
2941786 295.61046905736697
2943114 288.2105455970309
2944366 293.9857137683284
2944500 -92.51511487486866
2945813 290.19212890522476
2947115 291.64838411018496
2947223 -99.16515200408921
2948597 286.8513811568387
2949821 295.65800002818355
2951148 289.5516953542995
2951684 -1.8039210171519926
2952991 290.6821070592083
2954217 295.5109284531069
2955453 294.5908546287397
2956735 292.7436854926854
2958042 289.5591075946
2958499 -8.931647303481242
2958634 -97.42644172696768
2959877 293.4904378296761
2961181 290.7613606294836
2962462 290.56672351657255
2963686 296.34149966568066
2965017 288.53310024044805
2966265 294.0136853272957
2966394 -91.76227633851829
2967730 288.7029094285834
2969014 290.98606550843374
2969595 9.473136259524765
2970883 292.3252184003125
2972144 292.53104978316765
2973417 293.3802477120843
2974647 295.34016402083176
2974751 -97.14541399140593
2974853 -97.5061253949944
2975833 124.4759534314521
2977038 297.16266174942746
2977175 -88.72842466888235
2978128 104.63702414881698
2978261 -106.46543307958358
2979494 295.9675723178766
2979637 -90.10162181814792
2980913 293.2437768217237
2982167 293.4081689538295
2982251 -98.02418795993489
2983582 288.9601771375006
2984910 288.21063026437116
2986122 295.5678702078815
2987327 295.5684159850806
2988514 297.475880248684
2989786 292.1174430679018
2991135 287.43763089824364
2992477 288.41492503132423
2993789 291.1723325888111
2995147 288.8614968831784
2996461 291.0782536098779
2997704 294.0420886252138
2998973 293.182886657163
3000183 296.3903598378055
3001405 294.51935401212654
3002625 296.7792737962362
