# reward.txt contains number of transitions:cumulative reward
76 -125.42321746703517
241 -102.10881471713382
417 -122.38516181303561
462 -111.08851179580638
2062 -111.50396774422862
2136 -115.09110750551957
2201 -99.28101652221754
3801 -113.54376421694643
3865 -108.17747299232613
3921 -105.7084872683951
3998 -117.07625368437056
5379 -223.77321042125075
6979 -102.96894962301215
8579 -114.97978918806449
8640 -108.96996189426196
8684 -110.81837344926596
8764 -113.81803794568653
8828 -117.43475155558437
10428 -98.74116737868736
10510 -107.08202489074598
10572 -116.45754714518165
10620 -106.77984098533355
12220 -108.626150614055
12302 -109.45407915061713
12351 -111.4669428424891
13951 -104.33405729610834
14069 -107.21398839112992
15669 -104.95092170548861
15756 -100.52956925669064
15836 -120.38474115206425
15903 -115.01217888030595
15964 -106.00795642138118
16039 -105.85057971097528
16152 -102.00165022128634
17752 -101.12138253048616
19352 -113.32534995706388
19433 -118.74851936858396
19496 -101.86971426576376
19615 -132.3606766147446
19688 -118.2956610721859
21288 -104.62198559132116
22888 -102.13014585508085
23005 -106.54451442038237
23081 -125.16837997691334
23151 -114.9556147175928
23223 -119.99996136623746
23378 -116.96497223592363
23440 -103.32657724064029
23495 -104.78010988518906
23567 -104.99334265787527
24305 -163.30985631742737
24365 -100.92991381525559
25965 -99.28296590691853
26058 -102.68057089451575
27658 -106.35774731768404
27733 -99.49796924228346
27787 -114.08207822177684
27857 -113.41432168938717
27935 -119.4476356096274
29535 -109.71013763832555
31135 -100.12671268240628
31198 -107.14668575900482
31328 -107.76091679456954
32928 -100.38274127097743
34528 -104.83119196438653
34668 -125.5900877682548
36268 -102.10220242223956
36306 -105.7848609692715
36390 -102.63134659725304
36464 -103.91321862643834
36540 -107.29322723360204
36617 -104.9620157994988
36664 -106.20444124286249
36725 -114.89514833509301
36771 -108.00545292443161
36826 -105.60429510202135
36886 -101.76852291591838
36976 -108.84916130510159
38576 -102.79789697840889
38635 -101.03205603985116
40235 -103.01322915269775
40302 -102.66352732373029
40373 -108.8593623792616
40492 -105.27565550639417
40588 -111.8443793523144
40669 -108.64770531546759
42269 -103.6804404449787
42348 -106.31254658652345
42409 -104.64489085502674
42474 -103.66991885806992
44074 -95.72866455536958
45674 -99.87502366562798
47274 -88.52282675912124
47364 -114.90735100941298
47433 -102.75445189899517
49033 -100.73597370302232
49089 -114.43255184018673
50689 -96.75199447418005
52289 -99.20104038256622
52343 -105.06199617340789
52400 -115.36604885646204
52461 -114.74437832560514
52519 -104.16316057749279
52588 -106.12386932780221
52644 -102.77014910876068
54244 -96.59728562253324
54332 -104.80433154210014
55932 -100.70406634207677
57532 -98.3649608295471
59132 -99.50701960094584
60732 -96.06101173178902
62332 -100.96274588525992
63932 -100.12711301965386
65532 -102.14644679153253
67132 -97.3858304660108
68732 -103.80768484170713
70332 -101.80745177050834
71932 -102.40590226494596
73532 -95.57357648182861
75132 -96.40220613090189
76732 -97.83080838713182
78332 -93.62343935791765
79932 -95.16890775173826
80017 -109.64713888043228
81617 -99.26957728661064
83217 -97.69372091019166
84817 -91.12480784560732
86417 -85.8052837177109
88017 -89.14571529142039
89617 -92.91782631630011
91217 -85.09115311938093
92817 -83.2144792001303
94417 -86.38251070365811
96017 -85.63143334746238
97617 -80.40628967826692
99217 -80.14143419565829
100817 -79.27694630962066
102417 -78.54729925740354
104017 -79.85493873308903
105617 -76.5386699296976
107217 -73.53090840749064
108817 -82.10974296506238
110417 -67.2232248467064
112017 -69.7066891989901
113617 -68.80503192901786
115217 -77.07574831229813
116817 -68.57144634711919
116873 -111.62944838389382
118473 -64.58510442143742
120073 -65.19026834658779
121673 -66.92859300381313
123273 -69.49512888374475
124873 -71.51310004167223
126473 -69.76274052927589
128073 -67.52851015989424
129673 -67.35652296192272
131273 -63.762975294251746
132873 -67.57080598544142
134473 -67.06050783074943
136073 -67.70319369802657
137673 -61.73761850895726
137794 -105.05589869716205
139394 -61.74802796172281
140994 -69.14890537122983
142594 -67.05056378461659
144194 -57.404323053654885
145794 -59.936543732759304
147394 -68.44397577286512
148994 -68.88076272517496
149051 -113.4977172776144
150651 -54.219498724250755
152251 -69.86604844345374
153851 -69.48007050222903
155451 -61.16902326175601
157051 -58.76805412741444
158651 -62.10337819179835
160251 -67.01555662335882
161851 -64.57237350378747
163451 -50.14621298768307
165051 -66.77111256503188
166651 -68.75872271799918
168251 -55.957909751293485
169851 -52.63670275354824
171451 -61.35429654069123
173051 -55.492379720580445
174651 -51.789187636545
176251 -53.58503997520381
177851 -52.326325536660875
179451 -59.35370221609376
181051 -54.15283462396846
182651 -55.457861693649946
184251 -51.90262386840458
185851 -54.57329093588764
187451 -59.93330542593109
189051 -55.74607036657037
190651 -58.57932615158646
192251 -51.334590873084295
193851 -54.697911719022265
195451 -51.38139383197076
197051 -48.78605066357698
198651 -60.74861884513115
200251 -51.75168618196374
201851 -54.58275345857318
203451 -50.741374875808425
205051 -51.88514084679824
206651 -42.187657474469404
208251 -49.76140699064691
209851 -46.9365656791219
211451 -47.72310835916861
213051 -50.92974751629125
214651 -41.43221844051282
216251 -41.91941110735702
217851 -43.09752669111577
219451 -40.987704786182
221051 -47.68307181100224
222651 -38.18791424517833
224251 -51.779893590507974
225851 -51.1402250859663
227451 -41.41508695960164
229051 -37.99747167824892
230651 -46.32966186787406
232251 -39.6916381013375
233851 -43.85070721109983
235451 -48.36208108427132
237051 -43.43453733542254
238651 -31.682025594364298
240251 -38.06175091930011
241851 -35.3471263389713
243451 -30.10337082729328
245051 -29.176425900038925
246651 -23.886663475498484
248251 -26.10960319979055
249851 -15.175666670945313
251451 -27.684411870901222
253051 -12.136545507362094
254651 -26.738277221985733
256251 -9.670921807484712
257851 -17.417662333418317
259451 -7.599995038166958
261051 12.485398685154836
262651 8.186647697139838
264251 13.491650320588306
265851 18.714256842024607
267451 21.485592963367058
269051 30.145841456257436
270339 -85.73229754455416
271939 35.5267447772107
273539 22.879092424187174
275139 42.77872783338521
276739 48.674323090887256
278339 51.370370796493546
279939 50.58232219361952
281539 49.19852670273774
282226 -91.55108960194514
283257 -52.99099766200647
284634 -36.055784365167646
286156 -47.969161024555284
287756 48.55367848113098
289356 49.34709077755095
290956 44.31721430180189
291847 -90.22838676252405
293447 56.951215219851406
295047 55.35791349064578
296647 51.872255861308396
298247 52.89331090744628
299847 39.227125843514386
301447 48.26834327184721
301530 -119.65854028057306
303130 69.28928004831702
304730 33.19216688870581
304806 -117.78337770546662
305057 -101.89729057613263
306657 75.43074883245332
308257 62.027738513370934
309857 68.74753063077699
311457 78.42724801134513
313057 78.62976860657888
314657 68.54532769791723
316257 89.49507452503599
317857 93.19686628914299
319457 66.04202146530835
321057 90.99162560195353
322657 82.47982690481525
324257 84.76086073923057
325857 61.07026332283244
327457 93.711992458192
329057 104.60769733667318
330657 111.32848193745997
332257 102.1670592835026
333857 86.92743281263482
335457 113.17518287086534
337057 124.88874066604848
338657 121.91763428083127
340257 107.45478811013201
340313 -102.77765785908326
341307 -32.66615035391382
342492 -20.479392361098817
344092 92.19586342922044
345692 126.13783787472865
347292 100.11953931100524
347346 -110.16789001704318
348246 -45.09785221068807
349846 114.4594953397228
351446 112.97884512084919
353046 129.36307180857955
354539 24.381784479184418
356139 144.50502881617174
357739 118.74972074123899
359339 114.60498366670853
360939 125.76297568383059
362539 112.23065894001971
364139 128.7531391577236
364203 -115.86090545204158
364856 -57.52133959750353
366456 117.1722138862235
367298 -55.96305503970081
368898 159.44813418833144
370498 131.40961131125547
372098 130.5045402584372
373446 -9.016637068221343
375046 134.96845043817882
376646 133.03860155572778
378246 132.70956812203318
379846 113.66639470884753
381446 115.67532145836502
383046 118.95248644560739
384646 139.30245520086163
386246 123.81564487843748
387846 134.909042946498
389446 124.42023093664031
391046 132.66030749148683
392646 134.78633285945665
394246 138.08123501884444
395846 126.67551375755349
397446 109.74825585470344
399046 130.5887205761987
400646 124.6670135496563
402246 143.6939278495723
403846 130.425648669252
405446 156.0063765343365
405552 -113.95576935533806
407152 142.94138493316623
407247 -103.78277984246797
408806 26.452074050240867
410406 139.86528366912574
412006 147.95386475741515
413606 134.13053450372817
415206 140.4847416607677
416510 3.671062973567615
418110 143.2620478064702
419710 136.61824828969986
421310 150.50648939280725
422910 143.85876447301112
424510 170.2329803407229
426110 160.62433730651745
427710 127.33164289343215
429310 156.46525805217524
429408 -123.32826742159948
431008 140.84896404101107
432608 159.92221149584645
434208 143.96575182347763
435808 162.45177259833008
437408 164.4747333006415
439008 160.82604361775478
440608 166.69061451452728
442208 155.22229743505633
443808 163.50093991669567
445408 148.05149572893671
447008 183.24327025385935
448608 151.14858447275108
450208 151.56424046864285
451786 42.300258995330694
453386 170.4061013418046
454986 163.53112026210596
456579 25.28718605853281
458179 179.61085039955915
459779 154.30669947351203
461379 157.58206047519818
462979 181.37165862946387
464579 151.58250766476746
466179 172.37397704896986
467779 173.69386548584148
469379 148.19759177390986
470979 152.86151970933918
471094 -118.02531272868875
472694 170.65381201362695
474294 178.39872335180553
475894 157.78980344568276
477494 180.25906535986854
479094 159.27370466547205
480694 172.44506236968132
482294 153.93141926983674
483894 161.49783214858095
485494 182.76825241912675
485550 -110.99086820850769
487150 188.7510113891831
488750 184.5317797153972
490350 162.13142841332458
491950 135.5075149321596
493550 161.73368712560472
495150 178.47942416230947
496750 181.98732702790014
498350 166.1763971254576
499950 203.55456721167886
501550 182.92938600189237
503150 179.12459741074207
504750 180.6194583569635
506350 188.6994368070903
507950 187.26334053479226
509550 182.24394335129855
511150 172.36756257987676
512750 168.7889328898345
514350 190.30470979000816
515950 190.04547039008912
517550 182.4130238652824
517647 -113.0672566312539
519247 182.88620793269143
520847 199.2034379656124
522447 175.48290961460268
524047 184.26982153514786
525647 188.98345099712463
527247 192.11238898076033
528847 181.1696941516549
530447 220.1133187062362
532047 180.9133405835144
533647 194.47021968801974
535247 202.52820774009092
535296 -106.74039939116251
536896 187.55052861224166
538496 215.12122524548315
540096 179.75001425034637
541696 202.1164116101407
543296 190.24754109398657
544896 202.4438142003028
546496 194.55018564937444
548096 197.35702729355108
549696 187.97667180826815
551296 176.381969071048
552896 208.3511917437572
552979 -114.44263019401332
554579 209.71817203156454
556179 218.63530305912198
557779 188.117281411284
559379 191.1539220432614
560979 212.41906186624252
562579 184.30984066807994
564179 208.02389916696615
565779 179.77048659366875
567379 197.9293063549287
568979 221.9918445439526
570579 193.04791027140922
572179 221.21716419226092
573779 224.9079609539881
575379 202.97489292741156
575539 -89.9751474595312
577139 222.00476864729978
578739 198.91069450842306
580339 206.5552210298004
581939 216.7714311770012
583539 212.31478491964813
585139 205.7105685778796
586739 183.58490105976648
587749 33.21597206675261
589349 211.08679931203616
589429 -99.73356215991328
591029 218.04328168989062
591817 -10.088423401171923
593417 211.27566498758483
595017 233.41080540615476
596091 42.749087316415
597691 180.89394821180795
599291 168.51585341049682
600891 209.82797504653198
602491 205.15113713376573
604091 206.6594421147781
605691 209.51310088506042
607291 215.0051061488305
608027 -18.617040854248543
609627 214.1312448970026
611227 229.22708555576608
612827 227.73934329319727
613158 -80.77674134231609
613730 -53.17497376186522
615330 218.24619544051734
616930 187.85272809165423
618530 223.85314392541727
620130 228.93864013994875
621730 204.60900109082786
623330 188.85017130988922
624930 213.58173213701005
626530 229.9961687708147
628130 242.32567437327816
629730 214.92576449364933
631330 214.69857869432877
632316 11.994911852736635
633916 220.9363650557392
635516 225.8322968922651
637116 200.46216761667074
637480 -68.21566631878413
639080 223.4438900926223
639224 -114.16127557612644
640402 49.37837813790574
642002 218.79384125660712
642331 -63.7600310885751
643931 198.00459311953443
645531 215.8274504455651
647131 199.52324344848512
648731 237.1531961113002
648851 -110.24307847960976
650451 234.36441460900681
652051 213.7699504155994
652496 -57.16603089935816
652980 -60.476809645802426
654580 249.79497808476975
656180 222.46069701132294
657780 227.82353118448157
659380 208.92568784451464
660980 221.07994680795437
662023 46.751491482432556
663623 207.0193290102356
665223 229.70073814368095
666823 238.5166616101656
668423 245.9771548508739
670023 230.13766464603165
671623 240.70444518757236
673223 226.34195504914982
674823 234.6830859552219
676423 226.82767927926838
678023 250.49249194720977
679623 217.4656010742134
681223 244.10726065516366
682823 252.95552097213087
684423 245.0630240037656
685275 9.040921579734913
686875 217.61037471110248
688475 244.00763747537997
690075 238.02917230338124
691675 225.98058512768733
693275 243.85572923319518
694875 242.28874325390152
696475 226.75999306838307
698075 228.380706373453
699675 262.74812992323757
700511 23.0292115358031
702111 245.2222537737815
703711 247.42883749908677
705311 232.92321298728825
706911 238.9018386514019
708511 223.48403097702743
708630 -124.27226317127361
710230 230.28221435188428
710339 -106.68272197207995
711939 205.79887742070213
713539 244.589551187662
715139 218.34732777536533
716739 225.3397664652833
716823 -109.9969011709541
716907 -108.28147954444773
718507 221.6646701636038
720107 228.33185271096502
721707 251.32614913696068
721806 -110.49425018893369
723406 233.008500763235
723555 -101.81818268097005
723645 -114.61226264931634
724820 57.10614750259694
726420 230.8016810707814
728020 243.5165049352958
729620 233.05529051542175
731220 245.31761872699738
731823 -37.043873162013476
731892 -110.31437724492638
733492 238.1351907559663
735092 250.41060820183077
736692 230.9881655696466
738292 204.52959997927846
739892 244.2750577805041
741492 211.184267301871
743092 238.75846428337724
744692 235.63065241295598
746292 213.38226797414816
747892 239.24916279504825
749492 227.0858721150147
751092 250.33831162716575
752692 248.00647390226067
754292 233.75301472279352
754390 -113.6020689487587
755990 228.5497023736955
757590 251.92490677001658
759190 256.7912433740935
759247 -100.77494912090152
760847 229.88076006016684
762447 243.4726400149408
763366 17.86556914288539
764966 268.1086959143019
766566 247.93119460401456
768166 239.8075053513469
769766 255.33994015806636
769858 -107.27909039658742
771458 257.36421473597807
773058 228.29102460806533
773155 -121.23160687197682
774755 226.02105816499358
776355 256.7149061190282
777955 254.15418755792433
779555 239.13675241073946
781155 238.35453888079533
782755 260.61500808073214
784045 84.87211951376011
785645 230.91263729734126
787245 246.63747330680724
788845 245.44001342143815
788960 -117.81327258260671
790560 233.50194641715748
790823 -119.60384753419335
792423 233.91123896080708
793245 -9.274358821528622
794845 258.6701819199237
796445 248.2848178468652
798045 237.07722138516033
799645 247.48638053041128
800424 9.594764442528444
801684 92.12695957827802
803284 260.9352928992208
804884 249.47480909178344
806484 259.3695158119546
808084 272.59570897115236
809684 263.42657172261204
811284 229.77617309358078
811584 -84.76923108574688
813184 236.6839033103743
814784 222.62205414657797
816384 226.12199773128498
817271 3.0676724956344827
818871 273.47180281796426
820471 250.34318067842955
822071 237.3587484895685
823671 213.95486227797434
825271 232.69351957017034
826871 242.97183827353098
828471 251.99718202173722
830071 208.6149272010037
831671 264.87167478343065
833271 259.16131855525015
834871 257.5918244551915
836471 253.83666093541294
838071 269.1058069436454
839671 255.573820584291
841271 235.57655342568458
842871 252.37707429136353
844471 254.5454908932404
844822 -62.29479778436756
846422 268.01238818510103
848022 250.70182184072254
849622 259.69551380340306
851041 100.14955158986325
852641 230.7689547509427
854241 223.0125265069211
855841 246.27759477036835
857425 277.7925817079303
857910 -57.75408612456355
859510 262.46893442177696
859599 -121.73412623308289
861199 250.70954839840937
861340 -102.07792293730255
862940 259.625714578603
863111 -102.6798738073185
864711 242.3301913477172
866311 245.2283872727255
867911 238.65229274596976
869511 246.98227233449313
871111 236.451215481381
872711 236.42205655420733
874311 240.35977967127386
875911 268.6158161149272
876677 -4.139069487212893
878277 235.483260569509
879877 247.43646967712644
881477 253.07071491966698
883077 244.3020021726149
884677 263.3688014704132
886277 267.34218640940924
887877 271.56677137695056
889477 252.49482073778154
891077 239.22100422717935
891781 2.667189638978428
893381 258.60847597148086
894981 272.468713254369
896581 259.8892165629374
898181 226.78891861958604
899781 273.6173158477599
901381 264.9661022070572
902981 240.40921044630971
904581 241.08817444581186
906181 264.1068934965891
907781 263.68818406422383
909381 256.7103941900482
910981 257.82888472975674
912581 248.19189395608336
912724 -124.80318233175949
914324 268.50448038865187
915924 275.45757592497796
917524 268.8904409926475
919124 263.70141610713534
920539 114.81404385342935
922139 257.68926539784695
923721 278.7099099895683
925321 258.94493780864
926921 260.118131333572
928521 276.93116658160113
930121 274.04148201848346
931721 275.5788716893172
933321 268.6163963488583
934905 281.1553063549188
936495 277.3629253379288
938095 262.58617990103767
938271 -88.65053061178016
939175 22.25111957448503
939270 -113.33575477796482
940870 259.99831929981684
942442 282.1834805646628
942700 -99.8501401671345
944300 254.9548546515075
945900 250.33732629955378
947500 253.1743839944086
949100 268.1976066811621
950700 269.6020715623609
952300 269.50711328019975
953900 273.1265602891508
955495 281.1949010484635
957095 257.5487538015912
958695 236.02930552032313
960295 258.28996921052425
961895 278.2474594701445
963495 256.5697282103154
965095 251.5637694774495
966695 231.20962034337384
968295 276.52947659450183
969895 260.06674790216675
971495 259.24042669026056
972058 -37.25792638076596
973657 278.45713539805917
974380 -54.28831695806967
974465 -112.447261957407
974635 -110.43470738629128
976235 255.05476003518078
976403 -130.80324965146806
978003 263.090813109708
979603 226.41476866522825
981203 272.9199660009164
982803 257.49342171386996
984403 267.2323794738284
984486 -104.65225465832526
986086 278.7416027517102
987686 277.4466629032358
989286 270.29658005363996
990886 280.4119326165227
992486 271.14761597873394
994086 261.91457684447346
994179 -117.09469774958988
995779 270.0673362162884
997379 258.20658781465033
998979 266.5161984119269
1000568 281.17241686456657
1002168 270.5445647428277
1003768 280.3192109854328
1005368 244.0171483043629
1006968 276.86860626629334
1008568 262.01497376482
1010168 235.17160395199608
1011768 256.9922760864804
1013294 285.6594524078459
1014894 266.9132103984509
1015063 -96.6991563764438
1016663 271.0588732214741
1017669 54.70616216945507
1019269 270.2621392160692
1020860 278.9643567667917
1022409 284.3103227761099
1024009 251.57322937146117
1024097 -114.54100589196322
1025673 282.1638356530426
1027273 256.6846511996052
1028827 283.02085935435986
1030407 283.7430642620443
1030505 -117.32904300193054
1032105 276.69800720041576
1033705 268.6117581980924
1035305 268.4006906748482
1036905 249.95453250759348
1038505 274.1233933986588
1039598 69.26181364490594
1041198 270.37217025889055
1042798 253.65072261252297
1044398 258.76419660308306
1045998 277.08569572307863
1047598 265.1561197135657
1049198 245.68281611799347
1050798 273.75631471218696
1052398 263.7524736885509
1053998 248.8158385566383
1055598 280.8461382525362
1057198 278.2935136638426
1057278 -121.17251541045184
1058878 280.4341383182973
1060478 283.33954956255394
1060616 -98.43813779192729
1062159 284.59834077427274
1062215 -116.89121223767971
1063815 268.353101748812
1065415 269.3690461923157
1066973 285.89858038559225
1068573 276.19801769133795
1070163 283.1663603507225
1071717 285.21398928876226
1073267 285.1976946948192
1074867 270.1564509020659
1076467 279.0760677909365
1078019 285.0789025928317
1079619 270.4323073784349
1081169 285.6156031658068
1082714 284.6279127530317
1084314 268.3137409215562
1085890 284.7293280088015
1087468 283.2834181891461
1088995 288.29612818337955
1090594 280.51680110119787
1092137 283.4709485987569
1093708 282.3938220406711
1095308 275.59271956263086
1096908 275.712855423166
1097007 -126.46110230225884
1098607 270.7440466128712
1100149 285.8082071242674
1101734 282.0361083401289
1103295 281.4513644342603
1104895 280.12808016162785
1106422 284.1078544107976
1107974 283.2756572904681
1109535 283.45287562889257
1111123 284.0453726662959
1112659 283.38270930338757
1112959 -70.97337829616109
1114559 274.7969567278988
1116131 283.38296768239576
1117731 242.332734706043
1119278 285.1483146906643
1120878 280.382416216346
1122478 279.6814399692447
1124050 280.5606095823298
1125617 283.130243091235
1127205 280.2884001195631
1128745 285.1420619038345
1130287 285.88937076859236
1131839 283.12496541401174
1133439 269.84257278830535
1135028 281.95033356959556
1136615 283.7311750705758
1136759 -119.65820325013405
1138329 282.09637107598377
1139925 279.98968140687225
1141439 287.45746719540944
1142969 285.7395965587079
1144510 285.5740100061147
1146110 248.09325466988608
1147634 286.25018275239375
1148621 45.28484191509739
1150109 286.79785648491253
1151631 283.84696788115656
1153195 281.4052850087312
1154690 285.61961566560313
1156290 269.25399508058456
1157890 266.19211339734414
1157941 -118.19879466584077
1159430 287.3973443578836
1161010 281.9840983509582
1162545 284.54329765719945
1164091 281.4433860941034
1165659 283.195420061721
1167212 282.17966727011685
1168812 263.58439746584463
1170371 279.8043629624019
1171898 281.49902254732825
1173498 247.13118696815172
1175070 282.9001936367929
1176610 281.1928375726781
1178196 277.74767054024613
1179796 278.73864293055584
1181341 283.52633831025497
1182891 282.9560109708083
1184461 280.9039152682103
1186050 282.0590565801212
1187577 285.6424929305662
1189054 285.4097468813091
1189205 -95.0938018550879
1190728 284.7467426812766
1192279 282.19142019239393
1193787 285.98756556872473
1194738 57.15935941322647
1196282 282.2150034806626
1197815 281.3233220648819
1197864 -117.79048114665349
1199464 272.5520271558886
1201042 281.7082348848357
1201525 -36.712082966874696
1203073 282.7102731951377
1204643 282.03924104955286
1206170 284.29691220829744
1207688 282.50491602476734
1209266 281.9190633844397
1210824 279.95136618753276
1212331 281.9314817676953
1213893 280.48367825339943
1215435 282.48102208063955
1216978 284.9723217295436
1218522 284.8909497605204
1220063 281.39545921517987
1221586 282.79439592891725
1223068 286.1698090357776
1224640 282.66902718833234
1226195 280.43695085877084
1227698 282.471524467127
1229298 278.4884737460199
1230886 280.68636103125004
1232379 283.7751564858006
1233916 281.32035001033177
1234553 -7.972923978432988
1236104 281.68438013439015
1236972 26.546366829908877
1238494 284.3689448530789
1240006 282.9616295404652
1241567 279.5318925485244
1243105 281.22459296453025
1244623 284.63051850622867
1246169 283.28418080755085
1247661 283.7521825390846
1249138 285.22802507351565
1250681 282.56836620186243
1252176 286.34614895806567
1253748 280.6179549555051
1255206 288.1036710026528
1256748 283.6252770139284
1256913 -130.67390981852697
1257344 -51.31219775333505
1258861 281.35511664293745
1258997 -91.63337125164084
1260476 283.8899579908884
1261984 284.45628360540917
1263499 285.73949109710975
1265027 284.6346530253342
1266577 280.05319493513286
1268081 285.6724745411696
1269647 279.2809212400385
1271176 282.39866093067246
1272741 282.503497148764
1274258 282.84541877942223
1275824 283.0664914264685
1277298 286.93381135761496
1278773 284.46709244703914
1280313 285.22587923224296
1281829 286.17111962097334
1283361 282.7761049636066
1284929 281.6968965664395
1286495 282.7597135405805
1288005 284.9615481384937
1289514 283.2250810232038
1291054 282.1561551457159
1292567 284.09573244068736
1294108 280.30734143323417
1295662 283.56983809433336
1297173 280.31921780800684
1298684 280.9161818363367
1300153 284.6391787998472
1301709 277.4944749770701
1303199 282.4410108537983
1304689 285.50417597461694
1306226 282.18079842576884
1307747 285.29467090550213
1308518 17.053294511903175
1310052 282.44125141243467
1311557 281.5898411602959
1313091 282.67941104267413
1314625 281.0573111755476
1316128 283.8998165476565
1317652 281.700358562493
1319221 281.16827470590187
1320781 281.9874312834265
1322301 284.2916418744394
1323843 285.32301739928386
1325312 287.7446947196582
1326314 77.70714520154226
1327816 286.64392527980715
1329380 282.831141043644
1330873 287.73649803794086
1332473 225.67041229148424
1333992 282.6173396509567
1335576 280.3805080457803
1337126 282.62201343768356
1338612 284.19576707728754
1340152 282.5266921098223
1341651 285.81586899406557
1343194 283.10273500609156
1344713 285.87756995145986
1346275 281.4841450387954
1346956 14.66980768216149
1348442 286.1938047048266
1349977 283.2739099469688
1351509 282.3094243295297
1353024 285.4323473891421
1354603 281.74892313897243
1356202 281.84667679197577
1357714 285.17482567520847
1359223 286.4299309458598
1360755 284.9024428281933
1362303 283.4061714291784
1363856 281.71466446218096
1365365 285.9882779300412
1366877 282.61191188178344
1368390 284.991701262984
1369964 280.2149557562864
1371497 285.526147540387
1372987 286.2003022365154
1374521 285.6570018508021
1376018 288.6277893766649
1377544 284.3623569966615
1377711 -96.233720256906
1379218 286.5856318017724
1380754 282.48784858103414
1382229 287.19331811207655
1383679 288.988677367305
1385130 290.7531757222804
1386689 282.74037340138204
1388213 287.4179556869443
1389713 285.6370139838807
1390444 25.213501890716557
1391994 281.2396506632348
1393434 288.7773734545701
1394955 284.52868309824385
1396483 283.78899034199475
1397967 286.2038684040828
1399492 287.43117715952326
1401031 284.65348264285507
1402524 288.4326167069187
1404050 285.29684631891126
1404539 -38.99487299257347
1406023 287.826435958157
1407527 285.7188586217645
1409017 283.6221918211795
1410582 281.03698053625413
1411482 34.271300447681085
1413035 285.12229202296555
1414536 285.7869660386764
1416066 286.42851523302136
1417563 286.3700917093671
1419124 283.7911127153278
1419637 -23.623817947938434
1421160 283.928142998481
1422677 287.819152461049
1424167 286.10427640342766
1425704 284.8626067078572
1427171 290.2636474512427
1428695 286.85900645037077
1430227 283.819145526516
1431741 287.3337907881422
1433202 289.8152094339486
1434669 288.4860927672266
1436121 290.50319054375274
1437609 283.67784839638654
1438215 5.9373296992221185
1439689 288.33639713375857
1440287 -15.653681899922319
1441748 287.4145331741829
1443208 290.1584344601822
1444694 289.39188552887293
1446182 288.1641169182624
1447734 282.91371299737904
1449216 285.2885859339122
1450700 288.3459760967723
1452191 287.4449029928452
1453656 286.60506706870194
1455118 290.1179571209317
1456650 284.26817565962654
1458130 288.9515189297052
1459723 280.3331823068955
1461294 283.84726562517625
1462823 284.8147683239758
1464356 285.3622750503836
1465828 286.3946964525648
1467341 283.1915873794226
1468935 282.88080093372633
1470457 286.5575313402369
1471951 284.9738783653536
1473455 284.7127706362581
1474938 285.76359133183666
1476438 289.304370080591
1478006 283.7004764908049
1479508 286.3409248203797
1481048 285.6073495530915
1482543 285.9533712369329
1484050 286.45095479196743
1485604 285.13322666015523
1487148 281.8935767693316
1487263 -99.43066125947222
1488744 289.13345681765924
1490344 278.0724837514521
1491825 288.0747771161977
1493320 288.0693773742485
1494834 287.70602462252805
1496402 280.48417239924
1497425 82.93991845638621
1499023 281.6614749223635
1500571 281.6177916313354
1502132 281.59034944935235
1503732 280.94362402455147
1505258 285.9802901537843
1506789 281.4011251427962
1508290 286.69675159671596
1509809 284.6958392194641
1511307 287.5009381859172
1512742 291.2659988776018
1514208 290.06267610865734
1515678 288.80724745483946
1517138 289.281690399542
1518738 282.86628352327756
1518841 -103.42179809375294
1520390 282.299865372381
1521964 282.08348314177925
1523453 283.3860195490723
1525001 285.944420716206
1526491 282.60203617671743
1526628 -103.6622944572835
1527886 131.51241625831452
1529433 282.34869304904333
1530895 286.7942527370947
1532373 286.77064599248087
1533929 285.2984196783539
1535493 282.4484169729479
1536997 284.4133387803253
1538576 278.4588520923364
1540032 289.05243527644194
1541496 289.4617805582465
1543013 283.96914028655254
1544509 287.23192967166256
1545810 136.255288257373
1547337 284.53104430838556
1548791 290.86141199224267
1550382 281.8818126905349
1551924 284.05096051362284
1553412 288.32124861642046
1554599 111.06038088492369
1554695 -108.33188678017756
1556295 280.80881004448645
1557754 287.90587835365176
1559215 288.9675690451143
1560647 288.34917796395587
1562154 284.6958460769554
1563668 284.9725611158197
1565139 286.40781055548536
1566572 291.8351518173441
1568070 286.87341989528187
1569670 278.8969554459174
1571171 285.32138864254193
1571346 -93.58079471916022
1572863 285.39344676248624
1574310 289.81610998428005
1575747 287.3650010872038
1576247 -22.482955905333228
1576354 -112.63532146279451
1577917 282.24751228926925
1578009 -108.88002057836826
1579105 99.16864090488022
1580563 288.6163385261188
1582032 287.76228187771034
1583522 288.70883142460974
1585020 287.86513784595456
1586267 96.52589800782332
1587795 286.2883678874001
1587932 -97.92721419173168
1589532 251.56536514970793
1591037 287.89482989452574
1592570 281.67466491411284
1594043 289.1974207396088
1595643 265.5434055082225
1596781 119.47179888544477
1598272 284.98758661125163
1599798 283.5414651100052
1601336 283.80591226250715
1601709 -36.94799314169032
1603199 285.0627647626895
1604711 285.12426367213243
1606311 273.1251530740555
1607760 290.4663881544669
1609233 288.1803968013967
1610748 287.37495503911714
1612242 286.8392377200852
1613749 286.60892966530247
1615263 286.99319401221163
1616766 285.46922206667335
1617459 5.533828258274809
1618946 286.8193955250038
1620456 287.40107349563345
1621940 289.3961353005716
1623540 260.6407060936894
1625052 286.799366715282
1626542 288.5034268053118
1628007 287.3292485082265
1629479 290.84800340185654
1631014 286.2295535472879
1632532 285.7006440966593
1633989 286.5703884004246
1635517 285.30888451955207
1637010 286.14267781839004
1638524 285.4402937032082
1639039 -39.294651621907946
1639873 24.793598097398927
1639968 -113.05203688852768
1641538 285.16937260205333
1643015 286.0291854690087
1644554 282.11906798825436
1645987 289.94226325096423
1647480 287.4685723730255
1648920 289.62571339365286
1650109 121.65766067779163
1651669 285.8316130387821
1653187 285.10668586142134
1654669 288.7316229099756
1656186 285.63466299573565
1657669 288.2529451244898
1659170 285.7111031829146
1660653 286.3480675919859
1662127 290.17686310229954
1663645 285.7251916901122
1665182 283.9644421811663
1665490 -99.86125348942417
1667039 284.3537389668136
1668478 289.6833497839695
1670002 285.58979951132784
1671546 285.67370993987026
1673024 286.4228710955447
1674480 287.5264176070516
1675945 288.5696131174719
1677436 283.7586505015996
1678992 282.819323397353
1680520 284.8147398060525
1681983 287.66309301465225
1683537 284.1904590146863
1684996 289.6162898962475
1686516 286.9482759693232
1688012 283.69257757129515
1689543 286.6086363919296
1691143 281.7299685682724
1692726 283.8507376793078
1694181 288.16409348527355
1695678 286.88330572788385
1697177 285.1863371239175
1698701 286.0024478672827
1700301 266.5725907672567
1701369 76.7253457395596
1701509 -100.97407139846247
1703038 284.25701222697995
1704572 282.7447481102859
1706172 268.4819132797956
1707702 285.9138297943352
1709196 285.3323812462501
1710681 285.5634923165075
1711336 0.6690134096698159
1712786 290.9356227563429
1714319 287.3266656135431
1715919 273.7642217779647
1717319 293.90627673457584
1718779 290.1979670545863
1720292 283.7937329741386
1721766 287.08528572835144
1723265 288.5758849683821
1724743 288.07342158177767
1726208 291.5290320112265
1727711 287.13653545003706
1729246 286.5801849772104
1730736 289.1327588500814
1732271 284.7215362118161
1733741 286.19123495839904
1735259 284.58873937687537
1736806 283.9214330404697
1738301 288.22777948173695
1739377 80.02298409320147
1740376 61.95614055481619
1741896 284.2483157165809
1743405 287.37704920330026
1744936 286.6140076518228
1745103 -90.66613088551101
1746626 284.7032566160366
1747069 -50.21546417612086
1748618 283.4624441374907
1750050 292.7835214798046
1751620 284.6459570049814
1753103 286.87735619414036
1754602 286.72717240512935
1756093 286.85535963822696
1757647 283.0928374976712
1759146 287.00131414853246
1760693 285.3522702864759
1762165 290.3148557450963
1763640 288.8450418725157
1765135 286.5697193036565
1766657 287.8581873195382
1768155 289.81800013843565
1769623 289.44481396995315
1771123 284.3663334591622
1772628 285.0310256726224
1774138 286.72582387232023
1775674 286.5747527675277
1777248 285.27679973759814
1778716 290.3672887800983
1780215 286.17003405139417
1781753 284.52430177524565
1782681 60.356739535066026
1783926 111.19336993298757
1785449 288.4752507009872
1786911 286.8957166799421
1788407 288.9949616306795
1789863 286.74850363954886
1791389 283.16059520365457
1792946 283.8569720304408
1794546 280.0672711724948
1796007 287.6774028383495
1797522 283.5908228123835
1799077 281.64439412504316
1799400 -70.92691977920819
1800975 281.58404327549954
1802443 286.34312059794917
1803966 283.6407256374817
1805559 283.2817605421011
1807041 288.62374025902807
1808563 287.345104341907
1810032 290.0665648397296
1811565 283.89191664494894
1813165 283.91318843547623
1814758 282.1538734893343
1816358 249.40922276699348
1817846 288.95809087325557
1819379 287.05045561833424
1820936 285.14190139168363
1822480 283.19586827161504
1822608 -110.41939272508647
1824059 289.6490325739919
1825547 286.8761860128796
1827069 285.7483488762767
1828669 282.07605674908154
1830154 286.16886927565133
1831600 290.1634430099879
1833137 285.386273941436
1834625 287.73617998020023
1836132 287.94122460812497
1837633 287.8404699784698
1839095 289.6440443600113
1840544 289.97118150181825
1842017 288.7883669773233
1842189 -131.95501597272542
1843665 286.33557802766535
1845180 286.63632446718475
1846669 288.69796150576286
1848204 287.3507606866738
1849658 289.987789668044
1851180 288.94614523866784
1852633 289.5706761503999
1854088 291.6432201002096
1855569 288.9380838500263
1857050 289.494506296045
1857595 -23.229127719988853
1859130 285.0492256061285
1860637 286.2630729589776
1862179 286.75253692539104
1863647 290.9890990287361
1865094 292.0728329603378
1866632 284.68780799030935
1868098 289.82679798887943
1869545 292.2242513137964
1871004 289.7523586126943
1872477 291.2422805207271
1873961 286.7920651733504
1875522 287.1754262463414
1877021 289.3866378057237
1877103 -107.15389025195564
1878578 290.01841316318803
1880024 292.0534022336187
1881483 288.87139103473197
1883022 284.49768492655306
1884490 288.5324931435742
1886034 286.1962723001387
1887474 292.44926979175204
1888945 288.37173122270167
1890439 288.2176879082841
1891914 289.1683799020572
1893440 288.1670141993644
1895040 262.4418365048644
1896473 292.6950911794568
1897948 290.82155229445266
1899413 290.0273290150781
1900900 288.3221512068516
1902366 288.6232017838809
1903844 289.0498001784676
1905284 290.57271857946284
1906706 292.90765828653696
1908181 290.6187257840391
1908898 9.283499693838337
1910393 286.5986291233877
1911890 287.2782779579158
1913353 290.8559142423013
1914785 290.84337097609784
1916213 294.2557047528937
1917717 286.7273952724573
1919193 291.66620570972356
1920669 289.76540822072593
1922132 289.09819482818244
1923595 288.7431279803509
1925124 288.2180389727962
1926627 288.79308117516285
1928143 285.3620778607143
1929608 289.9120088707247
1931138 284.46153303616234
1932619 286.9951189504046
1934096 290.85218687024565
1935577 288.7118745209874
1937103 286.4400742001369
1938576 287.63650371637596
1940098 288.4458275879147
1941556 291.78696219273706
1942997 293.09261966923196
1944492 289.6024768813186
1945998 287.22079170767637
1947496 288.86830011884376
1948979 290.18608012733466
1950502 286.45778606217544
1952004 290.4417787955345
1953469 289.87362456001915
1954971 289.2771859396437
1956539 285.52645781846167
1958068 286.81873946598677
1959540 287.1725219641738
1961070 286.10896199339885
1962556 290.9546970421981
1964105 284.98051061725295
1965640 286.73011612480553
1967233 284.67170833515246
1968752 288.0624205103671
1970248 291.3842781727628
1971744 288.4204436678289
1973232 288.8698764586197
1974673 291.3542749331826
1976133 292.13139983477174
1976222 -115.26491512841895
1977729 290.4362954704346
1979209 291.6218096476771
1980656 291.27342549147977
1982109 293.4333325945822
1983540 292.13514347053723
1985035 289.64638865688994
1986521 286.0558246179506
1988028 288.0914240698955
1989530 289.45535906745465
1990975 292.2199537394753
1992503 286.46085356905587
1993998 289.45961479117625
1995518 290.03496898851733
1995620 -107.2037812322545
1997111 287.00636524894435
1998585 290.9481883198141
2000086 290.31771845605385
2001568 289.2620168716624
2003123 284.8579381284469
2004588 289.6678845271684
2006079 289.9941092641854
2007602 286.28207885653285
2009096 288.9483432100686
2010563 290.0089829976133
2011418 43.345648250009106
2012919 287.71508569173574
2014430 285.5496001501303
2016003 287.07021895171215
2017510 289.26875810853625
2018098 -29.571672564382396
2019562 290.22325087892693
2021041 291.17336992172756
2022476 292.86439572683094
2023902 292.2424598405631
2025462 287.86227804954495
2026942 287.8120143385898
2028372 295.07549273927674
2029838 292.2584735541531
2031335 290.31670156026655
2032827 287.6845420256434
2034328 288.2549341512656
2035824 289.70340409649134
2037295 290.8959367673793
2038770 289.4779617687159
2040246 290.7679784455079
2041705 290.5166251055387
2043185 288.9715389933772
2044667 290.56864976225694
2046139 291.46183811303774
2047616 290.76214899878084
2049050 293.7526399025051
2050508 289.00722133065534
2051998 290.2354486167543
2053483 290.13642233791717
2055037 286.8573908319787
2056587 287.3024319314855
2058013 293.53139101357505
2059512 291.07575620476234
2061112 272.57666335403434
2062579 290.1627243457179
2064111 286.31411044874756
2065614 286.6881339710193
2065758 -88.99152903581908
2067250 287.47463509826076
2068743 290.6828527962827
2070040 123.07953643671667
2071511 289.7537575360776
2072998 288.0203008802966
2074510 286.0455300184705
2076025 287.60546077486487
2077526 288.58206115662176
2079051 288.81009230746827
2080528 287.37316624755624
2082053 288.95597210251213
2083555 289.2427740051176
2085000 290.9232698877998
2086548 285.2123598284515
2088082 287.97272276680377
2089540 290.1649210826424
2091046 286.6265255266762
2092576 288.3353532834879
2094024 291.7793172059852
2094782 -0.32766579784092187
2096328 287.58277092960856
2097819 286.37242678128024
2099250 290.0259630352663
2100719 292.0909704615957
2102178 292.2387356029623
2102976 31.808977237777583
2104457 287.93653051220815
2104623 -95.56454508952238
2106111 287.17837622353363
2107566 289.9351175752364
2109052 288.60474722757107
2110550 288.60620590992835
2112020 292.2071622524103
2113433 293.0660967334954
2114890 289.5953264493923
2116427 289.1492813755524
2117877 291.3845061781262
2119404 289.26756904280387
2120838 291.2134663759796
2122280 293.05142485327036
2123756 290.2831817155139
2125232 288.13789854728134
2126730 285.97058625306806
2127358 -7.082220213096676
2128913 285.50781719604413
2130369 289.8741862193305
2131944 286.7769969782731
2133366 293.44067639829274
2134845 288.42629724858665
2136307 290.1656169761027
2137783 288.4718845527225
2139250 289.26334363855744
2140714 293.05537828304233
2141380 16.744239280416323
2142828 291.78801388363416
2144272 292.23800697761936
2145778 290.3911176013914
2147253 292.4398558363234
2148803 284.4752355708034
2150250 291.04431709663066
2151699 293.61855220500047
2153123 292.9986285141345
2154571 152.14443268363243
2156082 288.86731999666085
2157580 288.9757195600608
2158492 57.00321833989696
2159917 294.4937166941583
2161353 293.56275465782653
2162804 293.17835265681913
2164328 290.70638322843627
2165777 172.9085475169303
2167267 291.5188326220031
2168766 288.7544113800699
2170310 287.5509934548937
2171790 291.58193267773055
2173215 291.915332663806
2174763 285.1841840525081
2176233 293.14000586819947
2177686 290.865048811627
2179201 289.8073278051537
2180659 292.92210852118035
2182150 286.8720313185673
2183611 292.32056640016066
2185126 288.41892903996177
2186589 290.49562254853976
2188054 290.1996697926692
2189551 287.70951896868706
2190983 293.5663056351565
2192583 285.1076270037108
2194059 291.07551625875396
2195546 290.5155259025216
2197046 287.3777912308442
2198515 292.08173030309604
2200068 284.31398171250186
2201578 287.659102664474
2203037 289.10078241638024
2204532 288.7319423559856
2206052 288.7818017523031
2207528 290.4575380737289
2209023 287.32723479619585
2210502 291.14857847910696
2211987 288.85400246158645
2213454 291.7981939723269
2214972 288.45929190445094
2216432 290.76038268044886
2217929 287.5810810566358
2219356 292.123897737994
2220803 289.80047820822597
2222341 288.80231846477403
2223807 289.8097041712585
2225291 288.0059550821943
2226735 292.59342877575665
2228261 288.03690397905643
2229687 295.33124753915064
2231144 292.5705322721624
2232605 290.941050951283
2234075 292.0799046827307
2235541 291.0003952615078
2237003 290.7042640527381
2238472 289.2948894868525
2239961 290.7653117316348
2241437 290.0968737584846
2242849 291.75497491333914
2244290 293.90828999266876
2245748 292.96004473448255
2247136 296.80336963739444
2248544 293.36234197599805
2250003 292.576054629321
2251445 292.81016453045766
2252940 289.31313614585105
2254386 292.2008745004681
2255828 294.57202291008025
2257285 292.5214702423989
2258717 292.45323702594936
2259346 12.750810051525576
2260835 287.1823842931182
2262294 289.5184468886682
2263777 291.65516283144353
2265262 290.98569108645796
2266680 291.55899051804556
2268149 293.34500725617505
2269596 293.27750808158817
2271053 291.6030051767625
2271495 -21.077690292824087
2272942 292.07865843287084
2274422 290.1175929746318
2275884 293.26423217451395
2277429 284.1850529026273
2278879 289.9786823366886
2280372 286.41744080112596
2281815 289.9778162656149
2283289 288.38248962202323
2284807 286.82335339958155
2286289 290.72762166321
2287703 293.4817344237544
2289151 292.110926401038
2290582 293.8739675029233
2292004 294.92697430956
2293454 290.06536406443854
2294866 294.523965444335
2296304 293.53938903122184
2297758 289.9225960829179
2299207 292.29494927539315
2300664 288.16037083641385
2302142 290.9410979527419
2303566 292.2379209300454
2305094 287.87721228246227
2305188 -107.39785131955146
2306697 286.75174276192007
2308139 293.26457861915054
2309682 286.86087479113627
2311141 291.05240023224826
2312641 289.5924387251233
2314122 292.4276788526282
2315141 86.66823867241538
2316663 286.63548977967434
2318142 290.15069135121803
2319588 293.8154314165312
2321127 285.36398721735185
2322572 291.74650733289934
2324057 288.7330611462432
2325630 287.1756571911063
2327060 292.8740989215372
2328544 289.09273011708984
2330109 285.2441876834735
2331566 292.88711002210243
2333166 281.51569098221484
2334635 293.14496186446564
2334886 -68.97639014875826
2336331 293.9087878855715
2337844 289.50840097584745
2339259 294.95418011998777
2340714 289.7588757544069
2342181 289.54269870036046
2343735 285.11624826906115
2345186 290.6844980296587
2346606 292.72224016290244
2348206 276.99401714753975
2349656 294.16602581897763
2349798 -95.40484749932277
2351269 291.93224490737026
2352743 293.1063186516673
2353888 115.3613322111004
2355336 292.83306678577526
2356789 292.28722999077644
2358258 292.57162024868506
2359780 287.8158282541233
2361237 292.46002849667434
2362720 288.9749416479832
2364230 289.50096643454356
2365668 292.0500088746401
2367095 292.1785729786996
2368569 291.13897407225284
2370037 290.1084629276478
2371500 290.6702338682383
2372967 290.37528670181456
2374485 290.4860016934963
2375925 294.0438549874344
2376024 -103.91929135547889
2377540 286.8132665253697
2378949 294.30780978751244
2380384 293.8001154636495
2381863 290.19595304135066
2383299 292.62986262776
2384796 291.2241319390731
2386262 292.767528269791
2387758 288.4243570374673
2387836 -105.07880449271947
2389284 292.36606746500803
2389740 -26.26305630406854
2391179 291.8772192582417
2392592 294.6477029442734
2394005 296.3056970815369
2394088 -110.27647808880172
2395571 292.40568966940054
2396963 297.880222141154
2398408 292.34038292275636
2399861 292.43484100875213
2401340 288.6771016076715
2402805 291.06814052248706
2404229 293.4611581775978
2405737 288.9702656324926
2407200 292.95605865350444
2408726 289.0295806400727
2410216 290.0132728764971
2411630 294.658528360499
2413039 292.6738259349816
2413131 -109.94887035682362
2414575 293.522845762017
2416016 291.5728022514235
2417480 290.8287526021877
2418942 292.85385499303777
2420379 294.56961901991383
2421829 290.1457307006536
2423306 288.89836103892844
2424838 287.0899654262461
2426294 292.6679714920969
2427763 290.3161956229122
2427842 -110.66420779903419
2429354 285.51763175829814
2430771 294.13207136847507
2432231 292.11636398481477
2433756 287.03209496622355
2435178 295.072361675631
2436662 288.03387564340875
2438164 287.1713893708851
2439616 291.8598081394921
2441021 292.7944467886095
2442469 292.221941712282
2444003 284.81512379612565
2445467 289.4137298760939
2446881 295.4286701168245
2448413 286.0391944661178
2449894 288.3735620177982
2451353 291.9263449478175
2452829 289.9852434574082
2454390 285.0579462851057
2455836 291.44901317185355
2457269 293.6309459841201
2458754 288.80370351838025
2460217 289.6893965046646
2461711 287.4709314504219
2463184 291.0436067889042
2464636 290.038257857347
2466206 283.6139878734924
2467614 293.30368166164186
2469097 290.46962128236794
2469231 -108.85573887098332
2470726 283.457391053061
2472208 290.4732732252595
2473684 290.90477291698886
2475122 294.7024481272041
2476528 294.7775543816436
2477920 294.3245016726023
2479329 295.6881525109112
2480741 294.5656099503495
2482206 290.8767933354917
2483764 282.99591181151726
2485245 293.5737014208676
2486663 295.7300400812717
2488072 292.80015926157904
2489509 291.00212050271153
2490939 292.0997104789786
2492405 289.4017781259371
2493887 290.16231467925104
2495281 295.67104588208565
2496770 289.21830516749935
2498225 289.6763783209519
2499654 295.6965771421686
2501107 292.2167027717754
2502557 294.07603079844904
2502707 -94.77239574507469
2504143 293.7881805764463
2505549 293.353712566388
2506996 294.1928147529039
2508455 288.2576909106944
2509956 289.64508402307746
2511411 291.56901423753976
2512868 290.59721833283555
2513027 -90.98577400631845
2514483 291.7813032725485
2515980 288.31899670280313
2517471 289.9741915804443
2518897 292.6172928049506
2520379 290.43638499018033
2521790 292.9650171411005
2523227 289.49540458828926
2524736 290.1698671233448
2526191 290.33778830100397
2527633 293.68221595925985
2529072 290.70374738621666
2530564 290.09334997203945
2531989 294.14580041461005
2533462 292.8820099624971
2534916 290.3122251563923
2536383 289.1957403777521
2537806 291.2402839493438
2539231 292.09002685696123
2540659 293.41017051706956
2542155 287.51142310012546
2543538 298.47824755783824
2544961 293.40258372460937
2546434 290.4699053356196
2547866 294.46987855124587
2549308 294.3342070926316
2550691 297.3732803700462
2552142 293.26954336445004
2553576 290.8996626032127
2554994 292.159806830495
2556486 287.3284948130919
2557919 294.4843066704688
2559372 292.36329064438945
2560832 291.3968578292998
2562281 292.5447988574987
2563832 287.23696690179816
2565270 289.63638919810353
2566676 294.82998013593743
2568158 290.5692828690137
2569622 293.81493707654886
2571055 295.60919979962995
2572517 289.7313647966659
2573978 292.06138923985253
2575444 290.6962893003286
2576904 292.15850770544654
2578356 291.3211813413993
2579856 286.9853770852876
2581342 291.49915125370205
2582786 290.4992169206325
2584287 289.47193505355494
2585701 296.2307162583321
2587078 298.52499468560285
2588509 294.17848504159
2589917 293.57343733637424
2591400 289.553479983479
2592842 290.5909742302202
2594307 292.1882376557261
2595749 291.98571195655177
2597214 293.5871978073411
2598661 294.7920758085047
2600094 293.7317298146716
2601556 291.24422936137313
2603001 292.2819808750481
2604477 288.1304683963485
2605985 287.7110611844365
2607428 294.9129033994357
2608876 291.4267677558237
2610336 289.8209076556478
2611832 289.4785281593834
2613291 293.29180435573215
2614722 293.431705878511
2616128 293.9247554666398
2617552 293.36511558503474
2618990 294.8155206700228
2620484 291.988545691016
2621928 291.7735500121481
2623385 290.71454031416897
2624834 294.0349385827989
2626252 292.534948736358
2626974 15.231956911792992
2628455 292.1414085829988
2629925 292.75760606672355
2631335 296.23606674282837
2632779 291.56591132234814
2634227 294.1087756977732
2635674 291.24934294233094
2637123 292.9229265305272
2638052 75.95933462753203
2639471 290.4064522682062
2640930 292.6171619861253
2642448 289.44083345762795
2643843 297.560192595454
2643962 -113.62179235507578
2645436 291.0894522658628
2646928 289.4156289690644
2648375 294.60828800027787
2649837 289.88079646234934
2651236 294.6750760869768
2652711 290.43087115149433
2654186 288.5905499340889
2654965 25.10617737509436
2656440 289.7094050519048
2657922 289.73898188278633
2659336 294.62073681683347
2660748 295.4062777240688
2662267 290.76182818425787
2663730 291.3409946921664
2665155 292.69550206683016
2666645 292.5519870373456
2668109 292.12546571057715
2669405 114.55379241527467
2670833 295.1216759446392
2672227 296.9274308563967
2672921 -0.9096353146196634
2674423 291.1046800200744
2675855 291.1488313830534
2677282 292.7025528349662
2678731 294.97259525039846
2680193 292.74581725408177
2681619 292.90046537400275
2683062 293.72950661092443
2684497 293.246935575628
2685935 292.1896824624879
2687353 296.6739519797791
2688835 290.73204190201415
2690248 296.1572881467524
2691720 288.7329546017823
2693167 294.5971473537407
2694613 293.2032868106163
2694978 -47.03083409626238
2696454 289.81041247158635
2697983 288.94144904646816
2699376 295.02639914071443
2700926 287.57284332605906
2702459 286.4631917919775
2703876 293.54464383211393
2704101 -77.74286028065222
2705527 296.4521930459927
2706985 293.4630554118321
2708418 292.7440185228618
2709910 290.60715666675907
2711411 288.2708448299414
2712944 290.9176843092436
2714370 292.9100042536101
2715828 290.5117484728722
2717262 291.19064452222653
2718702 295.57775871922667
2720130 294.42705895856506
2721596 292.71581033886775
2723082 288.85760339894176
2724481 295.88419072644973
2725948 293.6109364788838
2727420 292.8174919728446
2728910 289.92101512325445
2730303 297.08099948099306
2731797 287.8359878453889
2733211 295.17863534948475
2734651 293.85848536469706
2736061 297.2382260696626
2737464 296.9007830386273
2738951 288.5824552082709
2740382 292.85553389445414
2741804 294.9305379416636
2743251 294.3768834703477
2744731 293.85581221197924
2746151 291.8617099939562
2747562 295.7220911514846
2748991 295.96479751761376
2750460 291.206821718747
2751913 292.6094529671353
2753216 157.13620516001652
2754641 295.06774313546583
2756151 287.61696672316583
2757606 294.58698483792926
2759059 293.20342019887687
2760460 296.7450519805939
2761894 292.8692280348205
2763384 286.87544230529613
2764283 73.76932432735262
2764381 -101.84119671794896
2765877 291.82918959913894
2767309 293.69945890478937
2767495 -108.80933590630318
2768908 293.2098684116304
2770315 295.99917534672477
2771763 292.80642986702867
2773201 292.055660550677
2774581 297.16715570852006
2775969 297.57793210727505
2777430 291.0596009371827
2778925 288.81574906788995
2780465 289.0429085352561
2781895 292.95975470859656
2783379 289.64493133072057
2784795 294.2715747928496
2786242 294.83541881387083
2787679 292.60671830204603
2789242 287.7017994231461
2790739 291.2616816186804
2792199 290.54479538688867
2793639 294.1369259725733
2795092 291.9035561447872
2796535 291.06657439838307
2798010 290.88585568547114
2799450 293.7290844893718
2800911 288.7559312416849
2802367 291.96007949021185
2803823 293.6271372507302
2805302 289.35387784009583
2806723 292.27902722315116
2808159 292.80583925569505
2809625 291.0237426975745
2811183 287.7741264425025
2812707 286.4430334081677
2814237 289.9794906955418
2814661 -56.00447595620873
2816131 292.7720120666581
2817534 294.3787520616676
2818979 293.0407721891288
2820451 293.21202174583755
2821946 291.3928216366268
2823371 290.26996374593415
2824841 293.1171881063663
2826351 288.57419142318696
2826596 -78.87940642713816
2828064 293.20156147249384
2829510 292.66006731605944
2830993 289.54546893586803
2832431 294.2548732012915
2833869 294.8312892272626
2835363 290.04826688114196
2836884 286.8885101693676
2838416 287.0370207422326
2839906 288.3703441054028
2841437 289.55437942174274
2842918 292.83092206168794
2844311 296.91301173223485
2845756 294.3171617794013
2847316 286.77804803974277
2848781 293.6130442348532
2850204 295.4232323988608
2851644 291.87994376531185
2853126 290.08994078854363
2854659 288.1345446817616
2856136 290.35368837595246
2857588 292.1061481359062
2859024 290.317076378328
2860428 290.88253331161854
2861958 288.26743219670965
2862044 -105.89113857211359
2863474 295.8582566705459
2864952 291.14503182075504
2866441 291.49771164637076
2867870 295.39704464793124
2869349 290.03454492970354
2870813 291.26823457372683
2872225 293.82851412602486
2873649 293.52042664389074
2875117 292.869966443059
2876581 290.2502394423002
2878035 293.6394949583483
2879511 291.6045014540634
2880967 293.4794598632736
2882416 292.8300052812121
2883872 291.7388845266299
2885300 290.390813017775
2886774 292.61547289773455
2888228 291.23657023999044
2889673 293.47149091976695
2891112 292.5285843515631
2892561 290.7049281323355
2894017 294.1148013698662
2895499 292.3161253114673
2896953 291.7624574082648
2898418 290.37600059224957
2899942 288.69549672855595
2901421 289.2023035619871
2902794 295.64748808978214
2904237 291.55385661582443
2905798 285.89038920450696
2907246 291.3171140033628
2908733 288.18986135607435
2910166 294.72487180387225
2911645 287.883910877855
2913093 293.47256868330857
2914547 291.157221049011
2916039 288.06866274600935
2917501 293.9647832244796
2918973 291.1026353872669
2920399 291.6536788881121
2921883 291.6946920667571
2923341 292.7078328506389
2924799 292.26875865980344
2926250 293.59837215930344
2927685 292.5950755355826
2929150 291.4190881609529
2930598 293.256468250818
2932128 286.50864935238445
2933599 292.3320502764222
2935101 288.72342376725123
2936526 292.01942058333145
2937973 291.79794500060785
2939400 295.22634455118737
2940858 290.81567759117667
2942324 292.54180076997955
2943783 290.2161205315249
2945203 296.06246678647204
2946622 293.5333631881039
2948060 292.6596348526268
2949495 293.1740590000716
2950987 293.2778390796717
2952444 292.8120909965024
2953927 292.16079241798116
2955442 286.87309557863745
2956882 293.03945147776386
2958351 289.59639223294437
2959779 291.7619833500426
2961312 287.09564471124565
2962719 294.17435927779707
2964170 293.8466772940345
2965610 295.29619886128995
2967071 292.0699239807999
2968516 292.6739844127587
2969959 290.1322803524204
2971390 292.7005546063076
2972881 288.824895315759
2974303 295.51954324609875
2975802 290.58008902887224
2977175 296.77428944177495
2978593 292.07412051435693
2980048 292.030152221348
2981532 290.4420501941995
2983004 291.82819617706684
2984463 290.0275364130983
2985875 292.41870692638435
2987307 291.678712443617
2988778 293.8787443317881
2990260 287.580781382184
2991741 293.10655310413597
2993224 290.4316963111282
2993384 -86.74761940363422
2994854 290.99657483545843
2996339 289.5608419529094
2997773 294.7136726418455
2998179 -47.337594795740785
2999697 290.62962194357993
3001105 296.8076622216404
3002518 294.63742392586386
3003981 290.7423740639282
