# reward.txt contains number of transitions:cumulative reward
85 -121.08974387325301
1685 -111.04030500466195
1778 -100.79790297397909
1856 -102.83328015090153
3456 -110.71418419645059
3536 -103.10961437985921
5136 -100.97654609226103
5192 -116.5534777547326
5244 -104.19386758132403
5311 -107.50553128703994
5386 -101.92018897503863
5491 -122.16861572461885
5562 -104.2762474746049
5627 -103.17091369730328
5688 -106.27136542909157
5804 -120.57989772212497
5903 -110.62308427461213
6026 -105.52712988160567
6120 -103.35797033952797
7720 -123.66508907239471
9320 -112.6776363533865
9440 -103.18087775521539
9515 -122.9024353964107
9569 -115.76745316034803
9622 -113.25992740175687
10522 -191.74599903990514
12122 -100.99680737385813
13722 -122.67698201245285
13783 -104.79468660647422
13883 -105.25017361069037
15483 -101.8876910527301
17083 -85.0799264548669
17173 -118.93684597682301
17245 -118.1303278871818
17319 -101.94827751655566
17405 -103.23321387516893
19005 -109.63073254296012
20605 -75.89910667872967
20690 -117.80985023124205
20759 -105.68777235302453
20821 -108.30836348183577
20889 -108.01206111054246
20997 -101.88147930366732
22597 -77.48301827364838
22655 -118.08675620564632
24255 -87.87317005465432
24314 -109.8318085128634
24362 -109.02567732486004
24427 -113.17062581275528
26027 -112.09967867613034
26117 -101.62273254045223
26177 -115.00585173182438
26247 -122.8746835520385
26329 -101.11691070526932
26413 -117.30202208679293
28013 -94.61070485420376
28063 -104.63029799289629
28124 -107.08985672541957
29724 -86.05199337090798
31324 -76.25035123897894
31409 -120.79526043742274
31475 -118.43398503867661
33075 -97.17902937412089
34675 -93.59117378192666
34738 -103.79966991604631
34795 -114.44297842803597
34874 -102.97883106735473
34999 -131.8770732737376
35055 -113.23234607819033
36655 -86.35752088051403
38255 -78.3301804681638
39855 -115.63942149073935
39935 -112.18220766939532
40045 -104.96636962299795
41645 -83.80726812762448
43245 -121.8928473257232
43322 -103.60631636133107
44922 -91.27659351292557
46522 -88.31425764207232
48122 -73.85269855447523
48170 -111.17749797337503
48234 -104.47110728028355
48320 -122.90718079151864
49920 -73.2087250879259
51520 -77.15801633988195
53120 -80.81910141116819
53191 -118.4343994868075
54791 -80.24670556265184
56391 -70.57474655231555
56457 -109.32061222129222
58057 -81.9060509552992
59657 -70.94438560593557
61257 -81.49981752933745
62857 -73.18692406746817
64457 -66.64195342858048
64507 -108.1286418990853
66107 -67.37061219973918
67707 -72.08684455725356
69307 -61.94476081252538
70907 -62.182447250965325
70979 -105.1280805503813
72579 -62.841765878638896
74179 -63.903240926715604
74234 -108.14804281883129
75834 -63.52009522213481
77434 -64.74915134220083
79034 -54.04193463412171
80634 -67.66050642234525
82234 -63.53040636949799
83834 -67.5149463853855
85434 -62.5081639315393
87034 -69.2854555438063
88634 -68.2283924811781
88709 -106.62250407534714
90309 -66.69347047379551
90365 -106.5107725865754
90416 -107.90093757583635
92016 -57.68771046006059
93616 -59.47681691425857
95216 -59.00011686670289
96816 -72.28075641189484
96880 -107.70002665070444
98480 -50.56395641847575
100080 -71.02709716260874
100136 -102.12622172089728
100230 -100.51599564508473
100299 -105.25100559023208
101899 -72.48874638382769
103499 -54.57188782760681
105099 -56.11836583118767
106699 -53.42492644559114
108299 -56.255614020161914
109899 -58.66413859401457
111499 -49.06471985737979
113099 -52.596241938441324
114699 -43.079897980918474
116299 -54.22304775702479
117899 -44.117900420979936
119499 -45.45787215025849
121099 -45.62492819475943
121196 -103.56318790377304
122796 -42.82947426763294
124396 -50.04710422515176
124771 -147.19329365840926
126371 -43.85174175361613
127971 -41.538176131909125
129571 -53.911296300773714
131171 -45.94154250446842
131634 -153.80588692973305
133234 -43.5119964656307
134834 -57.7549268366111
136434 -47.91563725055571
136499 -110.43680563395532
138099 -46.295569673347046
139699 -35.48879658352858
141299 -42.20031617325487
142899 -45.318578857403864
144499 -49.58796094842505
146099 -46.4294394242341
146175 -104.93136378891455
147775 -32.46496698269371
149375 -36.587596767083156
149474 -119.26436989863154
151074 -48.798939852669136
152674 -40.12465041560432
154274 -42.67782849029634
155874 -27.022414681624593
157474 -51.411209175397985
159074 -49.07277668387621
160674 -43.22338279574364
162274 -37.17779891143773
163874 -41.87371428021477
165474 -32.5630168492924
165589 -107.35371799999227
167189 -37.478294253793244
168789 -29.56510938301376
170389 -26.374051362313978
171989 -38.2751942446219
173589 -25.850043868007752
175189 -24.021458615388674
176789 -27.648211860471083
176837 -108.44610076147939
178437 -38.04632935726397
180037 -23.350836878838013
180091 -105.13216432850683
180156 -111.27936993665558
181756 -28.32908550492298
182285 -157.84173992521377
183885 -28.710914405962463
185485 -28.008773191691123
187085 -29.057354398519145
188685 -29.16080101207594
190285 -20.961921033297344
190378 -105.24747274709307
191978 -85.1424904761693
193578 -42.49710000624819
195178 -37.897421015762966
196778 -41.392295381735416
198378 -75.49687911780202
199978 -30.194419774016996
201578 -33.096549015451835
203178 -29.360607951784566
204778 -37.13039636304539
206378 -44.349452630318694
207978 -29.286466035463512
209578 -110.84399078494594
211178 -32.25287139072204
212778 -45.99080906846133
214378 -29.36025462623873
215978 -35.37095813173058
217578 -33.25388083983458
219178 -89.13099818935798
220778 -30.722844128330262
222378 -32.32686512600375
223978 -38.64668242002375
225578 -31.46190224233888
226257 -165.97168245836957
226369 -96.20499730278117
226483 -107.23400767929728
228083 -25.140211183725526
229683 -16.490610828462664
231283 -22.94027539414517
231376 -103.10226946951387
232976 -25.485514804066778
234576 -25.603585891642883
236176 -57.94328463810208
237776 -31.565986558929723
239376 -21.443290940489614
240976 -26.3145863645493
242576 -23.97164611392499
244176 -17.924549119922506
245776 -34.12598687076815
247376 -23.793460221487734
248976 -21.462901023784063
250576 -6.837859765552606
252176 -9.836206544588633
252256 -104.84956292938566
253856 -8.115167728772464
255456 -6.982187192071254
257056 -17.10280637756371
258656 -10.310567138906586
260256 -4.861298431574685
261856 -19.2856498663978
263456 -8.81979871905253
265056 -6.450604652303587
266656 -4.779159149285415
268162 -141.16192495219963
269762 -13.537803547066966
271362 -6.194159644606533
271419 -107.07697551957828
273019 -3.9705470308351045
273066 -109.01617350049565
274666 0.14337939136909325
276266 -7.053190887731196
277866 -60.345883775578244
279466 -4.926274118191243
281066 -21.681191933701413
282666 -1.233233976386496
284266 -2.918092793538548
284360 -104.32667096636072
285960 -4.388900161350781
287560 -10.740784753788247
289160 -4.907042395951226
290760 -15.805216177175458
292360 4.690357724497717
293960 -11.689246441444388
295560 -0.4627213532775673
297160 -19.672544640416216
298760 -2.563084429326147
300360 -9.250124220366912
301960 -24.136132056487767
303560 2.9584556087441687
305160 -2.6862821698160895
306760 -0.9413219238625257
308360 -8.8394698015613
308424 -106.53750883093352
310024 -0.6151068528009047
310081 -100.69720254442716
311681 5.376647095071916
313281 -0.5248804208164479
314881 8.698331973695497
316481 -7.920718134967596
318081 -1.301027891739881
319681 -5.135883250726387
321281 5.302684589880822
321341 -108.81800583543938
322941 -0.599330739959457
324541 -7.771545962116979
326141 -2.1165510845755593
327741 -0.9226467266759636
329341 -30.984656835144946
330941 -1.3109664987627667
332541 -24.442078173530806
334141 -32.29558473448461
335741 -0.3926911617697624
337341 -18.550894636253545
338941 -3.5123049633543166
340541 7.086600215898192
342141 -16.928033605461334
343741 -5.439909834759323
345341 -3.4009197804524414
346941 -5.322364718666305
348541 2.248002246071258
350141 -2.2483502643027737
351741 0.9887058072294987
353341 -4.017251208974255
354941 4.7901325316621675
356541 -1.8925215861933962
358141 7.799626130733632
359741 -2.503893938096866
361341 -0.5881831465556034
362941 -5.575962080242728
364541 9.53325502883392
366141 0.06797385728481048
367741 8.106898336688664
369341 13.066517357393472
370941 2.7475630958393733
372541 17.93636132362734
372603 -106.54789794588461
372679 -106.30069622029426
374279 16.547303517528192
375879 21.96355919739323
375962 -106.44798084763997
377562 10.473255748849384
379162 22.981085635322707
379281 -124.75035663184336
379371 -115.26266035175883
380971 9.81359788920593
382571 -2.403918206382263
384171 -5.466888457806491
385771 15.358556269530533
387371 14.414133541801947
388971 7.698854367511331
390571 21.85672069468534
392171 11.705403757618107
393771 7.520338204810413
394966 -106.01543359143751
396566 -8.92022750961968
398166 6.829968934668221
399766 -0.4493722165705099
401366 14.974598715915647
401429 -104.1552838566322
403029 10.176100790249196
404629 10.140993612712194
406229 10.951935847409665
407829 13.393179384633104
409429 -1.0465611434687705
411029 14.42479742383957
412629 7.458688422933356
414229 9.763459705800432
415829 15.880693041474874
417429 9.4582386399942
419029 12.698247519078048
420629 0.254889948270902
422229 21.34557668980958
423829 25.49799872290153
425429 11.318046064963548
427029 26.314299785941532
428629 24.143822883412717
430229 27.128967592574686
431829 15.600430155618119
433429 25.704391510853544
435029 19.395771209711206
436629 37.78963147179103
436731 -107.04319408669261
437540 -99.77367458193066
439140 11.61850162242848
440740 30.753875646983634
440797 -109.31486756183703
442397 0.42742469315135867
443997 -8.898095526421464
444286 -115.88436962222494
445886 11.719168143935503
447002 -91.88277281246567
448602 22.43384457825373
450202 -1.10765400702039
451802 19.960055069274116
453402 19.243567980012223
455002 23.494487074099165
456602 31.787929695662076
458202 29.801764678730013
458260 -107.84849221159456
458348 -106.93978291848799
459948 28.92739273684318
461548 27.5004017875946
463148 31.619935816063215
464748 10.338724855671297
466348 26.401580663066945
467948 14.351134882301702
469548 27.725497860707303
471148 30.083414378976745
472748 26.487318062240874
474348 16.796459390145092
475948 27.399244015489412
477548 30.436749799051025
479148 24.45496849929169
480748 29.315280701120674
482348 28.703186129766287
483948 45.239639665613936
485548 32.8419118131554
487148 42.78158764295287
488748 51.47064957715264
490348 51.4467489269394
491948 42.11274716051973
493548 52.48157940794085
493622 -108.62449518592345
495222 55.17750341799797
496822 65.28951360941613
498422 45.7989850410645
500022 67.42098077632606
501622 43.18084630565468
501812 -109.89046072925007
502682 -69.63819090564303
502751 -107.40032062812708
502848 -106.5130891552226
504448 42.4391578660849
506048 62.80733565019192
507648 69.14733968042994
509248 76.66695870391217
510848 66.289748319768
512448 56.442719678693116
514048 66.78824741536691
514113 -107.8265661174593
515713 74.06696000591712
517313 64.59792149876296
517475 -99.67862754746899
519075 77.12689278618936
520675 78.33796946907557
522275 64.0712068351233
523875 75.19103846532711
525475 74.75236949771413
527075 84.84013298530485
528675 89.33693892201958
530275 70.38394334855526
531875 106.5368471841564
533475 113.52665950274515
535075 103.37127225573276
535213 -103.4486629436879
536813 94.87925279104135
538413 108.09429760541794
540013 135.19599607580093
541613 66.12484082437743
541711 -114.42900738007265
541891 -104.96463537133671
542194 -112.46686416925164
542298 -106.02444702246848
542372 -106.53500655220387
543972 -87.77826492636862
544046 -105.74777811442316
545646 60.68197232390882
547246 -84.72950673263315
548846 106.35584790553487
550446 138.94325069823014
552046 115.0569654960837
553646 119.87994110941567
555246 112.81278636207068
556846 121.88377016002299
558446 115.37011350093667
560046 -82.82752445907897
561646 -77.77661076451213
563246 104.84743031281613
563408 -101.06685909983081
563490 -105.88046900730518
565090 122.13828220847428
566690 107.33268085369966
568290 115.94116604977235
569890 110.51980636294279
570036 -111.22125353231779
571636 118.02667984646874
571769 -112.45686027459179
572455 -60.74427299640702
574055 69.98524465503904
574164 -106.70802818274933
575764 104.44064265380258
577364 123.20941854445996
578964 113.83815585141316
580564 130.18948710911175
582164 57.21489314872886
583764 90.90328381027263
585364 103.29104063612519
585443 -106.6894992363869
587043 135.72095578727806
588643 136.81206275535456
589160 -85.65700050505872
589264 -102.78718589196167
590864 135.25790578918927
590938 -103.85177841459463
591005 -106.45669839701739
592605 115.93091430336884
594205 109.3670853532267
595805 124.61246038030181
597405 108.83280431101026
599005 87.77880886421912
600605 114.05274452497041
602205 122.97800431913065
603805 131.21798129236728
605405 131.65413464113664
607005 105.96197163527343
608605 137.20782987981283
610205 135.00459388271824
611805 -7.421631342909666
613405 120.52997690929679
615005 54.44171957941256
616605 120.60163896772556
618205 160.16140044800954
619805 73.70838313383851
619909 -106.36709409100686
619983 -106.40193802599299
620690 -54.02696681166997
622290 -80.50996773136211
623890 126.83558273532739
625490 -25.18362430829171
627090 157.3028240429717
628690 148.4449184156666
630290 64.00752950124675
631890 148.90638712930232
632841 -12.61557385245817
634441 145.61946350313283
636041 90.11921543858395
637641 78.7708168869844
637745 -106.64831918242139
639345 152.59266037688076
639479 -110.7250720659749
641079 153.90654297705512
642679 122.25655300717372
644279 109.14090697516524
645879 135.53354780563976
647479 131.0946192475261
649079 126.65144946701234
650679 136.2310255962797
652279 152.59620658440932
653879 158.20087030442667
655269 -14.71744222674937
656869 153.62076632891043
658469 29.708499523990653
660069 156.143558530284
661669 147.0243422109802
663269 129.90573614531777
664869 152.60936224922241
666469 113.68639275645691
668069 108.26729358333039
669669 142.41089757649667
671269 103.37021737838414
672869 131.8239272442149
674469 162.67665455472522
676069 141.42653090600112
677669 105.12191986924725
677812 -103.70420664503487
679412 140.0620792138916
679473 -109.03622750470973
681073 120.57399263571382
681837 -30.60159098027536
683437 62.711176139422406
685037 164.36374482177234
686637 168.07995410972362
688237 89.00997741566485
689837 119.91532082843004
691437 148.09765671576375
691538 -105.64141557125313
693138 158.90035230156764
694738 85.78293168892986
695472 -41.85122621434122
695524 -105.68329998677659
697124 -76.91921772737761
698724 160.12758985540214
700324 -76.24119525645489
701924 137.3324197200588
703524 149.92684882484423
703918 -124.78838727165697
705518 132.86736249745198
707118 124.54294764869398
708718 148.84560397337057
710318 159.9768999751719
711918 158.01086214996175
713518 174.24133534766122
714090 -46.21780254468449
715690 101.46136254979626
717290 168.35221998046765
718890 159.787286405774
720490 164.409048051047
722090 134.0409025371826
723690 107.0289749252193
725290 140.01823897363226
726890 151.57241918458828
728490 164.80935861467074
730090 178.71730163554687
731690 -110.50760061964887
733290 166.04712444836838
734890 87.88123310928542
735024 -107.51073303364744
736624 176.21571982411353
738224 163.25776246153814
739824 122.02976593892846
741424 157.28468753851735
743024 -77.87187132672162
744624 150.98159548194891
746224 130.14840324768377
747824 147.5873890646274
748000 -104.05230527161807
749600 154.17111817651084
749684 -107.10487203587529
751284 169.55608915096045
752884 -74.51621506460529
754484 164.0512260735016
754688 -104.44109971206139
756288 -78.05910035256144
757888 153.60028965836912
759488 161.48071618787347
761088 152.68978724070436
762688 169.84689124894513
764288 -74.2253467765795
765888 96.00740994313847
767488 76.52250449846433
769088 150.1502692850294
770688 156.29736839581815
772288 160.90284174567896
773888 154.80080769663059
775488 125.9702341861398
777088 162.50402013769755
777224 -99.62462933792982
777316 -106.54177327840216
778916 94.54528396089461
780516 156.9330526591921
780685 -102.5854871614861
782285 150.3929724532438
782445 -90.99018136219742
784045 147.13493109866835
785645 156.8124184348499
787245 33.47097330665467
788845 162.3784033407999
790445 163.3716016655158
792045 160.20620580464774
793645 160.8352951489496
795245 168.72662828339497
796845 150.15581711756616
798445 181.3243748731792
800045 168.5098049845593
801645 171.30261933475336
803245 175.08509633933664
804845 182.0782366272489
806445 176.89814268999086
806534 -111.38617829983619
808134 -67.55848939322458
809734 163.27665270480853
811334 156.5907047453531
811442 -100.65149653050428
813042 166.53495558405388
814642 165.9688612679254
816242 183.81255161882197
817842 177.34403596995818
819442 171.68090201478208
821042 176.05822342906873
822642 167.5397048668299
824242 174.26423947610013
825842 171.11686098584642
827442 113.09237750413631
829042 156.74391288452074
830642 168.9990398303647
830762 -98.66326348539008
832362 -107.66837796952761
833962 167.34516511731115
835562 152.00342399704155
837162 171.12427185909675
838762 171.52033209900094
840362 143.56097013558843
841962 169.0600637059861
843562 148.68736930707672
845162 173.6093681474997
846762 180.70450936647137
848362 185.679686043882
849962 1.1421153724746524
850079 -103.03034585632818
851679 172.38021554322998
853279 181.3952139626063
854879 -67.17470685073354
856479 172.87784463613028
858079 172.13402049264212
859679 146.74358294963014
861279 165.4951114206512
862879 173.37531997182722
864479 169.24802082246933
866079 166.95678592842475
867679 182.5504022229602
869279 165.26525807783742
870879 166.65113297160275
872479 168.81995197754136
874079 183.58987347061563
875679 170.34958767210887
877279 176.87684904564597
878879 163.91908589807915
880479 142.86784330922623
882079 193.640555463266
883679 182.6652735897725
885279 175.7912728199235
886879 174.48093848623654
888479 170.54996964766264
890079 -98.4135561845985
891047 -5.379135434428861
892647 196.67647740741083
894247 178.79156022826737
895847 178.8689832256619
897447 -98.0479006075725
899047 200.14036050562257
900647 185.94131802441981
902247 177.57705928739438
903847 194.7740461562703
905447 186.49065139690376
907047 180.88872888331719
908647 173.94416057851402
909135 -57.75164010412622
910735 103.7671109587978
912335 189.23289693874418
913935 157.0099560407967
915535 -103.52174192178522
917135 -101.87540026578259
918735 184.08676197463032
920335 28.390308753939376
921935 -18.054269198133035
923535 194.6258721590412
925135 174.37384086234573
926735 186.31619871852214
928335 192.07629344934927
929935 197.59458143409427
930118 -109.48857733289805
931718 176.19794438335896
933318 187.08758813632645
934918 175.56171517374185
936518 191.15959240792571
938118 182.62856041069577
939718 187.63667688186945
941318 190.43318862799293
942918 186.90522672158292
944518 177.03391536186453
946118 188.41124893664946
947718 176.1744387190767
949318 180.74837744496847
950918 194.157395008777
952518 -12.784459469166904
954118 66.88904215507876
955718 168.88225497051116
957318 185.5335640109442
958918 -43.23929637979471
960518 190.0323716418689
962118 180.79852008894557
963718 183.3298542791596
965318 53.63140727486145
966918 188.4364968394977
968518 174.90588620491184
970118 183.00442317805428
971718 31.869668435821833
973318 168.5104877256855
974918 178.09362369804165
976518 194.8757717126904
978118 194.8682432884468
979718 189.15478531446547
981318 40.210224410827735
982918 160.92362944922584
984518 185.2654288926266
986118 172.60370173656318
987718 193.57595754754357
989318 -104.15433805390255
989424 -107.16257841954071
991024 186.08582408113475
992624 183.6052961672319
994224 196.10075025693683
995824 181.36766747349503
997424 188.8963078375192
999024 177.69148715125468
1000624 193.06547185663732
1002224 188.27067951268023
1003824 190.29629419369695
1005424 191.42431243088066
1007024 186.04859997073845
1008624 179.3823708935396
1010224 186.1774816717803
1011824 201.93117274460835
1013424 192.77147591248018
1015024 112.08237287034024
1016624 165.79091675517768
1018224 192.39108723331833
1019824 162.47645271678712
1021424 191.65716638005398
1023024 197.67805827397888
1024624 183.16616256132906
1026224 198.23241985810336
1026693 -49.584527268933776
1028293 195.31024481809757
1029893 186.76515516945162
1031493 69.10059921966786
1033093 -26.5742366071175
1034693 202.0220936450738
1036293 183.8160040430681
1037893 175.75128456718127
1038924 20.993053683213788
1040524 205.09531400543625
1042124 204.81354666766987
1043724 179.81564762245515
1045138 68.06166317236699
1046738 200.26657482321963
1046802 -105.49765272622183
1048402 216.09101101745796
1049437 23.187741789382756
1051037 199.35451079037205
1051649 -39.05038775317309
1053249 185.92853736914603
1054849 172.0015546590236
1056449 196.34864747047195
1058049 172.5265054978845
1059649 192.71536167665167
1061249 209.98447942732207
1061389 -105.86888925947126
1061471 -106.6174441711139
1063071 189.2393591036561
1064671 190.7615718672019
1066271 198.49013466098336
1066914 -47.18251763352188
1068514 198.71302918431073
1069951 63.271446833253435
1071084 28.836350378846134
1072684 179.1695347902023
1074284 193.87115269375533
1075884 208.19277586017822
1077484 191.94052188854053
1079084 186.2178746692923
1080684 176.94007916436738
1082284 190.49134146093832
1083385 17.08907719841889
1084985 188.0624695460644
1086585 183.9447343420619
1088185 193.28904813625854
1089785 182.22908507315782
1091385 193.80666245684392
1092985 174.03894427746727
1094585 194.64394855035806
1096185 180.78546387892257
1097785 199.5376760317054
1099385 183.92339313067782
1100985 168.4287925723462
1102585 192.09139821840455
1103806 34.95119351624652
1105406 189.785647311412
1107006 204.17153569755254
1107223 -103.54783475198163
1108823 202.26787955610627
1110423 206.00535343735612
1112023 193.40209673566906
1113623 200.21945839647503
1115223 183.3031539812591
1116823 188.0178344511723
1118423 186.14878736029314
1120023 192.19279455931942
1121623 204.21591340811565
1123223 198.45277142360516
1124823 -90.92058952921715
1126423 188.8961753836163
1128023 201.96181449884477
1129623 193.94205610351358
1131223 173.31395312965347
1132823 200.07536037417015
1134423 209.91551626295052
1136023 -91.49577033429209
1137623 206.91200177540316
1137731 -98.76374874599153
1138343 -21.5423168764207
1139943 -93.61708511127588
1141543 187.45520352225822
1143143 189.58472151508357
1144743 202.83181987691097
1146343 201.44563493668934
1146431 -103.32581728253949
1148031 195.4492680546435
1149631 204.06587751685382
1151231 206.38914751619328
1152831 199.59776628592863
1154431 200.60861792539202
1156031 195.5941493665674
1157631 192.25884444352326
1159231 213.15677840180027
1160831 197.04704255829805
1162431 26.551795422586
1162583 -89.2909167823748
1164183 209.42496965376904
1165783 199.91981864846574
1167383 205.81920487304302
1168983 191.0586625886304
1170583 204.3986389556296
1172183 199.78497747131073
1173783 198.72603898859504
1175383 191.86796868172362
1176983 178.20448972221538
1178583 187.64090209595352
1180183 194.5402026388054
1181783 188.95515995144856
1183383 198.09797636346323
1184983 203.70543846125264
1186583 200.79838784515871
1188183 203.73691787891713
1189783 194.85322353729703
1191383 212.02169957311372
1192983 204.75793295068357
1194583 -65.30267094711057
1196081 79.75672070869001
1197681 211.48784091209262
1199281 195.870099779807
1200881 195.1107374624212
1202481 194.16965359353446
1204081 206.06001535405883
1205681 190.94876939449904
1207281 201.3639526867504
1207450 -103.16201514676523
1209050 -82.8932004975833
1210650 190.7767456455903
1212250 191.71272526236547
1212336 -106.48569592519912
1213936 102.81242652278394
1215536 192.99310492075986
1217136 188.20809533433643
1218736 206.19012761105878
1220336 194.08599139191443
1221936 184.78862794388087
1223536 198.41097867028017
1225136 179.67854460071408
1226736 199.42127964242923
1228336 194.26882648770504
1229936 200.73995032737932
1231536 206.46936396934035
1233136 200.0683257950681
1234736 194.81459301007843
1236336 191.048176688273
1237936 192.14822806134472
1239536 192.2903486821082
1241136 158.6949627113381
1242126 16.493973655340938
1243726 201.90467796557837
1245326 195.47622952091442
1246926 195.43878173822483
1248526 207.23568906729864
1250126 211.80466082527164
1251726 203.12288924234895
1253326 203.735186465529
1254926 -38.31646195498545
1256526 205.28577038409065
1258126 201.63081021338812
1259726 210.80598945392447
1260245 -43.10922018186995
1261845 214.28430721792492
1263131 59.50936864103642
1264731 218.63425683007043
1266331 201.2153334001566
1267931 207.95770266775318
1268506 -41.84260922072924
1270106 202.82868703624806
1271706 201.78465935618627
1273306 200.5285474234189
1274906 -46.772355642345474
1276506 206.36611508125367
1278106 207.94142600323525
1279706 201.6835761548834
1281306 198.90773679188516
1282906 187.36015851778518
1284506 207.68234584409046
1286106 209.0397368633856
1287706 204.86599758014472
1289306 207.32411660346983
1290906 226.2077089908934
1292506 215.8395102490941
1294106 209.7452327731063
1294241 -97.7171545183761
1295841 -82.26136142649807
1297441 206.0666991252359
1299041 203.31838056121597
1300641 218.21867162624952
1302241 200.89145327142847
1302587 -61.74012487106803
1304187 203.5773164817713
1304436 -76.81779372383346
1304578 -100.88698313138975
1306178 211.2894465507496
1307778 215.69385543557073
1308125 -68.80067338749149
1309725 211.59756711408826
1311325 219.56647398407358
1312925 210.0649372675036
1314525 205.8640445474053
1316125 207.02590811445165
1317725 195.13974717567032
1319325 204.48919539068697
1319449 -99.48379909314525
1321049 198.87632020473097
1322649 204.6017249917005
1324249 206.50465016165896
1325849 200.53838406293767
1327449 200.01821256194592
1329049 204.45898012640814
1329158 -100.19188557947055
1329288 -98.80249642692445
1330888 217.4748012175493
1332488 208.50689641412254
1334088 -68.1613197090921
1335688 205.05765514016522
1337288 212.91814964678426
1338888 207.0243397894943
1340488 207.3058467646211
1342088 218.76303763534494
1343688 213.24130956488386
1345288 215.86876722008805
1346888 114.21475411252707
1348488 204.02040627582096
1350088 197.19535508139185
1351688 211.56225675314798
1353288 214.36464321834555
1354888 198.97160914161196
1356003 29.657300512787515
1357603 211.9584603382293
1359203 209.0366696041126
1360803 113.9295159217062
1362403 216.76329050398638
1364003 203.70667359663176
1365603 206.792365997971
1367203 206.7876349187236
1368097 13.207334652094218
1369697 -88.06927953349191
1371297 220.65418214350103
1372897 222.9450295371912
1374497 220.1421178591998
1376097 205.36733750170876
1377697 216.92747651785055
1379297 -75.12707554705898
1380897 202.4577143760077
1382497 208.57627740473805
1384097 212.07023654169808
1384227 -94.6349422414309
1385827 232.4181164081795
1387427 218.90561324856392
1388253 -0.6418359677928578
1389853 207.15831432039602
1389960 -98.57868119355416
1390076 -96.02587204806072
1391676 215.86350477448198
1393276 -79.25649188427118
1393409 -104.87213649048998
1393978 -33.07288944075566
1395048 40.33446001360841
1396648 215.42326433344985
1398248 219.3037695895715
1399848 219.7229481891607
1401448 -75.03976795368136
1402365 -5.463343701743341
1403965 -74.0098494837167
1405565 212.37026635540357
1407165 225.07417925637006
1408765 224.39698182643565
1410365 209.7213738135172
1411965 209.25748199144715
1413565 219.90751089472835
1415165 220.2017028392377
1416765 206.46499874060308
1418365 212.23976150071806
1419965 148.14530051775898
1421565 224.13106244432805
1423165 209.5057066502019
1424765 218.41664118945923
1425585 -28.005135227421306
1427185 216.0915657033994
1428785 219.019484049895
1430247 72.41357616293166
1431847 216.24672065618478
1433447 217.71776910493043
1435047 210.29205991808382
1436647 213.79893413083852
1438247 224.27816673882063
1439847 220.56202461850143
1441447 204.45943370432832
1443047 213.857369168623
1444647 213.6391560185736
1446247 206.10206168355458
1447847 212.37195256507994
1449447 222.47032433714588
1451047 215.10947113346023
1452647 213.40340511429315
1454247 216.5332622781491
1455847 213.4435933920239
1457447 221.95183490808853
1459047 224.44634675653325
1460647 215.78173190863734
1462247 215.27823330972106
1463847 215.17721617055017
1465447 215.60819281532753
1467047 212.36481668526594
1468647 215.68195354914698
1470247 220.70723371119652
1471847 -78.01705454168655
1473447 215.74972218487852
1475047 221.3231292696354
1476647 -85.55314598277936
1478247 -77.89519275247365
1479847 212.1843686585092
1481447 205.85415889040425
1483047 211.0445121965038
1484647 208.95821615485465
1486247 214.69791302375802
1487847 214.71690189724433
1489447 207.03440037800263
1491047 211.99854483733276
1492647 221.8394134923077
1494247 223.50350955240515
1495847 227.12262463610222
1497447 215.30111881083934
1499047 219.9390477037216
1500647 228.49473938979676
1502247 212.41544028837677
1503847 224.67460596450704
1504417 -41.69802979452602
1504567 -91.0258552066839
1506167 94.17512609327488
1507767 225.51231686291078
1509367 214.14959567839014
1510967 -93.92315338428507
1511164 -104.2449099123894
1512764 222.92407008092636
1513317 -45.95424372962675
1513469 -92.56684667120687
1515069 220.75983654395995
1516669 214.90373358815563
1518269 166.74362272358698
1518878 -34.95306281482155
1520478 198.63121689037678
1522078 204.1074022568797
1523678 224.03190488595735
1525278 223.55461907128205
1526878 224.2777642765775
1528478 213.71082414306323
1530078 203.2452433415993
1531678 225.6522836293234
1533278 208.93264466530817
1534878 221.92299321171745
1535410 -41.9963760075195
1537010 128.60249699402456
1537686 -19.47595577923221
1539286 206.77357877244336
1540886 209.07276840506708
1542486 202.37173266561294
1544086 213.63139581052664
1545686 214.2273806135993
1547286 214.98589814191564
1548886 213.26276891822457
1549024 -92.76243626900327
1550624 217.8534107495376
1552224 220.16469827074215
1552889 -39.211757732414625
1554489 215.96511598277982
1556089 222.41013296758615
1557689 227.29346369033917
1559289 206.7776846308712
1560466 53.89812703236413
1562066 224.28578526704402
1563666 209.69286994367934
1563815 -94.50768248739558
1565415 228.10416380070407
1567015 198.7794119447749
1568262 62.76639431818495
1569862 225.74121080629243
1571462 215.84499002226366
1573062 -11.905248141321573
1574662 226.01211312643767
1576262 218.62729520975049
1577862 208.04846548807063
1579462 217.22607931991243
1581062 189.51871955652368
1582662 207.1286726595758
1584262 214.4790277709966
1585862 139.8935329275635
1587462 210.2957692919135
1589062 210.21130021729306
1590662 194.97421643389342
1592262 205.7928597426413
1593345 28.61937748740732
1594945 180.19922213668198
1596545 217.75671650900676
1598145 201.52316655193536
1599745 211.87924569880133
1600362 -34.57629382613055
1601962 216.11458421236787
1603562 206.24437465608588
1605162 211.05243244402652
1606762 188.06426865858728
1608362 -48.32916145852203
1609962 209.3647709757465
1611562 208.56074674265489
1613162 220.2740190376549
1614762 207.9172973981475
1616362 220.5462761177495
1617962 207.65398520340878
1618832 -8.518239704246994
1620432 220.7589405252654
1622032 221.93368366607055
1623632 212.19493199991152
1625232 214.59109631118574
1626832 196.47081989152505
1628432 213.98829325956854
1630032 215.48815913866267
1631632 214.69149792155847
1633232 222.5592971439998
1634832 200.76559283436325
1636432 217.76398629849766
1638032 202.48686838811867
1639632 210.06567423653033
1640253 -31.958379707394798
1641853 213.02650604816876
1643453 216.82720747991675
1645053 222.97906489964515
1646653 203.1009865151658
1648253 213.1596493630563
1649853 211.01583908022707
1651453 204.9827857573641
1653053 212.17612873537902
1654653 213.86234876781936
1656253 210.80646568187564
1657853 208.19930488839373
1659453 212.18422860027118
1660132 -8.74064197817168
1661542 84.81570611650497
1663142 211.15473375606842
1663335 -94.57774863257694
1664935 218.79018033055198
1666535 211.2008435115454
1668135 217.33163799336546
1669735 45.41356902647942
1671335 202.75280155829034
1672935 211.7957036709573
1674535 208.59450427469633
1676135 223.78210465847812
1676389 -78.11276917290375
1677989 222.80389327759207
1678212 -88.9428213266184
1679422 52.807595424075146
1681022 224.45447612441393
1682622 220.3312924333636
1684073 91.72837516920961
1685673 216.93135969138788
1687273 228.061317608784
1688873 224.71203639924718
1690211 81.23127457047732
1691811 231.00056323121308
1693411 180.10307899163442
1694694 75.50493464796207
1696294 214.23816138499095
1697894 220.21852151450932
1699494 218.15409782121625
1701094 0.7019931043181159
1701413 -75.60231116283062
1702529 39.89492183162727
1704129 199.68678053484706
1705729 212.065772063678
1706663 9.159771236234064
1707604 16.132809506516182
1709204 -89.55746120681549
1710804 216.7006401021257
1712404 -72.77840472635754
1714004 219.19081045730897
1715604 206.44458557612984
1717204 223.48630788101255
1718804 214.15852893874788
1720404 213.59898163659346
1722004 218.95452438572875
1723604 214.9587000258492
1725204 214.3255472241781
1726298 40.45715970404248
1727898 216.59416986944206
1729498 216.2831456863423
1731098 -32.98275214009545
1731191 -109.57075663600737
1731815 -34.34220455452609
1733415 206.5936662371546
1735015 220.19868716802875
1735965 10.511244496920526
1737565 -85.43729694926917
1739165 218.86159963441588
1740066 15.958774195887642
1741666 208.17739728305318
1743266 215.94535197153573
1744866 121.5256576019949
1746466 -81.67768088309856
1748066 215.61597967573277
1749666 203.85389519986308
1751266 217.82513796703128
1752866 -2.949335504480898
1754466 210.73668105469312
1756066 214.5588181852598
1757666 220.90463771138624
1759266 203.87392542986046
1760866 210.3034557018957
1762466 211.35229827645617
1764066 219.48875692599967
1765666 213.58590853629772
1767266 220.98380310077474
1768866 216.29659759111863
1770466 219.47012308817094
1771370 12.119270140023929
1772970 206.6009674788798
1773093 -100.42127842938403
1774693 218.5790684996683
1776293 202.46836335043042
1777278 30.16543278475453
1777399 -101.96010382927861
1778999 208.17382118193927
1780599 222.91321437622264
1782199 225.30965668918068
1783799 206.003169432656
1785399 221.75657575106018
1786999 214.0195087124878
1788599 224.55978222142645
1790199 204.44841442939847
1791799 210.9914965276041
1793399 225.3806362185413
1794999 222.96428767172762
1796599 217.6296612766148
1798199 227.1789105663157
1798358 -102.42660441654036
1799958 217.44570857197763
1801558 210.53912975728724
1803158 214.45940046691214
1804758 204.69734755512462
1806358 230.1630749932589
1807958 215.38821290420745
1809298 76.2133721101581
1810898 230.6344857005588
1811068 -89.10392852544537
1812668 219.23814324576108
1814268 229.17465606799368
1815868 221.27149514894757
1817468 217.83398275297853
1819068 221.63932621749063
1820668 211.0296703865269
1822268 216.65151472845804
1823868 217.6782270471075
1825468 218.0672536446115
1827068 208.69827173920942
1828668 220.06162849048062
1830268 221.98864132944937
1831868 218.0313219203591
1833468 209.90218465806737
1835068 199.03868264904943
1836668 198.4716677883865
1837583 21.19424472739233
1839183 225.4297939162517
1839335 -105.58841921253564
1840935 216.98419174515703
1842535 217.3315044134434
1844135 209.8562842724034
1845735 205.63082156357956
1847335 216.32310425854106
1848935 64.58782837970617
1850535 219.94787340601755
1852135 217.45989611109346
1853735 217.67564017702338
1855335 212.47274192000162
1856935 208.15302048510418
1858535 -87.94978717982144
1858696 -100.4379985238978
1860296 199.7644715251782
1860454 -96.25615987398785
1862054 93.9460614182358
1863654 196.75061740619049
1865254 221.4894502460036
1866854 196.8591261518692
1868454 211.55916683794666
1870054 211.4847327738357
1871654 223.61799413635387
1873254 215.4071623031742
1874854 199.60652912861897
1876454 213.49061327291952
1878054 57.83266132187157
1879654 214.58442595010956
1881254 214.32853999693222
1882854 222.83549818555935
1884454 226.69450920511437
1886054 211.8839928283661
1887654 -97.83320294641133
1889254 222.555187389578
1890740 77.14516835513274
1891135 -61.579605768850065
1892735 218.42149858768306
1893619 9.30784952651156
1895219 19.586567677210947
1896809 116.59283018733143
1896913 -100.89156620238597
1898513 221.39409709022655
1900113 222.41146875021013
1901713 216.0371157044916
1903313 213.3003208750401
1904913 204.89681688858965
1906513 214.93104682333333
1906615 -100.35879109791821
1908215 215.97321859898156
1909815 196.0300404611415
1911415 208.61916071442033
1913015 219.9558601084933
1914615 208.16550296525418
1916215 205.80547689116807
1917239 29.60585872962318
1917371 -99.51482710567427
1918971 -88.22158499085285
1920513 83.56896212697603
1920970 -44.07498760699172
1922570 200.71430745078683
1924170 210.38291027477356
1925770 187.4957654134405
1927370 196.16466570061388
1928970 198.30424804320913
1930570 205.71092103375912
1932170 220.7032616954327
1933770 216.91236572892961
1935370 206.84883896139561
1936970 211.1780063273323
1938570 219.1049105252798
1940170 213.91770408280374
1941770 214.0418460348437
1942136 -60.5807383835229
1943736 211.64472714030896
1945336 209.27353178920725
1946936 209.64187274261596
1948536 207.49673092273056
1950136 197.2500313489673
1951736 209.38213055897364
1953336 221.5874496570767
1954936 198.70403146555662
1956536 217.51794072848244
1958136 207.8845040503828
1959736 216.72616680233904
1961336 217.30841860245417
1962936 211.70987144953656
1964536 203.90710686996871
1966136 210.59104399078467
1967736 216.2790690065185
1969336 217.53640979647136
1970936 222.4905253031734
1972536 228.35563968687853
1974136 226.47776989303384
1975736 225.41011801580962
1976029 -69.89648698908154
1977629 225.13416484506038
1979142 110.26561760589757
1980742 216.7283398829738
1982342 213.72516970508775
1983133 -13.18147258892337
1984733 218.22622822716443
1986333 226.25382872891842
1987933 224.9039303375833
1988046 -104.51622823360128
1988494 -51.417000470684854
1988606 -101.77434437014101
1990206 213.76180135662037
1990674 -52.298311676310995
1990792 -100.2290442055737
1992392 208.19618755362936
1992854 -47.32273445724014
1994454 230.28199555077026
1995014 -42.46976114513787
1995371 -68.74579368092493
1995656 -95.41883386628858
1997256 228.6730463838098
1998092 -10.632979438433267
1999692 220.24340533861798
2000131 -52.440831253328675
2001731 215.2923795368738
2003331 215.5071877098542
2004931 222.05072815297038
2006531 221.45827423114483
2008131 205.48297056435987
2009731 63.787394546821126
2010410 -18.282992420159232
2011149 -5.778882934672808
2011255 -100.49911285409952
2012426 31.095929952456686
2014026 220.27778699864137
2015626 -90.26647811059027
2017226 214.49670090998058
2018826 215.3187140683853
2020426 211.09691658659384
2022026 207.00211949899725
2022926 1.8846685900490314
2024526 211.59425985050729
2024635 -101.60498500268659
2026235 224.21319136688396
2027835 220.31857642499182
2028477 -21.177120337177058
2030077 -93.74034052798594
2030173 -100.76786123070308
2031773 206.35320539400794
2033373 206.91718298525106
2034973 220.07656984496293
2035079 -100.48753072026807
2036679 60.10566988966227
2038279 213.84626457362623
2038765 -60.35731219518684
2039792 20.784035536878974
2041392 209.34538803612935
2042992 215.73293049411373
2044592 201.6584440175949
2046192 209.25997574873722
2047792 192.695890536442
2048315 -47.286764598667304
2049915 225.14470218019787
2051515 197.0041028340969
2053115 204.31082253323834
2054715 192.88269746274491
2056315 196.44221239940464
2056967 -20.17521444360098
2058567 215.79300268726786
2060167 205.36970511541838
2060498 -65.84287239030192
2062098 195.1336418730421
2063698 201.40221234877478
2065298 200.0342915428002
2066898 207.81570131037492
2068498 177.85326423345785
2069664 30.662730404548228
2071264 198.05727332194823
2072864 204.82849167435288
2074464 190.1706464997244
2074567 -106.03130212258858
2076167 194.4517880785564
2077767 183.8115402539379
2079367 186.4563935265292
2080967 194.26283468265075
2082567 195.481668460038
2082694 -104.87916210124332
2084294 195.44700584486313
2085894 193.07531861525453
2087494 195.95602374015328
2089094 201.80921713253298
2089207 -105.99747690070296
2090807 195.5151281981573
2092407 203.36107404158733
2094007 193.70359498088692
2094108 -104.94970483118234
2095708 207.4571110769175
2097308 212.57958196220036
2098908 191.70885128788498
2100508 190.1691952454413
2102108 180.57754486971155
2103708 195.92243243856007
2105308 199.82820955214794
2106908 196.23220172989434
2107719 -13.210074919357325
2109319 202.17359569941337
2110919 205.943879900611
2112519 202.4945163968621
2114119 182.2351590359283
2115719 209.79933759222556
2117319 217.7986387444176
2117801 -49.914461422971904
2119401 218.29483466311044
2121001 210.9215486781266
2122601 205.1860573535135
2124201 205.18633894881404
2125801 213.4586965455643
2127401 204.7559690710869
2127490 -110.74668949220205
2129090 199.78334120412154
2130690 202.44487919498118
2131646 7.563897245232511
2133246 209.85358132801687
2134846 193.38044486981676
2136446 203.80115294441876
2138046 181.56288280455993
2139646 211.88018347358525
2141246 192.188673001026
2142846 145.80946329606235
2144446 195.2455018031314
2146046 189.13191908752074
2147646 216.8632986032358
2149246 214.35321554258877
2150846 205.01504040553564
2152446 204.92586197088448
2152558 -100.58337242944663
2154158 221.65391658804768
2155758 201.18029138033742
2157358 210.62171718445714
2158958 196.4628513305938
2160558 199.1755296054451
2161959 80.6103567944443
2163559 203.77660650673212
2165159 191.49863652453595
2165272 -107.24704468825024
2166872 210.30800793485113
2168472 216.57372608400706
2170072 172.59900918137296
2171672 209.7325303339188
2173272 210.28971389933773
2174872 128.03374224277607
2176472 205.82040452509068
2178072 214.73918753235958
2179672 197.70306002188025
2181272 214.1445186799924
2182872 200.81971929939576
2184472 205.5849632002215
2186072 209.5704572443912
2187672 206.60839394099196
2189272 201.5285069426515
2190872 207.08464745312722
2192472 207.15279670458605
2194072 201.6305021245432
2195672 206.87450588010614
2197272 178.2066305602335
2198872 209.63649181980475
2200472 208.37725280256961
2200928 -52.67201275611982
2202528 193.63851598529396
2204128 183.46903671842475
2205728 216.90618500728692
2207328 205.1366858931552
2208928 197.72976784158064
2209300 -67.21282395562469
2210900 195.7863539130616
2211050 -109.82757272325985
2212650 205.12748666277
2214250 195.11039089908596
2215730 83.8346923375124
2217330 205.50429415778277
2218930 212.36126137183246
2220530 213.0731444957998
2222130 183.73363079748748
2223730 202.15119257458662
2225330 -100.67378648460756
2226930 200.25219282087204
2228530 201.37756041192745
2230130 200.46785747842358
2231730 206.32347537535264
2233330 205.58175587336112
2234930 197.70000057191487
2236530 203.01350907647515
2238130 201.8535667490378
2239730 199.36433569716436
2241064 72.16686917379224
2242664 205.6291801809079
2244264 207.09993573042348
2245864 220.90845701844168
2246945 31.68297495653954
2248545 220.4486260923899
2250145 205.92921891309499
2251745 205.24314353161782
2253345 208.40958585302118
2254945 204.1211533431527
2255051 -101.03040963188683
2256651 201.8961760394249
2258251 213.8384702874594
2259786 86.62955980925733
2261386 212.57606040886438
2262986 199.63130310996434
2264586 198.37271391877874
2266186 202.81731586512515
2267786 194.58058961956309
2269386 180.65498241717495
2270986 208.64383455478222
2272586 206.07308267195026
2272712 -100.44623637996816
2274312 209.36995973447443
2275912 210.06475357895917
2277512 213.99532629916604
2279112 210.26058266298793
2280712 218.60219426777124
2282312 193.1633282729577
2283912 211.4117189262536
2285209 73.65333670641613
2286809 87.48017945455277
2288409 203.51008940410534
2290009 206.27382873541575
2290148 -97.53565989568457
2291748 221.26806740993945
2293348 219.3574904995011
2293701 -74.43471536379803
2295301 209.449883460273
2296558 51.45481408796343
2298158 219.3058673973475
2299758 193.58573900946848
2301358 217.56935496096648
2302958 215.20184410761163
2303745 -21.13732859680988
2305345 202.2099273603028
2306945 198.98387631653355
2308545 216.5883996983545
2310145 218.35564039937458
2311745 221.31065937496342
2313345 207.83077389165314
2314945 228.1199510464653
2316545 220.28831565044058
2318145 219.52104310484413
2319388 64.64861445735588
2320988 224.98849362828082
2322588 213.31218733957158
2324188 194.49697685316394
2325788 181.12126208255856
2327388 191.34762096594417
2328988 183.9775201903992
2330588 206.28529678209026
2332188 197.01676185138137
2333788 207.6274923769378
2335388 190.6399972266873
2336988 214.66241543041272
2338588 217.9363338113424
2340188 199.20471468060754
2341788 206.44323472287797
2343388 212.33445374667684
2344988 182.66200677469428
2346588 215.0116786449849
2347175 -39.29515834767156
2348775 211.83314924105724
2350375 203.50572500269018
2351975 210.42842519194252
2353575 207.70055499391216
2355175 206.72352429747247
2356775 216.2970117522884
2356872 -109.28405782526235
2358472 207.28580924346625
2358627 -105.3681772567813
2360227 219.07842626057132
2361827 186.62433973941629
2363427 216.1888852027794
2364448 6.935450388873932
2366048 197.86818517083614
2367648 198.70647190428357
2369248 213.762691690237
2370848 219.79881253879378
2372448 195.89889711494064
2374048 208.27747184805065
2375487 86.28291894901707
2377087 217.15521493503556
2377223 -95.29724631132062
2378823 216.71446880897233
2379801 27.115884121197155
2381401 207.51007845318617
2383001 203.18923736786488
2384601 209.11841498512067
2386201 215.2821940392074
2387801 209.0634559192741
2389401 221.4426021783123
2391001 207.42335186202732
2392601 204.10697880014155
2394201 199.9002698468622
2395801 213.0852984085741
2395934 -95.90948484721531
2397534 202.68044132240405
2399134 203.6769238803574
2400629 44.50012710922064
2401042 -60.115687853941694
2402642 196.92337244546636
2404242 211.94795874538764
2405842 188.04474472778335
2407442 192.63708737816032
2409042 197.4123919690176
2410642 199.24936105042121
2412242 210.51518679761492
2413842 209.0553747257064
2415442 205.1327145205537
2417042 205.18529166194267
2418642 217.8070357631546
2420242 191.21359401534937
2421842 52.68618071494526
2422916 19.806905740586387
2424087 49.13569249749355
2425687 212.00352158894717
2426092 -53.153071655699954
2427692 200.6606580514635
2428863 45.71981821055368
2430463 201.53723552971582
2432063 193.33052629525048
2433663 216.9903280717688
2435263 211.77616898438782
2436707 76.30245450959222
2438307 210.66015292647413
2439907 213.7285229308309
2441507 205.39842587770636
2443107 203.0700269425578
2444707 77.39077710292591
2446307 216.56164453308043
2446970 -24.50990533221365
2448570 190.91899645322061
2450170 212.30500703329454
2451770 211.0093624425967
2453370 207.8680826877906
2454970 61.725028423147826
2456570 199.10820413104568
2458170 219.481237573291
2459770 225.7188081307589
2461370 206.0556773346072
2462970 201.04768588921968
2464570 198.21267872959743
2466170 208.25326430509656
2467770 191.44039763271667
2469370 217.73772000758493
2470970 210.58658649031597
2472570 199.61358525452567
2474170 224.2236953169994
2475770 190.74232213787923
2477370 176.54110970389993
2478970 -51.27477689820902
2480570 219.0004122535317
2482170 205.4119719598324
2483770 212.34383182963506
2485370 210.18037342148884
2486970 211.9983548081723
2488570 200.0759886316687
2490170 222.98203361537665
2491770 205.34565874268029
2493339 103.93388146423547
2494939 102.83630242703772
2496406 60.921593987118115
2498006 205.4367114113775
2499091 39.724045215820695
2500691 208.99820760894374
2502291 212.59982527122872
2503891 203.4828636185032
2505491 204.1817454419616
2507091 219.25444361332976
2508691 207.4669216409737
2510291 206.07730202884926
2511891 210.66721807865767
2513491 190.7355147634162
2515091 207.65323365887485
2516691 203.8566657156083
2518291 209.43405404277104
2519891 217.6460697274075
2521491 200.05663309036416
2523091 203.08308896856155
2524354 59.5146912570998
2525954 223.69661859127828
2527554 195.3824540574023
2529154 206.59458274220322
2530112 11.114048376658374
2531712 186.4559474288591
2533312 211.76479386131794
2534912 201.96890303658174
2536512 222.39877347566505
2538112 205.26414632243186
2539712 222.07938844295006
2541312 184.15335207486783
2542912 210.34458251248086
2544512 209.84915396171655
2546112 204.8021328968638
2547712 209.37042601464546
2549312 199.92726879634998
2550912 205.11944575852002
2552512 207.87292464262453
2554112 198.49835762305787
2555712 198.1919867434757
2557312 204.33827693000896
2558912 205.21285860438746
2560512 213.20214338006343
2562112 220.76829307715948
2563712 202.78362984409026
2565312 210.98963420531754
2566912 200.65409871265015
2568512 218.01959747147566
2570112 200.27513163812435
2571712 202.94926841108816
2573312 222.42758298144585
2574912 99.21163967319889
2576512 200.42558344903173
2578112 206.45856539615878
2579712 -98.89075706901014
2581312 200.3486337551057
2582912 206.7462764990972
2584512 218.82336706582217
2586112 218.0105853444641
2586701 -39.013294505077425
2588301 189.44540313009895
2589901 197.06839709146544
2591501 211.03980272772347
2593101 209.71858460097144
2593949 -2.0637439814879173
2595549 226.27249417740714
2597149 224.29256376025566
2598749 208.44443146136243
2600349 205.57430940134088
2601949 211.3017543213115
2603549 214.79330785563752
2605149 210.82235374624025
2606749 194.50584199756116
2607787 22.961632041744693
2609387 42.391353591959124
2609940 -52.535111987226635
2611540 225.35272354437288
2611764 -81.2899792280551
2613364 229.30915476013183
2614964 91.7404526294439
2616564 182.8694711468342
2618164 212.1167033098975
2619764 219.56343986506724
2621059 68.38073411282446
2621702 -24.383163941151153
2623302 230.13197822957812
2624831 85.15867827067575
2626431 211.3890975287829
2628031 211.15198095485277
2629631 214.51886707784976
2631231 207.15248454778185
2632831 203.40222234551044
2633675 -4.082120562079069
2634835 52.20781063280978
2636435 208.9255536665512
2638035 -79.80821742918103
2639635 206.33339909566945
2641235 23.511837802496657
2642835 198.43092186493476
2644435 196.04519262816223
2646035 202.53933476960265
2647635 109.91624534169479
2649235 215.14653030185207
2650835 213.9356209189875
2650962 -96.19152194170033
2652562 208.73503122605038
2654162 200.9895680190299
2655762 197.45523567731166
2657362 202.23822282483914
2658962 221.50541744122103
2660562 209.59731781550258
2662162 193.76990341617218
2663400 49.20113709114702
2665000 212.70232641272398
2666600 196.5225559169219
2667075 -48.61179003569699
2668675 221.47670656912138
2670275 193.46095663041183
2671875 206.2962949538954
2673475 -96.0300827941983
2675075 -88.98474345062998
2676675 -70.62924594082557
2678275 202.82251126750745
2679875 215.87274305345377
2681475 200.96844193668406
2683075 207.031532763906
2684675 190.0258803436173
2686275 209.7663500436907
2687875 210.77786652845802
2689475 209.629519956884
2691075 204.83511877846882
2692358 67.92684266405578
2693958 201.72704538028253
2695558 196.85739807836467
2697158 214.1444332374907
2698758 207.07648079654132
2698873 -98.4505641522774
2699291 -54.14346458113974
2700891 215.56921647355864
2702491 92.1568838044207
2704091 205.01403635027728
2705691 198.71334483763368
2707291 196.60564210415836
2708891 203.240136880904
2710491 201.77489538889049
2712091 221.16566057963345
2713691 124.5988584437107
2715291 223.9508871238888
2716891 202.041322564899
2718491 200.51053416336094
2720091 215.78551965560752
2721691 220.4350454068287
2723291 -73.15972293107095
2723438 -100.37088058066182
2724487 22.657358411133927
2726087 218.28217958504788
2727687 207.2706802250732
2729287 204.35577839974854
2730887 221.15009688947893
2732487 217.64520108075192
2734087 220.225560636427
2735687 -82.52748339383608
2737287 201.60665064852927
2738887 78.43422206992545
2739829 18.733103120564607
2741429 209.02615975734366
2743029 201.93348261740925
2744629 215.41331720411043
2746229 207.90756168900208
2747829 190.81744235564983
2749429 205.98772883370665
2751029 223.0675172479927
2752629 200.50339283092265
2754229 201.71254557123805
2755829 200.62125223178074
2757429 204.05686588345165
2759029 207.27622699840398
2760629 202.63303930732647
2762229 203.18602916476453
2763829 208.6998198658633
2765429 197.17864370701108
2767029 199.0592351690599
2768629 213.60554114029154
2770229 202.89204951232784
2771829 211.83357171393462
2773429 199.33708687381275
2775029 214.05835043113137
2776629 189.36960903228638
2778229 204.1046796029584
2779829 211.91943913588776
2781429 210.91179201620292
2783029 214.4986036354464
2784629 205.51957166741812
2786229 218.45734088428077
2787829 215.99863365052317
2789429 211.08684192739173
2791029 219.2012860565516
2792629 101.66418660500604
2792865 -81.67448180262778
2794465 204.5168394603708
2796065 214.02254773573628
2797665 210.36826223995007
2799265 219.84175199810446
2800865 217.9886562921565
2802032 43.880184899653955
2803632 194.5378595817703
2804241 -27.42397271216079
2805841 208.25103614268588
2807441 217.7142991538552
2809041 214.1110520821375
2810641 212.09719524853028
2812241 218.6430438352972
2813841 183.80683932899183
2815441 219.7434033816721
2817041 208.19645432759484
2818641 -81.23872106106461
2820241 203.6692399274075
2821841 210.00991203269066
2823441 179.1966611512442
2825041 215.3710422063827
2825922 5.29915469396056
2827522 200.94353135917922
2829122 220.33881811064768
2829548 -52.49551870393655
2831148 213.29784874058268
2832748 206.5670149347552
2834348 223.32701887441524
2835948 198.24038516725128
2837548 197.94995089283213
2839148 200.8145549533696
2839987 -27.05505379305538
2841587 206.87303564058567
2843187 192.1269237980724
2844787 212.20044874530416
2846387 203.26262638287483
2847987 201.35703084835777
2849587 205.33468159417558
2850749 44.86494119864116
2852349 50.08562063229489
2853949 229.19567824548707
2855549 216.36011639537992
2857149 211.2718814323814
2857562 -61.02139835215795
2859162 213.15206093235847
2860762 -99.10604970675276
2862362 212.7204446311997
2863962 213.74160780599416
2865562 219.64387448070627
2867162 219.8922399858007
2868762 199.29825697383401
2870362 220.59037763913673
2871962 219.1445776665472
2873562 208.52517373946552
2875162 200.8765586986701
2876397 -35.64765035995602
2877997 203.52188714901808
2879597 204.23687333905298
2881197 198.4688089403404
2882797 213.62960413929483
2884397 206.3428291655109
2885997 209.88541311289492
2887597 213.72988786132854
2889197 217.7621031688011
2890159 -101.46359733080327
2891759 192.07823828654898
2893359 224.0633145525789
2894959 215.5006090849495
2896559 206.95336511254985
2898159 225.12529719150626
2899759 211.28584208409856
2899936 -94.6656121151584
2901536 200.22776035874332
2903136 -59.37157779801884
2904736 -77.6429733621281
2906336 213.79001742834825
2907936 214.3105689895622
2909536 218.00847976588182
2911136 21.363249681198067
2912736 -99.77633180961567
2914336 204.74917058726191
2915936 218.94700837568422
2917536 -97.42286220270519
2919136 198.75573122096262
2920736 232.07560039430567
2922336 217.98062881215773
2923936 230.33400078983604
2925536 208.96547108640053
2927070 103.6823903754227
2928492 84.98923728747164
2928636 -92.24601336092937
2930236 215.32210576758968
2931836 200.84654192582997
2933436 198.65758345146733
2934976 118.0950302056151
2936576 187.00481295010024
2938176 230.1324451772595
2939776 210.1706852769435
2941376 -96.58473609082259
2942976 225.13585510408618
2944576 215.41235191497054
2946176 204.93893108759872
2947776 208.34182855130382
2949376 214.92815494094347
2950976 209.94008765401162
2952576 -30.998847524015247
2954176 209.5358759453864
2955776 220.38513510595206
2957376 221.6589959366616
2958976 216.79324336055166
2960576 213.57323037983792
2962176 192.825032446431
2963776 217.57358440952072
2965376 211.04830892143715
2966976 225.33498005559102
2968576 213.40773557424808
2968958 -52.68797493166043
2970558 211.5595037415179
2972158 206.27225745465353
2973758 219.91171474671145
2974300 -39.58377272275897
2975900 215.70101080076563
2977500 220.0582941488494
2979100 207.87672495382307
2980700 206.06191580196716
2982300 209.48285637717026
2983900 217.65302327038566
2985500 216.64507546630432
2987100 226.67266059090673
2988700 193.40286031917586
2989988 60.22873344160331
2991588 214.79211687651386
2993188 223.60297871954984
2994788 213.76757369309752
2996388 219.4092385595812
2997988 191.2750290539547
2999588 204.79313026522897
3001188 218.98378451256164
