# reward.txt contains number of transitions:cumulative reward
74 -103.855592611666
1674 -107.15038751780651
1736 -106.3181680183954
1796 -107.29268009486483
1909 -116.91458710072283
1956 -113.22191173848944
3556 -114.9250194965746
3618 -112.91556609637848
3682 -112.22840643318867
3739 -108.5375144226284
5339 -115.32172267984176
5383 -110.01675420980466
5444 -105.6501596098106
5514 -100.41494679396817
5578 -100.72023015598852
5641 -102.25753409521033
7241 -121.93245082530248
7334 -103.49901435200809
7399 -101.53765360864314
7467 -106.80113266833685
9067 -101.65884988572543
9137 -113.8653077555752
10737 -110.6069576791466
10791 -109.29879326145227
10871 -104.74681143908514
10937 -106.75624271776775
10999 -107.30689181515201
11059 -109.80946211785823
12659 -107.95495728251451
12781 -129.4209637822186
14381 -107.58176097786536
14464 -103.37926245723665
14527 -105.03908562223178
15289 -162.6527801629013
15398 -112.09867728321068
15475 -103.42860252563531
15891 -123.29702230876809
16007 -105.02502330451522
16079 -106.15480426826949
16159 -103.08297053207582
16281 -120.31486017062082
16357 -113.95429342909281
16408 -118.01763329694211
17545 -184.89846965397675
18027 -130.59291581969114
18105 -115.5770482939311
19705 -105.34085147084156
21305 -103.0028893635242
21378 -104.44917399468707
21422 -104.8690137278301
23022 -108.16592497213708
23080 -104.95618623087866
23157 -101.5499166363012
23248 -105.50011203051048
24848 -108.68144646636554
24909 -103.5059434157641
24979 -100.37547793428064
26579 -92.77264735710614
28179 -98.45013493786803
29779 -89.47725597386713
29896 -129.2965588000423
29947 -110.22304074736995
31547 -95.70636350348289
33147 -91.9812005601692
34747 -85.48745123757554
34814 -104.81952160365073
34908 -105.8627135946347
34979 -103.37007831544304
35041 -100.26373947144673
35183 -120.75403035103528
36783 -101.26013214108383
38383 -94.44365476359214
38427 -110.77267317334748
40027 -96.29464447158217
40375 -113.76825350419307
40432 -106.76932630218566
40488 -107.9904148463284
40535 -108.27222172015284
40585 -110.894649791119
40660 -102.76661071002235
42260 -92.88791404234695
43860 -94.55236656993267
43911 -110.59424182330942
43962 -106.48714370562634
44048 -103.827192674237
44468 -128.3187062776134
44575 -117.63066790935893
44745 -102.6212119460618
46345 -96.18875433215693
46404 -112.25021857125623
46829 -118.69336428854928
46937 -108.57328920382167
48537 -92.38078112862559
48613 -107.33075364326437
48691 -103.91556207109801
48748 -111.79118963724189
48820 -101.15529812887249
48907 -113.88485134898188
48993 -100.72140215608756
49142 -120.39523264716193
49223 -112.81604365162738
50823 -94.57299592549352
52423 -91.33992092317722
52473 -110.95971545107787
52581 -119.1967838753021
52711 -116.81911374570242
52786 -105.57131589681407
52870 -100.69632138245056
54470 -95.16109782087564
55446 -173.175028794188
55512 -101.32241468056478
55569 -108.88972858983651
55655 -117.12598629194126
55733 -101.21007957462966
57333 -88.83992220085241
57429 -111.95095734077444
57518 -105.70538478548266
57583 -104.63519646496016
57655 -101.93229511265953
57713 -109.60789692635647
57803 -118.2718457241437
57875 -111.46374640352713
57947 -107.09331836906013
58017 -117.3672094116099
58417 -145.2660611395836
60017 -83.38289542979629
61617 -97.05173905661898
61728 -104.94910803685089
63328 -89.19813194545537
63406 -107.68377536895933
63467 -104.00175426468502
63602 -121.39076041658224
65202 -125.02294881398225
65269 -103.66384151135867
65376 -102.16063437807188
65434 -104.18244622456594
65498 -100.83416879672433
65550 -113.32349834100343
67150 -113.83869871210797
67236 -106.82202377039629
68705 -231.22108818561526
68770 -121.54881635936722
68827 -106.16946073684966
68877 -104.53286510519497
69034 -111.5524320305499
70634 -109.15633057642344
70749 -122.8839666382211
71459 -175.38727648145414
71553 -107.05240353170906
72381 -183.1128248142128
72468 -104.89704099420334
72580 -126.61762090579109
73492 -188.21257904684975
73586 -120.81064458203812
73691 -111.10193224189756
73976 -129.30628871390783
74061 -107.45082913302072
74202 -108.29400992010783
75802 -92.27318126846593
75866 -103.4010322641097
77466 -123.32918257458091
77532 -100.62777614716379
77580 -105.08821589666294
77682 -108.67894100198708
78101 -152.22895632429544
78171 -103.39877576093066
78259 -103.24173765932707
79653 -208.36292423472378
79759 -109.49542935723811
80176 -154.12084799807954
80566 -149.77289361585736
80635 -105.67085322938549
80692 -105.38905033499623
80751 -103.82270830374833
80847 -104.27810820841293
81836 -195.1841198085092
81915 -102.1761378340926
82281 -139.3866458903644
83878 -240.6678235180024
85478 -95.66662071532251
85541 -115.74833943448712
86407 -185.38331809893566
86961 -162.76943613446815
87547 -165.3179126323065
89147 -87.63062186952875
89227 -101.88897572473499
90564 -175.6395938937453
91105 -161.9870727487833
91583 -157.56094289832185
92551 -192.2092019366528
92663 -98.3544023340599
93086 -154.36608652503602
93204 -106.99857611217055
94804 -96.96061087556926
94872 -109.55769854300966
94932 -117.78789210087496
95543 -166.78063330556017
96930 -225.5612995142708
96992 -112.00649066851723
97051 -118.69974813419519
97124 -102.67068404064142
97186 -102.66268448691008
97555 -147.35202196111965
97661 -103.27176272642986
99261 -112.31497549904705
99326 -109.9038963424849
99432 -124.51838221695957
99487 -105.18238637365339
99549 -115.7258439342597
99657 -120.36318316318095
101257 -95.51719251867044
102189 -190.5105543060514
102873 -163.35448209081517
104473 -98.69576681085691
106073 -135.77401144697373
107135 -201.50698454619126
108735 -89.16843368991573
109702 -193.4651195871793
111302 -89.42055747318075
112902 -98.79694987419647
114502 -94.17451557176796
114582 -100.17746641235985
116182 -96.08971454803272
116241 -109.8681610952653
116294 -105.78637196759196
117894 -93.52406561213927
117989 -119.73458128633288
118132 -119.70623565641668
119732 -95.59174762192055
119822 -101.99114781040264
119878 -100.7060183886451
119938 -110.57774073562523
121538 -95.89070344060913
121589 -104.98274091030285
121653 -101.48870089018469
123253 -100.28386632846389
124853 -101.25554596093127
124915 -109.73499981570833
124987 -105.94614345571833
126587 -93.03466912240863
128187 -94.52203661679407
129787 -95.23169999263088
129866 -118.57622126368184
131466 -93.6987670405886
131576 -101.74121587818613
131649 -101.03764924122889
131726 -103.92742820888446
131786 -106.1547629036506
131841 -114.31373607629972
131896 -115.45162249799694
133496 -96.60855936555862
135096 -95.32404353414711
136696 -92.66975522882667
136807 -102.58796447345428
138407 -95.43601576384651
138465 -113.24366933972637
138523 -103.16449124153827
140123 -96.98360617938245
140197 -104.68243488098433
141797 -91.0473221435341
141879 -106.40660156202938
143479 -87.62048488610111
145079 -93.0523449291536
146679 -102.95425197107265
148279 -96.24738478717332
148331 -114.30428842143466
149931 -90.44847961267824
150046 -126.31662587092818
150136 -107.76344605329447
150190 -100.52557362953077
150237 -102.02321605889189
151837 -91.08274010276988
153437 -86.71501775571578
155037 -98.9984208792709
156637 -96.60415423768083
156723 -114.54632666373439
158323 -92.04207967592276
159923 -96.439774047972
161523 -87.2712935833446
161583 -116.83081501561341
161644 -106.0934906788487
161710 -100.20805308232643
163310 -83.42932984169202
163413 -118.99965301630459
165013 -92.22207563909335
166613 -96.66506510937226
168213 -89.73686491844737
169813 -90.82029506817965
171413 -90.09377045627731
173013 -90.61541304481409
174613 -85.22661773609441
176213 -85.9809213815349
176274 -108.47470908335659
176322 -106.26064167570074
176375 -109.36867321391776
177975 -81.26410947274077
178028 -112.68079137875637
179628 -81.96582138284907
181228 -79.29576785657557
181299 -115.36590201154351
182899 -78.20022522594466
184499 -84.65829764686652
186099 -88.06651804053845
187699 -85.36006501687879
189299 -92.04738028714065
189369 -121.69547733861829
190969 -81.89761357593773
192569 -82.1904855616968
194169 -81.42985985376018
195769 -80.34818433978225
197369 -81.7595353332876
197473 -103.58805484104715
199073 -79.36701773803804
200673 -70.87436202319581
200734 -111.57531886448463
202334 -83.2151005079609
203934 -81.97450775198013
205534 -79.08361246749831
205638 -121.49217234537252
207238 -76.30408687034623
207297 -112.24776882899056
208897 -87.16089822888186
208974 -107.09332272209413
210574 -78.71071893877301
212174 -78.43572773271549
212260 -119.79938606619835
213860 -75.79353448320184
213926 -104.67700282149265
213996 -105.36588935031556
215596 -84.74458769085695
215696 -121.78018114119845
217296 -77.58788796106418
218896 -68.50172698177828
220496 -93.84156493155469
222096 -77.42081170444563
223696 -78.73863397482589
223769 -111.17621993697993
225369 -71.01801445840174
226969 -80.55387732622405
227021 -111.74552536828753
227142 -109.95468067264743
227253 -106.36185496619406
228853 -77.67974355571589
230453 -73.841011767462
232053 -76.22674542448664
233653 -74.12121569066862
233758 -103.01673991375726
235358 -79.87507957656432
236958 -79.20588731029325
237109 -115.78570706652663
237189 -116.32255403166388
238789 -71.94874424165855
238851 -116.18147597363343
238915 -109.5466426441359
238983 -113.71266266538575
240583 -72.41783311393118
242183 -79.91512734826037
242246 -106.4430578604291
242342 -123.5389348566315
242408 -113.6659249140881
244008 -78.35039543025565
245608 -76.53045530257137
245689 -114.24613733696378
247289 -75.97736887948606
247350 -108.05882034005411
247411 -112.53966585178983
249011 -73.50746375801542
249067 -112.9031430842746
250667 -79.5830756256344
252267 -76.21307362976988
252575 -116.57199770735886
254175 -76.67553656988314
255775 -75.50900657774949
257375 -67.57032280421754
258975 -82.14912758017586
259034 -109.42807244599486
259097 -114.03397533409483
260697 -77.76243977411028
262297 -67.40570032637406
263897 -76.74493757326712
263995 -102.9002111954093
265595 -68.6140319114843
265676 -115.28281790156538
265731 -116.15423100832105
265818 -112.63088961978862
267418 -77.71600133728292
269018 -86.78588010738048
270618 -85.82435077457839
270737 -102.6816047947891
270845 -107.85930174966406
270902 -116.80920347683333
271051 -102.24327117729194
272651 -74.24643474689493
272758 -100.8738101444083
272813 -116.19892992689523
274413 -69.50138994687423
276013 -79.77915841948257
277613 -74.12700743428866
279213 -71.40939636610945
279302 -106.6600594518613
279379 -106.03571765663413
280979 -85.11914684457955
281055 -104.67112428660194
282655 -71.98950155331073
284255 -74.06054509660228
285855 -91.27018139300051
285932 -102.82842711279915
286015 -113.77688701302124
287615 -82.7364977213531
287680 -107.46743221526779
287760 -101.54296237318341
287827 -100.0976420155149
287903 -103.0091775768039
289503 -72.48075838892404
289598 -102.25549024428614
291198 -76.736584280448
291270 -112.2305392546871
292870 -72.94805766955203
294470 -74.86632693092089
296070 -71.41131072418754
297670 -68.53126478408153
299270 -71.87156194339934
300870 -52.70245002022571
302470 -66.6750878289348
302574 -111.16126818502384
302670 -124.84313530032043
304270 -54.69075238667864
305870 -72.33384241733461
307470 -66.13634652345193
307746 -123.923285512712
309346 -65.93700842086781
310946 -80.12514817839732
312546 -71.32252852024455
314146 -69.69467214365673
315746 -70.50084562627036
317346 -67.04257158273197
318946 -70.93506911663385
319043 -112.52792130682866
319123 -107.54544458780748
319235 -110.39476661932221
319300 -115.2733355455293
319392 -106.01428622003397
320992 -65.77594567835617
321126 -111.86444015204286
321185 -113.74673462327321
321252 -100.96652467755663
322852 -77.08760505914438
324452 -71.14286108954745
326052 -67.2024653061914
326160 -109.51592649844972
327760 -65.85926069498996
328022 -118.2190630282884
328079 -106.50650144529715
329679 -64.59586503041969
329761 -105.91614367304929
330320 -156.06189688155615
331920 -62.61206931074394
332032 -108.93648036437047
332247 -116.62157483199798
333404 -142.01590292781472
335004 -64.41110084765032
336595 -160.3688253563622
336705 -103.95829456953332
338305 -65.08481049940426
339905 -66.6916280207875
340018 -104.17152866588408
340121 -122.09441017737986
340206 -117.41820907359136
341806 -66.03944100246389
343406 -66.52006904168371
345006 -58.35207710123993
345070 -110.44930417986726
346670 -58.61171702593686
348270 -62.527766231485984
349870 -57.16780233469078
351470 -63.730164267635004
352083 -159.01556914795998
353683 -57.960700653675886
353742 -111.66863789927712
353836 -100.60978816391341
355436 -61.82971465507705
357036 -67.6544472923539
358636 -58.459277819011994
360236 -63.60798918164961
360333 -107.28683245983161
361933 -63.56115888781283
363533 -64.07249075837314
363855 -141.00087388854908
364497 -126.00720669552872
366097 -63.716882680832114
366183 -105.68054145702037
366651 -137.01878162467793
368251 -62.37940461808076
369851 -68.63592917142748
369921 -113.5490918700515
371521 -56.75129731435827
372283 -156.72760243625189
372424 -104.79576424829786
374024 -58.54448953573038
374108 -104.06065098267732
375708 -62.52154321619561
377308 -60.38471740521803
378908 -58.76518155972785
378988 -103.91357001875589
380588 -60.16116062182618
380858 -121.49174702815897
382458 -56.93949602831907
384058 -60.67468651960487
384185 -112.39290569836027
385785 -63.145948053608855
387385 -56.127568883401686
388985 -58.50655045524557
390585 -60.11338627211547
391196 -156.51400070767914
392796 -59.36361108677397
394396 -59.95571312459062
395996 -54.28582171147806
397596 -69.78976080345062
397688 -100.04899337527621
397921 -135.8031862826844
398109 -106.76718230576255
399709 -59.60695166619244
401309 -62.15351300183003
401393 -103.54486771597651
401494 -106.19417387015808
402620 -146.48421098964593
402847 -117.31960821150926
404447 -56.91142596168134
406047 -65.89518023021455
406103 -105.83678430784121
406453 -141.52887710576195
406730 -116.91457792440616
408330 -58.04696185868606
409930 -67.19820691811769
411530 -57.4061107054228
413130 -61.34230852832956
414730 -71.78746381493413
416330 -55.954344217893436
416439 -107.21313319927329
418039 -64.82259410755833
418106 -112.04217303229248
419706 -65.46595120417884
421306 -62.24626751574639
422906 -61.04222438013864
424506 -51.383193838016396
424641 -111.54320684271306
426241 -57.23909283371768
426286 -110.14367563040058
427886 -51.53333788019424
429486 -51.43955211900489
431086 -57.96227308579354
431170 -113.7872650635379
431224 -111.81895508906183
431333 -125.82239682650257
432933 -58.24692044361435
434533 -50.47818362022815
434622 -108.03941085877642
434716 -106.45419569140859
434796 -120.11447382030387
434865 -112.23306824598089
434933 -107.7894141127107
436533 -55.42821017325416
438133 -69.0285622853834
439733 -57.16210453818053
439971 -116.50883759723231
441571 -54.383342239474324
443171 -51.55628437086504
443245 -114.75940306081127
444845 -55.70503732551823
446445 -53.76972147134759
446779 -123.53124253965417
448379 -63.469880523324605
448861 -149.35948478538853
450461 -61.14661857185514
452061 -63.382796080786214
453661 -63.172171854651886
455261 -60.77330081345758
455383 -104.77821659697779
455465 -108.85644315513875
457065 -59.90442607819714
457147 -109.76379591234524
457275 -131.29164612413138
458875 -68.96177959528525
458931 -109.19340553451609
460531 -61.715351699274606
462131 -61.360867158494905
463731 -65.77076878526124
465331 -73.37323390336879
465424 -122.01820422246058
465493 -115.1415680740724
467093 -48.863394471819035
468693 -60.200517309302604
468773 -108.0032139718576
470373 -57.56970378759315
470549 -105.05636236263936
472149 -57.481141405947575
473749 -69.20774848355666
475349 -62.70713328760804
476949 -67.44119588666472
477025 -116.17940865806739
478625 -54.80858757409826
480225 -61.12045874680643
480381 -106.3304825321079
481981 -64.76610465627736
483581 -65.65589329337774
485181 -65.02768416821779
486781 -75.43721605406454
486843 -98.49569402807207
488443 -65.64313021068148
488637 -116.9661875276345
490237 -67.36230175093009
491837 -64.66118236537896
491911 -114.8478082718191
493511 -58.9149462613818
493766 -136.30930863741352
493834 -111.44654988057027
495434 -70.14950041307956
497034 -65.86522004936508
498634 -68.65644707983103
500234 -67.0631903156367
500299 -109.56156516843352
500679 -142.78399524763165
502279 -66.15871010676656
502339 -112.22257160604528
503939 -64.48991267850244
505539 -58.323593336664736
506083 -151.31973066398933
507683 -67.46375383248429
508067 -141.27874127938537
509667 -65.00114996328074
511267 -66.1029389967254
512867 -61.91882178803902
512935 -100.9893095887707
513006 -111.73700026694624
513358 -140.33965139339617
514958 -54.844585433982836
515543 -151.4838720566736
517143 -59.27098493353619
517233 -113.31273330453907
517330 -101.21143171232194
518930 -55.6082018086131
520530 -52.68380699062039
520658 -106.0186344131548
522258 -57.30690330641152
522396 -99.90068715920269
522544 -98.83192364086024
524144 -51.906507926742925
524202 -107.5280479912584
525802 -56.40914134530805
527402 -52.48705212967534
529002 -56.293593294371504
529084 -107.32976096578268
529181 -98.98574945893822
529263 -121.02747030121151
529327 -106.82792418834629
529409 -98.04600637712454
531009 -58.70283100022748
531424 -143.14612597557402
533024 -55.68081928570251
534624 -53.896490952260734
534759 -121.65075664579683
536359 -60.42179919234304
537959 -51.330858943302374
539559 -48.852204937943654
539631 -109.1512952207181
539764 -99.742878130087
539813 -102.47310643998719
541413 -54.49406984792778
543013 -57.370941862713806
543176 -107.29749050951811
544776 -57.24487921840824
546376 -55.25909122443694
547976 -50.434924437144694
548049 -100.25786498763071
548414 -122.95262126873868
548498 -98.77845300299737
548633 -96.65892913544613
550233 -55.822234223731414
551833 -48.60527794684592
551927 -97.90344376235207
553527 -56.87577017730718
555127 -61.80813518384658
555193 -115.3337403030501
556793 -60.462619886453616
558393 -73.0442939256467
558825 -142.4077819049253
560425 -62.20757495937877
562025 -67.35667361482358
563625 -59.99691202985566
565225 -57.930494826459096
566825 -59.50304975352874
568425 -63.334315657562875
568618 -104.74353373002572
570218 -52.8219366837229
571818 -58.704387653078236
573418 -52.02428613158999
573546 -101.92936161313641
573637 -102.13205315131322
575237 -61.09312414113734
575385 -122.22511952741473
575476 -124.13038954681221
577076 -49.70678223481093
578676 -62.84621732579041
578772 -106.65564356743855
580372 -50.378915151052084
581972 -65.2285975818411
583572 -57.71774004771933
585172 -59.654252685784115
586772 -58.975853254589474
588372 -56.24230434062025
588455 -119.92345145005794
590055 -61.71803681720694
590644 -150.99657812506211
592244 -56.94817171130698
592308 -103.88056822378064
593908 -60.49839421475237
595508 -46.43832414707108
597108 -56.79658549519182
598708 -55.550531420117956
598878 -102.30417152461595
600478 -53.56117493635041
600543 -113.76159730337328
600632 -103.57837975231247
602232 -55.54567218112568
602319 -106.8172874862204
603919 -56.38086523313887
605519 -53.52517303533486
605677 -106.70424075511781
605759 -106.33348739346987
606922 -181.20571181744282
608522 -59.17916603938365
609212 -158.31814510988133
610812 -55.05464421331816
610947 -106.91111290816653
612547 -55.246727211063714
614147 -50.94896566607928
614333 -102.20494125414453
615933 -54.628289183606114
617533 -47.77727763348883
618235 -155.86956748477616
618898 -154.11861663354247
619046 -105.89904050563462
620646 -58.374966486371484
622246 -58.53472801178936
622295 -110.05787453445357
623553 -184.22321869229586
623634 -112.97812777220085
625234 -48.07748522887942
626834 -43.321018123552186
628434 -49.63444109026042
628499 -107.01723981581132
628637 -99.60786939150964
629171 -148.88478913376295
630771 -50.486822148855694
632371 -49.11487448546035
633971 -52.61370025848345
635571 -46.96722977665062
637171 -45.52387022608576
638771 -46.566343896621234
639749 -128.19281941043087
641349 -42.86577084279865
641415 -98.19299468979487
643015 -56.373960095513304
643705 -154.41740395591717
645305 -48.40426524399536
646905 -58.254049595179794
647027 -106.57693995561823
647671 -153.63609876463008
649271 -47.03943144224705
650871 -52.73892300369527
651133 -111.45653900283328
652033 -128.00013496577364
653633 -52.8873635800002
655233 -53.47931324158476
655901 -152.8943519499277
655976 -98.71831964660375
657576 -44.24443399526423
659176 -46.36163378933819
660776 -48.62605548168655
662376 -47.13485665455089
662786 -141.60963635204178
662884 -122.48671428333533
663473 -150.11060763674666
665073 -57.325923391538936
666673 -43.020570678344946
666783 -118.03707047345551
668383 -45.915416379491475
669983 -51.19267027397506
671583 -46.90991510624124
671718 -98.39862181391939
671791 -121.4663322839259
673391 -50.09176105289478
673566 -99.64387715700767
675166 -57.47529691397454
676766 -57.264745275952535
676860 -121.66675410161727
677018 -107.2989218555127
678618 -52.44838107350157
680218 -52.223777339202584
681818 -63.89050162019522
682272 -144.56518785441605
683872 -56.48459332264777
683943 -116.6772844576457
685543 -46.45704520642577
685653 -114.03169082572002
685778 -115.71961591108112
686238 -143.79435870132224
687838 -46.350551353417366
689438 -59.28437402141705
689547 -105.7467847869837
691147 -46.10798726334171
692747 -51.72590524078784
694347 -42.88456253923411
695947 -40.660663145085074
696078 -104.71929934778251
696178 -120.85698556351785
696296 -104.08212092046129
697896 -39.66939461814927
698013 -96.27442309721808
698248 -97.61141361632819
699474 -182.52795573881707
699627 -98.6331095165629
701227 -49.74798575291327
702827 -40.102207023961746
704427 -41.510022939930316
706027 -41.17487067376762
706283 -113.21426923168328
706370 -103.63697413094093
707970 -44.57130924690649
709570 -46.01032664614956
711170 -47.088957736138845
711645 -144.8048855070211
713245 -49.034368451173066
713363 -109.09959862372217
713426 -110.51332923295845
714035 -153.16401438972107
715635 -45.86852835292737
717235 -42.58513428042027
718835 -45.14600397486799
720435 -56.29253196876496
722035 -44.35465140225115
723635 -55.568674898296045
725235 -43.51007496806105
726835 -50.96752302697232
728435 -47.29386332653334
730035 -42.34644171943836
731635 -60.70297450080406
733235 -43.87510528490254
734835 -36.04820012363792
734926 -120.82483641794076
736526 -38.22379059079344
738126 -38.193757558145954
739726 -41.2124338267272
741326 -33.924344198345494
741947 -150.8213818164151
742061 -100.33808367827659
743661 -30.845748846127297
745261 -39.36426874217515
746861 -37.622500222704744
747257 -140.64808967460755
747325 -104.06986032538116
748925 -44.95335800695044
749614 -152.98980465823226
751214 -43.45000305990622
752814 -44.76404217500112
754414 -42.65279214141586
755161 -154.2226889632381
756761 -39.18347078864655
757502 -155.9825760954078
759102 -32.295202791622216
759239 -102.94351360520659
759366 -103.38714117708678
759922 -110.73506523420726
761522 -45.5690116508255
761678 -112.62340010634313
763278 -35.53510366477698
764280 -114.63524114494648
764346 -105.5343796752803
764920 -148.05455043200593
765027 -100.17574293335093
766627 -45.92199778595446
768227 -41.13992425103116
769827 -27.5540640217283
771427 -37.23266927868686
772171 -154.19535793739865
773771 -38.98292224214105
775371 -49.271721326329825
775453 -110.42482966948455
775552 -104.48974521480625
777152 -36.84427735394859
778752 -33.57693652917876
780352 -49.269660364249724
781952 -38.80036272544103
783552 -43.83117997034891
785152 -45.85104744793041
785296 -99.52137136777739
786896 -31.369060427051004
787226 -102.32110671762439
788826 -32.00643086316927
790426 -30.865293497928704
790568 -98.71698632846461
792168 -39.33097245916786
792371 -102.32839221440442
793971 -43.15979379401414
795571 -37.33386706562186
797171 -40.428361086979535
798771 -40.424431476562575
800371 -27.157319368163726
801599 -117.92428811191458
803199 -26.077883178701317
803267 -115.18082427111702
804867 -28.175677055990974
805038 -105.50784671298725
806638 -27.688189434327814
808238 -34.64539163399715
809838 -33.79104005196128
809907 -118.04599153842156
811507 -65.80730301537291
811598 -116.37373735818515
813198 -33.87368660754214
814798 -32.622194114075334
816398 -26.962410418988505
817998 -42.18141408951772
819598 -40.11989460784868
821198 -33.68080468233396
822582 -134.38901285896756
824182 -44.16486185228645
825782 -41.9256856719382
827382 -37.38846225961086
828982 -42.12488302004085
830582 -32.89380146963706
832182 -35.47127203688464
832239 -110.10451028327458
833839 -23.718677744481095
835439 -37.13678960403116
837039 -37.0695862368606
838639 -35.73764884926373
840239 -35.00934768859798
841839 -31.393163281430876
843439 -35.21077894473563
845039 -25.950746742551537
845676 -147.77254297902934
847276 -24.741989493312282
848876 -27.556746695310512
850476 -24.51628524903218
850632 -124.6381924190037
851760 -115.84953801301462
853360 -22.877947775375702
853468 -121.07866338362358
855068 -35.07459188193579
856668 -20.52791556353298
858268 -30.663838785503675
859868 -24.97801699830294
860059 -126.8797794245705
860152 -119.16202075262103
860298 -104.04482511401922
861898 -26.46189501825473
863498 -25.604425990011556
863727 -103.08214530398077
865327 -22.698160460319983
866927 -30.279038126777255
868527 -36.02997691804848
870127 -31.03122458223504
871727 -34.294102270354564
873327 -39.375533627551114
874927 -31.00718352999038
876527 -28.211976268342987
878127 -15.961207117657501
879727 -30.884840138576322
879863 -120.89034395308916
881463 -28.200810654211843
881656 -100.2615456782182
883256 -34.60695288745196
884856 -34.38141438524484
886456 -35.021311542154606
888056 -33.03553823508389
889656 -28.125484216529884
891256 -25.834249983283392
892856 -38.13964574578465
894456 -33.97148452903021
894544 -118.48088624924048
896144 -28.10679654309525
897744 -30.813743638852586
899344 -24.628600180765588
900944 -19.38083920397796
902544 -36.9652666148214
904144 -21.508285048517386
905744 -27.316073931480478
907344 -34.2458161027419
908944 -27.751078766541568
910544 -31.72984442244221
912144 -13.57958374959729
913744 -15.510533585530377
915344 -21.22860083729585
915443 -117.04996288252498
917043 -12.362726343023285
918360 -113.72190468601542
918419 -112.2777123441336
920019 -20.10950880724007
921619 -42.304370411897146
923219 -11.981986412245773
924819 -16.82587697214322
926419 -19.016064079848416
928019 -19.59632457848701
929619 -16.196315098716585
931219 -26.818952750532606
932819 -54.10430854680496
934419 -16.00131032310116
936019 -12.903689191784943
937619 -20.257356644003
939219 -17.730641273238696
940819 -8.583842984123155
942419 -14.06852204580168
944019 -11.454793412420873
945619 -35.30219583774544
947219 -17.464068327884487
948082 -158.45695916290336
949169 -167.88960021483405
950769 -6.367398925557739
951844 -110.69893934207782
953444 -4.341548170150579
955044 -68.16837690018923
955231 -101.27438674109926
956298 -113.9304055807814
957779 -183.4230307551827
958765 -162.99127713843623
960236 -115.29279158409187
960375 -97.42573288821181
961524 -170.21010517820037
962611 -105.18919924330464
964211 -2.1558707582059613
965811 -12.023770420350763
967411 -20.564333104188265
969011 -56.221247729856465
970611 -64.33219910697207
972211 -75.52463331903816
973811 -20.872360680637893
975411 -28.531521116775806
977011 -18.551884134301325
978611 -14.268283343909314
978720 -119.68369122762877
980320 -10.233894114939504
980683 -104.83706349969717
982283 -10.216993808095648
983883 -1.3856322884795507
985483 3.986586312904338
987083 -6.375399178277081
988683 -12.034449116966083
990283 -18.799840204617585
991596 -118.98674384825956
993196 -5.636064134617026
994796 0.30466455850656615
996396 -6.870655158544905
997996 8.726276399865737
999596 6.116004221763455
1001196 -13.090604665692302
1002796 13.963051853819456
1004396 8.168064388927682
1005996 7.4755162572792315
1007596 8.836311824286371
1009183 -103.19689854383843
1010783 4.241640053040012
1012383 -6.880433355802692
1013983 5.418272544616216
1015583 3.329424507483219
1017183 12.528118336550277
1018783 17.394894496750098
1020383 5.314056322719887
1021983 12.826633969347911
1023583 15.694675780486318
1025183 21.182191005118515
1026783 17.056447951051744
1028383 22.916060420055235
1029983 34.16829535391802
1031583 25.897503086389925
1033183 26.55050617852927
1034783 25.742782399242707
1036383 27.91247996115156
1037983 35.28221147861952
1039583 30.732050113336324
1041183 35.18735855441973
1042783 26.750322645846758
1044383 20.081689736336006
1045983 27.507598428380362
1047583 7.573026393902782
1049183 30.017356300421657
1050783 23.783273275978733
1052383 35.33871953869232
1053983 4.574900608701633
1055583 39.43925666406967
1057183 24.58447628590966
1058783 33.30733809110398
1060383 25.748618237612785
1061983 25.742774776476164
1063583 31.31884871875682
1065183 17.99371510060629
1066783 24.70872193757968
1068383 21.73654693217456
1069983 36.91843084197117
1071583 38.30021887233169
1073183 29.756272070594147
1074783 28.18959697670612
1076383 25.99824315082277
1077983 29.015564047444588
1079583 34.71131308790725
1081183 28.78860557874852
1082783 28.186872821132383
1084383 42.72636427341189
1085983 37.893881369999924
1087583 41.99827269954163
1089183 37.55718319552206
1090783 29.502671695848896
1092383 30.807758682746414
1093983 37.35924064459594
1095583 35.24453353113491
1097183 37.93734849252175
1098783 41.26759294601524
1100383 40.018082867285905
1100476 -118.41262269940894
1102076 30.382510429088658
1103676 39.89028038579477
1105276 45.460656561406324
1106876 27.59824994000914
1108380 -73.02736325239889
1108484 -120.37616072347046
1110084 34.49047955950416
1111684 49.70486001909345
1113284 47.0485861999206
1113634 -95.32505067835935
1115234 30.34240050168459
1116834 44.51483817097599
1118434 34.03045711916657
1120034 46.197400192595396
1120111 -117.25577717622308
1121711 51.09229363683308
1123311 42.713743457823384
1123383 -112.0865708883296
1124983 36.2924713845029
1126583 44.23410865739983
1128183 38.88348529540183
1129783 51.73199768275519
1131383 51.10216975020298
1132485 -87.44020873103784
1132593 -114.21336247022295
1134193 47.497336391248425
1134453 -93.3690121279036
1136053 43.947663688898736
1137653 41.00138114852642
1139253 36.11884750815453
1140853 47.75980990458157
1142453 45.37392297086869
1144053 26.276218443807494
1145653 47.50387938705956
1147253 47.54704834543288
1148853 47.331952254383516
1150453 40.64727339541545
1152053 52.425906425829346
1153653 35.898075358689766
1155253 53.735040585999826
1156853 50.966605340877585
1158453 49.225345844547476
1159274 -86.39165140013395
1160874 50.414752194622565
1162474 47.73057465870516
1164074 38.26008355099769
1164302 -103.97751134298183
1165902 45.99901929847959
1167502 52.494431494022734
1169102 45.19316114379087
1170702 55.48272319397209
1170910 -94.90951034448295
1172510 47.03932908974896
1174110 37.20849882156029
1175710 30.60118590971226
1177310 50.3606439725514
1178910 49.974280478361415
1180510 59.82206421691802
1182110 53.683176870404154
1182903 -89.5083242684047
1184503 47.75193072495921
1186103 50.92364701923226
1187703 48.73340213174612
1189303 68.61443475712136
1189425 -101.56711747734931
1191025 49.259304382949985
1192625 60.46786331538297
1194225 55.79793538855701
1195559 -62.50009247893618
1197159 53.752201197198005
1198759 65.23332611111415
1200359 68.18614454130649
1201959 58.209145601716
1203392 -59.94158720562607
1204992 59.82208988095727
1206592 42.913361130755405
1208192 50.01818076397101
1208641 -96.97287695384709
1210241 63.75823482221401
1210790 -78.05945850342138
1211355 -83.34210568307246
1212955 46.83094534679628
1214555 48.163876629465854
1216155 -17.236075715806944
1217755 54.128317245434985
1219154 -82.84916423703605
1220754 59.29133486543164
1222354 54.87687741795499
1223808 -48.79286980936206
1225408 69.26932498028374
1227008 43.44399213032185
1228608 60.215946508019066
1230208 60.66304634667101
1231808 47.461087896987145
1233408 48.97732424182205
1235008 53.49565985494368
1236608 37.80849258864189
1238208 52.24325933714834
1239808 55.546552226290075
1241408 57.374163277038015
1243008 47.56155211039852
1244608 55.197645795348414
1246208 60.056328674869974
1247808 48.513949393591545
1248963 -62.19661913483778
1250563 64.87960350430271
1251786 -49.50714379230287
1253386 57.99324401156431
1254986 68.73096960493065
1256586 62.83894647923237
1258186 58.330227222176234
1259786 58.715084909922794
1261386 65.58442617111845
1262986 56.88402678195702
1264586 53.76552805404079
1266186 66.61212874264362
1266245 -111.633862609623
1267845 61.67478408111214
1269354 -49.173916250554136
1270954 62.7591363453924
1272554 55.31511914125798
1273918 -37.47878714899356
1275518 66.98590340073035
1277049 -56.864773873909584
1277239 -96.11046161533582
1278839 63.979231252805604
1279719 -67.641517300901
1281319 66.60482194234115
1282919 53.19862949080074
1284519 62.945932600507014
1286119 54.513897983817536
1287719 54.701271530103476
1289319 48.769476591785455
1290919 61.429092569119646
1292519 39.20468477314401
1294119 60.7043988702091
1295719 61.771513034452134
1297319 61.511926306820094
1298919 48.299228537955834
1300498 -61.48626928498602
1301936 -49.6371518834268
1303536 67.6766850729062
1305136 67.85106922028035
1306736 52.644460248948455
1308336 70.67282736727523
1309936 60.51667700962881
1311536 69.15744415929358
1313136 42.371644999259466
1314736 56.033821331969655
1316336 61.52939181365145
1317936 64.36328063320306
1319536 64.6014842900891
1321136 48.25218082828196
1322736 59.59821448764269
1323908 -48.692062228668355
1325508 56.28535020071514
1327108 52.96084799486329
1328708 50.519973909206634
1330012 -54.28587745175261
1331612 47.720256781184744
1331984 -86.57034118465148
1333584 54.20655067967829
1335184 57.7790076117982
1336784 47.35009438441505
1338384 56.46354296638942
1339984 52.09781518755598
1341584 44.90579221509081
1343184 43.921521815228594
1344784 60.36948328183773
1346384 55.11785416825488
1347984 27.176628535443275
1349584 39.68203916118107
1349764 -121.33548187068013
1351364 44.751620903996766
1351547 -93.05860858190123
1353147 41.404707567674336
1354747 50.53114229416382
1356347 52.92087766756613
1357947 49.22430598220417
1359547 67.61890371372243
1361147 43.50496547010781
1362747 33.76698937670135
1363456 -73.50695739518974
1365056 56.79921996492086
1366656 57.79673293178126
1368256 53.53314896682708
1369167 -77.39990668947036
1370767 60.7530445859495
1372367 49.96725828652847
1373967 51.27655534924446
1375567 54.320834782321135
1377167 52.137409162002264
1377792 -77.8867087148254
1379392 47.34755709143534
1380992 38.31638851102442
1382592 39.43623318189137
1384192 49.27058907432598
1385792 50.08547749540329
1387392 39.10198364582408
1388992 58.16996181273072
1389075 -118.1865495940218
1390675 60.639873485113824
1392275 58.00622648587537
1393875 59.62022774175676
1395475 32.501199286635995
1395592 -119.31533216383347
1397192 54.097030775754384
1398792 40.925465222071324
1400392 40.295081774456754
1401992 52.45728797383576
1403592 50.87464067309372
1405192 53.0342034778375
1406792 42.25530860829656
1408392 49.075964722715824
1409992 60.80110452581566
1411592 30.94226592067212
1413192 56.22890086429755
1414792 61.93112488451217
1416392 54.55621503397862
1416547 -121.05398869403453
1417433 -71.49138101657695
1419033 39.91014900401808
1420633 50.36210200760768
1422233 59.94856331508834
1423833 56.453572857350316
1423955 -119.0450522673695
1424339 -92.11493999122146
1425939 52.81862640165422
1427539 44.97875331494961
1429139 50.3034793819003
1430739 40.36289175274899
1432339 43.732911627733046
1433939 53.6943434708195
1435539 59.653785051455564
1437139 55.061244100624364
1438233 -60.965384497720024
1439833 38.88851718098206
1441433 55.865548931346616
1443033 48.14252406635867
1444633 39.36883723284593
1446233 50.47683588682487
1447833 50.31133270840184
1449433 59.974659014412964
1451033 63.762976538235414
1452633 43.75995555032104
1454233 60.39975822847494
1455833 34.40968706005296
1457433 47.82228112631348
1459033 56.35672701462557
1460633 44.16045470744433
1462233 62.9434137153275
1463833 53.9878289174199
1465433 58.115168774737995
1467033 54.31672898650788
1468633 61.15998272631198
1470233 58.52721705690278
1471833 39.81656527118842
1472858 -57.54926037278461
1474458 52.51400413726131
1476058 55.86064410288849
1477658 59.23149778531816
1479258 55.56571396006308
1480858 62.99009213625384
1482458 57.20151090119776
1482589 -118.93057790901885
1482724 -119.27180550325724
1482822 -117.6280652799122
1484422 60.856691347337325
1486022 44.58628938297208
1487622 63.02591901669939
1489222 62.30378804229526
1490822 45.156364799695744
1492422 49.94845728330684
1494022 70.5560025841264
1495622 71.94078840786709
1497222 60.87359285318799
1498822 57.654892819226276
1500422 73.24408047862835
1501885 -51.081997637989005
1503485 63.90998178196327
1505085 58.365344280595146
1506685 69.56092230873615
1508285 61.47756268791824
1509885 76.03981384143351
1510066 -94.89234503221324
1511666 54.963688228635014
1513266 64.38515230758607
1514866 64.11247143174265
1516466 72.55014324431563
1518066 57.18769204512543
1519666 54.01632638076842
1521266 63.08125477463495
1522866 73.29411752453193
1524466 77.27106845862822
1526066 65.96134236818827
1526195 -120.12728261810231
1527795 69.10801975409186
1529395 75.51810391444401
1530995 75.8987696588856
1532595 66.32138551078803
1534195 51.026518007638536
1535795 57.975373212570894
1537262 -39.348628482839935
1538862 60.89128768891023
1540462 67.1670032310585
1540558 -98.93948513549566
1542158 54.16347313569518
1543758 53.32470836785373
1545358 61.8025557832395
1546958 44.149609180320965
1548558 71.39105397572743
1550158 66.60237176402129
1551758 66.35183944566116
1553358 70.27097502548119
1554958 59.64296205644676
1556558 78.5391084264406
1558158 61.037648273154744
1559758 70.12825078261238
1561358 73.48729829892392
1562958 70.33068332547718
1564558 74.15221446942773
1566158 60.704873609350955
1567758 66.16092766394152
1569358 68.17315938571099
1570958 63.56179550873988
1571055 -116.1860821274269
1572655 61.05231893082547
1574255 68.21224862214244
1574385 -119.19573622701907
1574495 -116.60862371659962
1576095 57.9022532685399
1577695 69.59546136752547
1579295 60.44202279395887
1580895 67.0608317103854
1582495 66.08555688468948
1584095 68.73039196093694
1585695 70.78993198484072
1587295 62.447748855849156
1588895 78.95348883902503
1590495 68.29441452908131
1592095 80.37278921494043
1593695 67.7931862955745
1595295 75.51059554262417
1596895 56.75946032209753
1597247 -91.18046204651738
1598847 85.21917164702708
1598973 -119.85256622688411
1600573 77.55476512197279
1600804 -103.91034231659398
1602404 71.99438975278639
1604004 76.83463736998515
1605604 68.33592242329189
1607204 77.55462018548687
1608804 80.31769113482079
1610404 62.2057697453756
1612004 78.0879308645794
1613604 68.97786769952648
1615204 82.21339817030515
1616804 73.8729840184303
1618404 73.23815617177208
1620004 78.95874862658631
1621604 85.1519896531434
1623204 78.00683060118678
1624804 74.57490460028387
1626404 77.43354196954972
1628004 70.38401415482932
1629604 72.60736952872881
1631204 72.73452642994936
1632804 75.6953160563633
1634404 80.85058833458034
1636004 83.29465048244028
1637604 79.67495806958833
1639204 75.94844562835286
1640804 75.13609813099973
1642404 80.28125942372743
1644004 77.047044216649
1645604 81.2646629038367
1646601 -58.569862893845915
1648201 82.93545481198207
1649801 83.91666454852734
1651401 78.21635567343122
1653001 80.13729463063011
1654601 88.1855104512353
1654811 -121.3225220184323
1656411 86.16033892681949
1658011 62.33109235958466
1659611 88.18759048767178
1661211 81.39876952652314
1662811 89.83985973492796
1664411 95.98663945186256
1666011 95.22844865104048
1667611 89.77832889407695
1667877 -87.86744664750498
1669477 94.677571247139
1669595 -117.40102291104259
1671195 95.92645677689978
1672795 101.67645507057625
1674395 83.32581981724695
1675995 72.1993236440275
1677595 105.39634617267552
1678859 -28.000296929236313
1679359 -79.27995753944879
1679477 -117.93433790949872
1681077 100.09643446770392
1682677 88.75885761289513
1683358 -61.82159207476617
1684958 98.728643413682
1686558 86.4806183803341
1688158 91.62285714625219
1689641 -11.765070732525402
1689843 -120.44741004453847
1691443 105.98376320062441
1693043 89.34412989262879
1693212 -119.60012760924114
1694812 85.19629112855041
1696412 82.26233874119349
1698012 83.66290131414392
1699612 95.6015108592173
1701212 97.69242632589581
1702812 87.1965948207018
1704412 86.61818424649427
1706012 90.3348164479604
1707612 90.66654844424869
1709212 87.7162042353759
1710812 103.74770099056704
1712412 93.71421548766408
1714012 87.58596124859271
1715612 97.88341718546558
1717212 81.93088719075963
1718051 -68.15206991238955
1719651 88.40912518444502
1721251 91.44653729178484
1722851 97.39563345879141
1724451 103.00986792112414
1726051 97.35712675374624
1727651 103.45728054393038
1729251 98.35087747213014
1730851 102.58881562291559
1730966 -118.45835910490248
1732566 103.72198787070842
1734166 94.46091594009263
1735766 104.32457394009161
1737366 101.13705295469342
1738966 92.0322854654342
1740566 98.09269515802703
1742166 113.6668192577944
1743766 91.20392030411837
1745366 114.23135523797363
1745570 -94.33713507499762
1747170 108.61793130126114
1748770 101.1129759925158
1750370 109.60899909482242
1751970 105.88943850480385
1752097 -120.62290024419129
1753697 101.76605962375933
1755297 109.28378930071898
1756897 111.85090133838912
1758497 116.26208287792952
1760097 123.98442437164468
1761697 106.38497962037667
1763297 100.49619604461874
1764897 107.01228137498917
1766497 110.94263605217867
1768097 106.68965533213058
1769697 109.3685118732577
1771170 -2.445735733895944
1772770 102.37819107904178
1774370 106.20515306395954
1775118 -106.11549118582471
1776718 104.73275981164318
1778318 125.55637355661523
1779918 93.11357544306227
1781518 114.3468725676031
1783118 101.62891696200305
1784718 101.47755812907735
1784828 -93.30383035721941
1786428 107.93981471893797
1788028 116.00535533056495
1789628 99.34042258681924
1791228 95.51666400037321
1792828 92.15167694935376
1794428 111.14672661488247
1796028 101.69860745961243
1797628 99.01870839378361
1799228 107.51009513897714
1800828 122.98016088712129
1802428 105.71926813788768
1804028 110.36436182628279
1805628 95.41650941100637
1807228 113.82419635767383
1807276 -110.68344963505119
1808876 98.288359159724
1810476 108.08804827485558
1810523 -111.25584073835114
1812123 98.386145126273
1813723 127.81413055351467
1813773 -109.90097753677207
1813816 -108.08039249676156
1813980 -119.94669923325814
1815580 123.03351366943679
1817180 110.80340709582723
1817599 -86.36596198058066
1819199 128.66026707492014
1820799 86.96501496479858
1822399 106.95936455941631
1823999 90.88630528300263
1825599 100.35340076064152
1827199 97.3938158589862
1828799 85.92907002222867
1828851 -113.14790587150802
1830451 92.80897079233581
1832051 95.00819777244018
1833651 100.88674565121934
1835251 94.58391454253807
1836851 93.02336345579197
1838451 103.04177700598758
1840051 108.24627938222568
1841651 103.77308573808304
1843251 100.70854192183913
1844851 96.81788600811787
1846451 121.41434346028649
1847163 -60.825864852521605
1848763 132.27416929256418
1850363 118.04840317543317
1851963 99.50528234219335
1852001 -105.46783440054581
1853601 120.00718321146233
1855201 92.08945573691781
1855321 -118.57827606256012
1856921 113.59545243026437
1858521 95.94655655088567
1860121 101.1700458769665
1861721 112.11589500702314
1863321 121.00792315117475
1864921 97.30213761701862
1866521 111.90146355128995
1866622 -118.55553077094916
1866745 -118.24593250156722
1866797 -113.22808082530834
1868397 108.2441265646792
1869997 105.09529214672622
1871597 95.42288665541766
1873197 121.88650062429517
1874797 104.00816834806575
1876397 106.76403038362854
1877997 99.0091691934709
1879597 108.6050069849334
1881197 121.895753066096
1881327 -120.1881676067921
1882927 120.31854057729406
1884527 105.09265600604674
1886127 115.96458889520328
1887727 119.38496746432897
1887838 -118.37987697218544
1889438 96.65214109191103
1891038 99.66025594439209
1892638 132.72579893186804
1893766 -31.54158240159545
1895366 104.99670394696258
1895500 -119.6682979474541
1897100 95.3051724960977
1898700 135.28649592689968
1900300 107.35949123052765
1901900 117.41979750199079
1903500 86.4791294099198
1905100 100.0202926191474
1906700 123.18885405966122
1908300 121.69224638945937
1909900 98.01402141595321
1911500 125.74814251356267
1911684 -91.76943401654188
1913284 120.80361471563594
1914884 105.98921124858467
1916484 96.42671523479667
1918084 113.01824054308436
1919684 115.83234083214104
1920260 -66.5899960570658
1920396 -121.50431319409142
1921996 122.0137340614052
1923596 108.62961311086072
1925196 102.84081724818472
1926796 90.90248766928057
1928396 112.5188219710732
1929996 80.21679199910115
1931596 118.7820697516038
1933196 101.91506522348858
1934796 125.27236650550428
1936396 108.71109794537713
1937996 103.19769365497248
1939596 112.00181798873975
1941196 121.24756426142947
1942470 -63.837491608438405
1944070 130.4901575798722
1945670 120.65754092011412
1947270 122.71254423725618
1948870 123.03738691232252
1950470 103.8895866267934
1952070 116.72371839316826
1953670 128.68564194454387
1955270 114.49825480004982
1956870 126.13774228401915
1958470 118.3419081382819
1960070 121.62385470890943
1961192 -23.778465705688106
1962792 85.71481706828685
1964392 99.3499788390435
1964960 -52.973237776625254
1966560 90.61389548854311
1968160 124.2958123190246
1969760 84.74568154507064
1971360 118.67822569178648
1972960 127.00290849454271
1974560 122.14000342236083
1976160 103.15881664634867
1977760 113.49022661659203
1979360 107.37504832229459
1980960 109.60565349535658
1982560 113.6374583300954
1983984 -16.630763602738526
1985584 124.6413190730187
1987184 118.36634234503369
1988784 104.4016675844762
1990384 118.60680394360597
1991984 114.01851167266383
1993584 101.27639841699784
1995184 108.32463558391935
1996784 113.37301979523993
1998384 93.36823162784935
1999984 118.56851116436806
2001584 100.6212682312193
2001693 -118.9555818780049
2003293 81.57382791237103
2004893 101.27214944871953
2006493 101.70412798938202
2008093 127.80614114302561
2008205 -120.46804823571628
2009805 127.00318335715595
2011405 117.41231885250508
2013005 110.1991179681425
2014605 111.35513339997107
2016205 117.87735801243774
2017805 110.10166528564201
2017909 -118.06891220763015
2019509 90.19748707480512
2020598 -19.122037064050332
2022198 110.88936051628302
2023798 100.83820080219732
2025398 119.01414191004459
2025537 -121.64669324333158
2027137 110.51388549786115
2028737 97.17525928614674
2030337 112.66944016208573
2031937 121.4653869465726
2033537 110.35818954702853
2035137 138.11951708257178
2036737 109.00140108771343
2038337 112.6896628160697
2039324 -34.0829495048461
2040924 130.17129263454905
2041054 -120.52504039035117
2042654 126.84405384705924
2044254 134.40231960214493
2045854 116.67834206571452
2045961 -118.38438651665317
2046692 -50.77672685439898
2048292 110.14115832479538
2049892 70.84819739523431
2051492 104.63392063804783
2053092 103.35341571178755
2054692 121.00864457559177
2056292 122.56622651850701
2057892 115.58713932326002
2059492 108.5980910755869
2060359 -54.06304448175304
2060448 -117.52499095348455
2062048 115.8627602525956
2063648 136.24356232401422
2065248 111.59748464600591
2065292 -110.29713961725496
2066892 118.96147659886631
2068492 90.30702199391007
2070092 121.48532485691071
2071692 101.3727960096382
2073292 123.49293710072178
2074527 -27.54388570337572
2076127 122.19262200554095
2077727 125.80044990539626
2079327 112.73309357021206
2080927 101.51391519006373
2082527 106.2281778572761
2084127 94.25328922335315
2085727 123.00106882503015
2087327 120.49726814475399
2088722 7.0678201096597775
2090322 122.2421865846418
2091922 92.26049706543832
2093522 121.22917260540818
2095122 95.60285940626136
2096722 102.87986314859393
2098322 109.36095543590447
2099922 118.35817885532502
2099979 -117.14842011878733
2101579 129.91729228639915
2103179 126.22207372095012
2104779 138.7106799030037
2105872 -38.42676503243842
2107472 115.1661295983819
2109072 130.5503099271591
2110672 122.9061261191159
2112272 83.0949172388663
2113872 114.55894675460753
2115472 122.81864753282834
2117072 106.47856197692893
2118672 82.57051910919513
2120272 112.00426080635992
2121872 122.21561300430824
2123472 118.17850266176762
2123740 -93.27296754826605
2125340 118.41186279219362
2126940 107.97795544923522
2128540 111.73524725959096
2128628 -117.58311536454161
2130228 136.695108323898
2131828 111.07648790579209
2133428 122.1119189732466
2135028 116.28968230988531
2136628 133.1433050687852
2138228 99.2662918035236
2139828 102.79439962523892
2141428 109.44165879151818
2143028 126.03229095079836
2144628 102.66456757985507
2146228 114.6412535307198
2147828 121.4671531489047
2149428 114.72802970110929
2151028 116.18418305181903
2152628 135.9457985075589
2154228 120.9694047997275
2155828 108.51640100434807
2157428 118.24592988094196
2159028 126.32552661039092
2160628 117.85069484973384
2162228 114.74669108852935
2162282 -113.59564545875477
2162865 -66.20655147921784
2162907 -105.97377962114973
2164507 129.80184453058948
2166107 132.87990621293574
2167707 109.41516380950414
2169307 127.1244564936738
2170907 94.2472418729086
2170949 -107.16544640478429
2172549 102.15274397255472
2172603 -113.21354797509996
2174203 125.00417686644744
2175803 98.56193151778082
2177403 112.74989418440629
2177520 -118.78040151501554
2179120 105.58734392434552
2180720 109.34150608690268
2182320 104.1938052654422
2183920 117.1505259727285
2185520 110.05945426566961
2187120 115.47505172730125
2188720 99.9154737643745
2190320 122.33108211995491
2191920 110.13228755937153
2193520 110.3967438259751
2193671 -122.50696985636802
2195271 106.40700839282614
2196871 108.1539608158967
2198471 113.68135436970864
2200071 113.25966697856047
2201671 144.8668117216936
2203271 92.47468109646502
2204871 121.47864629826542
2206471 141.49574187155235
2208071 114.85706698104023
2209671 127.66318399923354
2211271 108.5348795707927
2212871 132.15324363575542
2214471 112.35767644761253
2216071 129.38586493050354
2217088 -29.08844197139176
2218688 109.9740855319726
2220288 115.09301885295572
2221888 130.66221503549139
2223488 118.31524651537195
2225088 117.92401196333095
2226688 140.46716001011
2228288 124.64072416422177
2229888 129.6836653937105
2231488 107.09019657016646
2233088 103.97909498180923
2234688 135.3651639355657
2236288 119.9297050691334
2237888 135.23127058275148
2239488 135.37828782408573
2241088 138.86485242908068
2242688 126.31771549301469
2244288 128.91142028327585
2245888 110.09688393050702
2247488 128.97005735945098
2249088 122.75771417728417
2249202 -93.85866106619174
2250802 119.73490969867797
2252402 106.95410906382777
2254002 134.38267636053382
2255602 129.28203628668712
2257202 116.48705692981196
2257251 -113.05591162405908
2258851 111.12263238151773
2260451 121.78232936280219
2260554 -118.12892346360006
2262154 122.21883027864746
2263754 114.83338055047264
2265354 114.64993311381916
2266954 126.47248729703261
2268554 101.86575413662999
2270154 120.7734567500468
2271754 124.19831461855756
2273354 109.94665937159387
2274954 127.17429919482126
2276554 113.25970528904236
2276606 -114.82253775362018
2278206 120.35208299153352
2279806 122.77095194038066
2281406 133.8176516826679
2283006 121.15100904394917
2284606 124.32263723779246
2286206 118.0045375412955
2287806 127.80389207968412
2289406 131.6007232334591
2289445 -107.62567081461444
2291045 124.61335830392406
2292645 117.3409150146491
2293325 -55.627291557340655
2294925 106.45158594019802
2296525 123.06376260148363
2296584 -114.37552829809798
2298184 120.88887132416104
2299784 130.82804761428721
2301384 139.71031300864556
2302984 117.43410349309168
2304584 129.83768204624022
2306184 109.45102968874737
2307784 126.40541636765556
2309384 133.82232960930054
2310984 119.84823820921238
2312584 124.79863095602902
2314184 118.6557271381335
2314270 -118.11760167971937
2315870 140.821114615783
2315943 -116.90247381354908
2317543 128.55293292653602
2319143 120.88773316380232
2320743 139.81961701943044
2322343 128.98079622828223
2323943 132.61136997685355
2325543 128.34741735756555
2327143 137.66377838702266
2328743 96.06394843397959
2328783 -109.08293121197882
2330383 114.16337856947057
2330439 -116.07345195820928
2332039 123.03989215373366
2333639 115.90009530683933
2335239 112.69478105720299
2336839 133.24155198307432
2338439 116.4028404605104
2340039 138.0382044916662
2341639 129.06374331185407
2343239 130.82307167657785
2344839 136.46482702589725
2346439 122.42157827002755
2348039 124.84732114937457
2349639 118.04205770705569
2351239 120.59531436052127
2352839 92.1209343327733
2354439 142.88979185424043
2356039 134.0131729225106
2357639 133.35547078106757
2359239 118.72663477445674
2360839 125.15494428324536
2362439 109.37153153090257
2364039 115.49148702467232
2365639 89.9182069727437
2367239 143.95093954281197
2368839 136.91096217210085
2370439 152.2945837433682
2372039 135.58128012212995
2373639 123.83506166227863
2375239 109.49764173111973
2376839 126.4358776142663
2378439 114.85853112706063
2380039 135.1079470303235
2381639 143.26605178466784
2383239 147.89855830750386
2384839 160.3980975798731
2386439 135.54315209887702
2388039 109.58882936947161
2389639 133.71068820380688
2389701 -116.01283109404861
2391301 139.92998161921358
2392901 136.2264482031835
2394501 105.95027170877039
2394579 -117.01080687089606
2396179 111.5665775394691
2397779 145.6352521716342
2399379 79.75809725769734
2400979 131.29027385528576
2401025 -111.9360310057383
2402625 58.62787926111903
2404225 145.73848533495345
2404274 -113.0177994656892
2404342 -117.42846967183675
2404465 -118.31437136125564
2406065 146.15606813661196
2407665 119.74857024464816
2409265 110.9519594564155
2410865 131.32954866286107
2412465 141.02438253351
2413043 -56.10905914262123
2414643 79.49119507679077
2416243 98.49196760560343
2417843 122.57906564752557
2419443 105.98853254936373
2421043 105.51462310267024
2422643 120.79809579937283
2422757 -117.84890426501732
2424357 119.84548453164687
2425957 85.9809842610807
2427557 108.49675338815868
2429157 132.69767126249582
2430757 113.90702167061961
2432357 138.70760176639305
2433957 88.31234957521536
2435557 117.01821561625408
2437157 123.97577172615154
2438757 115.60272254463524
2440357 107.16337600384682
2441957 93.28781037582266
2442003 -109.68193421432811
2443603 119.88732039336325
2445203 51.43730828925329
2446803 107.86352582398222
2448403 120.41304910170273
2450003 77.22993642705994
2451603 120.3383466274787
2453203 138.83041129220683
2454803 97.55854897440628
2456403 148.70846672149014
2458003 74.8695522488657
2459603 120.79985151528847
2461203 127.51341565793211
2462803 109.51067667722614
2464403 154.5945444645106
2466003 153.65117188624006
2467603 108.19272128796422
2469203 139.38512620028266
2470803 127.42133458395838
2472403 106.9741829646733
2474003 111.56034750987182
2475603 140.05515596449564
2477203 131.25773324404003
2478803 132.33087545704618
2480403 65.07442594095814
2482003 123.50245498057326
2483603 127.12811090800339
2485203 124.04136948610295
2486803 86.89785999075504
2488403 134.97552906171776
2490003 118.92882966043668
2491603 136.98226599651423
2493203 152.90504864151677
2494803 134.6674224420155
2494858 -114.08622146549044
2496458 138.64617292204386
2498058 121.11456213651573
2499658 125.9205464817467
2499699 -106.13833144965768
2501299 141.64024555339643
2501348 -112.54330703611237
2502948 148.58039346526863
2504548 96.93744686351943
2506148 108.0643042697468
2507748 9.080290011350026
2509348 78.24349495087438
2510948 148.6057970052725
2512548 140.33695754216387
2514148 136.6266553355731
2515748 134.75617933845243
2517348 130.87427115540322
2518948 105.66758303460827
2519913 -22.579993632633204
2521513 118.5947261482231
2521632 -119.5588348924863
2523232 129.952250621638
2524832 109.35797121455457
2526432 64.20656167234289
2528032 151.1835867654414
2529632 141.44117555349925
2531232 137.16336341983882
2532832 142.25982652572253
2534432 144.09946192055503
2536032 158.90849547184126
2537632 141.30430010246675
2539232 128.14381074045428
2540832 127.04868724845421
2542432 128.07072885315975
2544032 142.8665422910339
2545632 148.79361994265892
2547232 168.62027650256303
2548832 74.24366167829731
2550432 79.54392212639691
2552032 137.51016087684835
2552103 -114.45238713937485
2552145 -106.12441849340809
2553745 146.95707967808758
2555345 138.4322534660473
2556945 111.08863101886492
2558545 89.01217705099347
2558590 -109.82037076696008
2560190 117.31645566669773
2561790 134.34044537649584
2563390 140.78179289653622
2564990 168.8403119663837
2566590 127.29967816573215
2568190 76.30364146252779
2569790 149.07491137407084
2571390 133.70866501404055
2572990 152.00700713843398
2574590 141.92423113260324
2576190 141.01317558269713
2577790 128.35898661970865
2579390 138.14316836619716
2580990 95.677659637453
2582590 115.85776634745828
2584190 137.279573230207
2585790 148.93098613743047
2587390 125.68184323247668
2588990 144.15030574572583
2590590 132.963291719407
2592190 117.60403090301836
2592307 -94.80921254115675
2593907 155.14347502452907
2595507 157.58334948396154
2597107 147.12259478953015
2598707 140.9756177808129
2600307 182.2872773089955
2601907 177.6500703561173
2603507 126.51158637446838
2605107 166.5497629536241
2606707 80.24034154066386
2608307 163.0907817252782
2609907 167.29201769391898
2611507 146.15355575236933
2613107 156.89457960322508
2613157 -111.82662809031706
2614757 103.84650497501433
2616357 28.577091746334986
2617957 160.8223440018072
2619557 166.87433600750927
2621157 157.96341843073714
2621279 -118.21962381806163
2622879 165.11871921252387
2624479 169.84162213156824
2626079 148.00595083510805
2627679 144.48062564843266
2629279 160.34995573387567
2630879 114.85905726430825
2632479 145.2667254451823
2634012 44.160894039892895
2635612 142.37597175362254
2637212 153.11157068610487
2638812 124.2999602828103
2640412 9.382564944249236
2642012 47.44133499387456
2643612 100.68003086088909
2645212 30.27469179295643
2646812 62.31649181970027
2648412 170.99754565949982
2650012 135.6026904976961
2651507 53.88704114121762
2653107 80.79073632690367
2654707 114.3934818166814
2656307 38.153323054508206
2657907 85.65430432150781
2659507 157.24169318160662
2661107 26.984040702826334
2662707 194.07278560350022
2664307 44.4935900241444
2665907 162.0137193795289
2667507 85.14571560361296
2669107 127.39870120365818
2670707 172.91159016683758
2672307 185.0542562467286
2673907 166.58332555674284
2675507 131.3959538461475
2677107 78.83071525218337
2678707 165.22839852609883
2678761 -112.11871862189037
2680361 120.5455289688409
2681961 180.12895069580142
2683561 163.55251180061208
2685161 169.8165057633973
2686761 166.2676145342073
2688361 187.69262668499965
2688410 -112.26784049168168
2690010 164.16279928236045
2691610 163.08125538141127
2693210 154.16364439963613
2694810 175.10875975475585
2696410 139.71644785790969
2696476 -112.41583910362299
2698076 193.70631066182005
2699676 129.21685354162412
2701276 197.29403063109348
2701337 -117.68524990862596
2702937 103.11190348603846
2704537 194.34232540637888
2706137 171.50677305948682
2707737 117.94106159868336
2709337 58.93236139140572
2710937 158.11075566406404
2712537 128.05513661074997
2714137 86.21900350105224
2715737 149.71248462414556
2717337 176.92887411475266
2718937 172.46868611909136
2720537 180.19625904121548
2722137 60.13911304923119
2723737 156.27073257363654
2724689 -15.983185617054502
2726289 135.28156093094734
2727889 146.98901142354913
2729489 183.6417670199065
2731089 159.03188731813466
2732689 63.98366494240562
2734289 194.6404624363093
2735705 33.06419010973735
2735800 -117.86304735406861
2737400 204.52771647914406
2739000 187.04926406305327
2740430 49.693531898093596
2740480 -109.29371832822636
2742080 169.61460635435265
2743680 147.42223871484754
2745280 174.8510147875713
2746880 188.48279024967877
2747185 -82.47640270611925
2748785 113.07662981304588
2750385 112.03024957171367
2751635 31.88236192634787
2753235 177.12135984977502
2754835 163.59700318454557
2754928 -117.83576588922492
2756528 132.9789480006364
2758128 166.36185898773886
2759728 168.13001199774035
2761328 147.20634802030256
2762928 93.25187290161719
2764528 159.42282593223132
2766128 160.07104817421427
2767728 163.7643448641982
2769328 158.32257688438852
2770928 175.45806126343777
2771053 -118.64517714298657
2772653 136.93650495895392
2774253 145.10248283074841
2775853 190.89592263333702
2777453 184.28711746166587
2779053 100.65631563053134
2780653 139.6955747126582
2782253 150.1265536387151
2783853 35.87323647091367
2784529 -33.65107037107988
2786129 146.5880391398381
2787729 126.30678517270279
2787782 -113.5105406021929
2789382 169.02107572804834
2789420 -105.52066092052186
2789459 -106.00756649398555
2789499 -105.60928758974498
2789539 -106.63275820521328
2791139 145.23946421069246
2792739 122.20247976615245
2792788 -111.18973141961669
2794388 125.93468463293611
2795988 144.74732050917808
2797588 158.36598885386448
2799188 34.153925960015506
2800788 178.6847113045593
2802388 72.3776644953583
2802427 -106.03937111161339
2804027 121.99029713900828
2805627 85.83604423495503
2807227 167.2823531148952
2808827 14.16088694161919
2810427 60.98253123674325
2812027 184.12345221872602
2813627 153.41750532122205
2815227 178.00263394566434
2816827 69.67718258380373
2818427 174.56095977584013
2820027 117.98110285147803
2821627 133.23621914522994
2823227 181.46037052113803
2824827 81.54735890449533
2826427 67.34834063810109
2828027 188.86530380685912
2829627 183.35010316849696
2831227 186.32208889709827
2832827 169.9550247311049
2834427 178.49035515115258
2836027 121.91695374939444
2836775 -35.09593205138792
2838375 103.22810938142112
2839975 96.46081188709604
2841575 163.28486606068165
2843175 129.4813645668098
2844775 135.34662754784247
2846375 105.82015382062383
2847975 180.12560285570194
2849575 172.97184437688492
2851175 128.54556805493806
2852775 186.57971052300277
2854375 92.08740400991233
2855975 86.93361421368499
2857575 140.61039807363903
2859175 188.54899040331225
2860775 172.54305104241556
2862375 163.83978039779043
2863975 180.08970610324863
2864044 -114.93600653138819
2865644 172.81699552193
2867244 175.40453764867252
2867404 -96.57772894855333
2869004 148.94736173942167
2870604 184.80556772098035
2870695 -118.18977214087344
2870761 -111.59759833187051
2872361 150.1182159799871
2873961 155.7649195748575
2875561 167.37216951920774
2877122 60.972264453475816
2878722 72.97728314430641
2879286 -31.35314824454136
2880886 135.35383826612167
2882486 140.50541862057955
2884086 173.4029211998807
2885686 189.62376197195522
2887286 169.0324483401932
2888886 70.46458535913183
2890486 202.06916806722236
2892086 164.40696231996802
2893686 110.64848826449015
2894548 -4.960014139753014
2896148 147.56197094006743
2897748 187.0248679399407
2899348 173.8044345237586
2900948 185.3940238153959
2902548 172.24091244972627
2902714 -91.67158108246574
2904314 161.70546365490773
2905914 129.15935041095932
2907514 155.78873115269533
2909114 130.3416157751146
2910714 143.1204400676437
2912314 157.3732461373447
2913914 168.15374548817735
2914016 -118.71545392378171
2915616 173.0170835761082
2917216 183.71696546518842
2918816 166.04007918913896
2920416 189.07970091117292
2922016 148.5124391953376
2923616 187.29954350137257
2925216 55.50793294002059
2926816 147.28891723142334
2928416 158.79373425503252
2930016 156.48386313373987
2931616 183.58853749017362
2933216 182.86516122156755
2934816 185.37828433108
2936416 188.7334761048435
2938016 190.54436748597433
2939616 196.45248778399704
2941216 159.72367720826153
2942816 146.9250281000504
2944416 195.81880000035207
2946016 168.13377317500127
2947616 169.6918700583629
2949216 175.76619901189412
2950816 200.21349052439896
2952416 134.1955670271922
2954016 176.416396555766
2955616 179.4420816661051
2957216 165.1018403506043
2958816 86.85959579852513
2960416 152.12365960878427
2962016 187.6191421137619
2962742 -38.62604724971988
2964342 141.8886073019168
2965942 156.41367127670037
2967542 134.63255522326838
2967600 -111.627482274071
2969200 219.11091160157588
2970800 131.9545978690619
2970848 -109.0177324794121
2972448 156.8874969538327
2972501 -110.31347562766138
2974101 157.2325764484256
2975701 170.04919638559895
2977301 210.02729030169385
2978901 180.05541627696812
2980501 159.47067402348168
2982101 174.48351835144234
2983701 202.00811654000643
2985301 160.2110835975429
2985347 -108.29800062808984
2986947 166.06259101390737
2988547 197.26103155598705
2988831 -95.95085609012966
2990431 106.73831770036162
2991756 31.810790499646117
2993356 208.0419673492064
2994956 133.40551921097494
2996556 118.10454348733691
2998156 169.12788190447256
2999756 185.93312517070075
3001356 194.36068030111267
