# update.txt contains iter and entropy
0 4.2568155996140185
1 4.069755988531941
2 3.8685928754147234
3 3.669347511940831
4 3.4765981904801073
5 3.288564073258275
6 3.1141961089905443
7 2.9962147943314257
8 2.8355600110825243
9 2.655442165547246
10 2.4750446550186815
11 2.298199104481572
12 2.163669990712041
13 2.068102764302129
14 2.0933095685776415
15 2.10763471048438
16 2.1171578637894335
17 2.115030216389531
18 2.1101736299332323
19 2.1080238096054735
20 2.104921745472783
21 2.0994712583359423
22 2.0962578527268114
23 2.091714309864873
24 2.087425398045415
25 2.0834080449875536
26 2.080485986882085
27 2.0764126054581347
28 2.0734140149887743
29 2.0685252420242968
30 2.0646578542526903
31 2.062136339360112
32 2.058006929570073
33 2.053776430302495
34 2.05035178583228
35 2.0459434263046923
36 2.042680191212529
37 2.038430856877202
38 2.0360650293167772
39 2.030930446797246
40 2.0289415590103808
41 2.023716139012212
42 2.0208913556870165
43 2.0159079305466356
44 2.014061140232915
45 2.0091094247635546
46 2.0077969304856005
47 2.0028173200424852
48 1.999004530125493
49 2.0174142591293993
50 1.9900211564835253
51 1.9891101590927782
52 1.9821578733261767
53 1.9800063840683642
54 1.974658178501958
55 1.971280264073247
56 1.9682313672836962
57 1.9636599294480028
58 1.960162328892583
59 1.95671861093604
60 1.953998016529912
61 1.9487706891831102
62 1.9468483201798144
63 1.940908121281499
64 1.9372188321884813
65 1.9335874788101854
66 1.9300009481247606
67 1.9270822278793993
68 1.925827669316167
69 1.9273251764115038
70 1.9195846788223925
71 1.9137253038223925
72 1.9095603696640673
73 1.9269353620346727
74 1.9019130937393847
75 1.8974634877976122
76 1.894552158528203
77 1.8884078733261767
78 1.885697054081792
79 1.8809077016647997
80 1.8782831899460497
81 1.8734416238602343
82 1.8700467817124071
83 1.8659083120163622
84 1.8631381265457811
85 1.8584081403549852
86 1.8563029043015185
87 1.8518318406876269
88 1.8480719796951952
89 1.8434080354508104
90 1.839657949620122
91 1.8359078637894335
92 1.8338381521042528
93 1.8284079305466356
94 1.8276898137863817
95 1.8209077588852587
96 1.8174580804642382
97 1.815295862370366
98 1.8108231298264208
99 1.8071560136612597
100 1.8029958478745165
101 1.855254816227788
102 1.7954046003159227
103 1.8434380761917772
104 1.7871579400833788
105 1.7836829892929735
106 1.779904770069951
107 1.7782136670883837
108 1.7728630773361864
109 1.7701865903671923
110 1.7678343526657763
111 1.7621685735520067
112 1.7599503270920458
113 1.7558995954331102
114 1.751238989048833
115 1.7464281789597216
116 1.7421581022080126
117 1.7404300443466845
118 1.735397981816167
119 1.731367515736455
120 1.7273806802567186
121 1.7257489435013476
122 1.7207485906418505
123 1.7159079782303515
124 1.7127572767075243
125 1.7097465268906298
126 1.7066926233109179
127 1.7009078733261767
128 1.6999339334305468
129 1.7916967145737352
130 1.6896578542526903
131 1.6863981954392138
132 1.6821581594284716
133 1.679832863026494
134 1.716355013066167
135 1.6735641233261767
136 1.6681944600876513
137 1.6634079686936083
138 1.6605259649094286
139 1.6559080354508104
140 1.6531330816086474
141 1.6492592565354052
142 1.644986318760747
143 1.6409081689652147
144 1.6378533117111864
145 1.633593963795537
146 1.6296581498917284
147 1.62590806406104
148 1.6234108678635302
149 1.6184083692368212
150 1.6150266401108446
151 1.6109081975754442
152 1.6079365484055224
153 1.6047248117264452
154 1.6009675733383837
155 1.5963138810929003
156 1.5922972432907763
157 1.5896937124069872
158 1.5865003339585009
159 1.5809079877670946
160 1.5796503297623339
161 1.5734073392685595
162 1.5696579686936083
163 1.5670625440415087
164 1.563987898045415
165 1.5597395173844042
166 1.5567991010483446
167 1.5539623967941942
168 1.5471579305466356
169 1.546090530567998
170 1.540515112095708
171 1.5384418241318407
172 1.5343047849472704
173 1.5310272447403612
174 1.525477098637456
175 1.5221847764786425
176 1.519948648625249
177 1.5146581403549852
178 1.5109254590805712
179 1.5060998670395556
180 1.5033814184006395
181 1.4993802778061571
182 1.5268050901230517
183 1.4987475148972216
184 1.4959065191086474
185 1.4873925916489306
186 1.4847823850449267
187 1.4768149129685106
188 1.5617827646073046
189 1.4684077970322313
190 1.4646577112015429
191 1.4612597696121874
192 1.4578592054184618
193 1.4544011823471727
194 1.4516917936142626
195 1.446913408451909
196 1.4448200933273974
197 1.43840806406104
198 1.435185121708745
199 1.4331299535568895
200 1.4285499326523485
201 1.4252382985886278
202 1.4226834050949755
203 1.4175848237808886
204 1.4534188978012743
205 1.4947535268601122
206 1.45407287996375
207 1.4158312551315966
208 1.4894389383133593
209 1.3934079877670946
210 1.390720771962041
211 1.3873254529770556
212 1.3835856191452685
213 1.3809372655686083
214 1.3746577970322313
215 1.3725647203262987
216 1.3682023755844774
217 1.3644487134751024
218 1.3609391919907274
219 1.3572787515457811
220 1.413231300526494
221 1.3834089509781542
222 1.3539911977585497
223 1.3409082166489306
224 1.338855432682866
225 1.3627139798935595
226 1.3371216527756395
227 1.359581159764165
228 1.3502229921158495
229 1.3248731366928759
230 1.3154074422653856
231 1.3123533002670946
232 1.3083771936234179
233 1.303982900791997
234 1.301290439778203
235 1.2973868123825731
236 1.2936014406021776
237 1.2910205594834032
238 1.287010358982915
239 1.2836481801804247
240 1.278505729847783
241 1.2751921884354296
242 1.273671793156499
243 1.2659076921280565
244 1.2634643785294237
245 1.2584079973038378
246 1.256180690937871
247 1.25090806406104
248 1.2490071527298632
249 1.2448693982895556
250 1.2402118913468065
251 1.2743355504807177
252 1.2332932225998583
253 1.2847296468552294
254 1.2571474782761278
255 1.2247509233292284
256 1.2171577684220019
257 1.2580262891586962
258 1.2242225877579394
259 1.2120515577133837
260 1.2339910737808886
261 1.2027153245743456
262 1.196922468357915
263 1.1915926210220995
264 1.1885971299942675
265 1.183407949620122
266 1.1809334031876269
267 1.1764847509201708
268 1.1736764184769335
269 1.1698590986069384
270 1.16604797762
271 1.1634454004105272
272 1.183870481663579
273 1.1978718511398974
274 1.1679579488571825
275 1.1459080449875536
276 1.1422592870529833
277 1.1991311780747118
278 1.2459704152878466
279 1.1527466050919237
280 1.1341563932236376
281 1.1276010743912401
282 1.1211148969467821
283 1.1164554826554003
284 1.1144136659439745
285 1.1100966207321825
286 1.1071616880234423
287 1.1038929693039599
288 1.0989503137406054
289 1.0934077970322313
290 1.090852903538579
291 1.0875407926377
292 1.083895134144658
293 1.0808560125168505
294 1.075784134083623
295 1.071253465824956
296 1.0671579114731493
297 1.121084140950078
298 1.0663656465347948
299 1.0606033078964892
300 1.0554246179398241
301 1.0509034864243212
302 1.0473851434525194
303 1.043320821934575
304 1.0381314031418505
305 1.0358082525070849
306 1.1205898992356005
307 1.0362669698532763
308 1.0258077852066698
309 1.018857406788701
310 1.0151664487656298
311 1.0109082929428759
312 1.0088807813461962
313 1.0045518152054491
314 1.0979716054733935
315 0.9966627828415575
316 0.9921581022080126
317 0.990217613392705
318 0.9867851011093798
319 1.0540403596695604
320 0.9829622976120653
321 0.9734079114731493
322 0.9703809491928759
323 0.9686750642594042
324 0.962157892399663
325 0.9720446340378466
326 0.958949016743535
327 0.9544212095078173
328 0.949021267109746
329 0.9454786054428759
330 0.9409140817459765
331 0.935908006840581
332 0.9321867696579638
333 0.9307162038620653
334 0.9253956548508349
335 0.9216679803665819
336 0.9173666707810106
337 0.9141506425675097
338 0.9107636682327929
339 0.9073192350205126
340 0.902157949620122
341 0.8987123243149462
342 0.8960372678574267
343 0.8933941594895067
344 0.8895529977616015
345 0.8869530431564989
346 0.8840207330521288
347 0.8787338010605517
348 0.8756672612961474
349 0.8691822759445849
350 0.9422218076523485
351 1.0446559659775438
352 1.0259880296524706
353 0.8555497400101366
354 0.8502084485825243
355 0.8475939504440966
356 0.8442064992722216
357 0.8384486905869188
358 0.8373164407547655
359 0.8312525026138964
360 0.8658975831803026
361 0.828812526875371
362 0.8202225438889208
363 0.8162209264572802
364 0.8122059575852099
365 0.8084835283096972
366 0.806785988026494
367 0.80378572862708
368 0.7972909681137743
369 0.7934328786667528
370 0.7897071115311327
371 0.7889904252823534
372 0.7821580640610399
373 0.7816144697006884
374 0.7769123784836474
375 0.7718297712143602
376 0.7677218190964403
377 0.7656399480637255
378 0.760657476597661
379 0.7563292257126513
380 0.7532741300400438
381 0.7494546644028368
382 0.7456413976486864
383 0.742715524845952
384 0.7408391706284227
385 0.733567165547246
386 0.7310539953049364
387 0.7281927339371386
388 0.7229842416580858
389 0.7184082738693895
390 0.7162224523361864
391 0.7133900396164599
392 0.7085117570694628
393 0.7043349019821825
394 0.7021190397080126
395 0.6986991636093798
396 0.6961771718796435
397 0.6884414426621142
398 0.6846582166489306
399 0.6811835042771044
400 0.7492400876816454
401 0.6798488370712938
402 0.6701573602493944
403 0.6672472230728808
404 0.6641484968002977
405 0.7129251233872118
406 0.6707684270676317
407 0.6528052560623827
408 0.648493456059331
409 0.6441427938278856
410 0.6410392991837206
411 0.6395642034348192
412 0.6343352071579638
413 0.6299087278183642
414 0.6261555425461474
415 0.6215249769028368
416 0.6195420495804491
417 0.6171271077927294
418 0.6113540403183642
419 0.6069363824661913
420 0.6021579973038378
421 0.5985600225266161
422 0.5965768567856493
423 0.5940462819870653
424 0.5890928975876513
425 0.5854493848618212
426 0.5811452142533007
427 0.5759083501633349
428 0.5735012761887255
429 0.5699393026169481
430 0.567779230290288
431 0.5633899442490282
432 0.5604206792648974
433 0.553407835179204
434 0.5497218839462938
435 0.5459081403549852
436 0.5434180967148485
437 0.5406183473404589
438 0.5368811361130419
439 0.5658656827744188
440 0.6307741872605028
441 0.6640631429489794
442 0.5940415136154833
443 0.5190393201645556
444 0.5121578447159472
445 0.5098783246811571
446 0.5056998006638231
447 0.5033017865952196
448 0.49762885492407705
449 0.5392126313980761
450 0.49555318277441884
451 0.48687260072791005
452 0.4906470052536669
453 0.48352782648169423
454 0.47591845911108877
455 0.4718634359177294
456 0.46978156488501455
457 0.4655515424545946
458 0.4609565011795702
459 0.45850436609351064
460 0.4945060483750048
461 0.44840781610571767
462 0.4458674661453905
463 0.44266717355811025
464 0.4550837747391405
465 0.46566288393103505
466 0.4398829213913622
467 0.42921082895361806
468 0.42522327821814443
469 0.42265050333105947
470 0.41828219812476064
471 0.4109079114731493
472 0.4080185167130175
473 0.40557401102148916
474 0.4823662511643114
475 0.5242063276108446
476 0.5037857763107958
477 0.39814107339941884
478 0.3874394170578661
479 0.3827242128189745
480 0.3793522588547411
481 0.3744048349198046
482 0.3721753827866259
483 0.3659080735977831
484 0.3626438848313036
485 0.36162583749853994
486 0.35734193246924306
487 0.3531095258530321
488 0.38802258890234853
489 0.3583056203659716
490 0.340362238102788
491 0.3566614858444872
492 0.332157777958745
493 0.3301877252396288
494 0.42777674120032216
495 0.3454941980179491
496 0.3249570600327196
497 0.36886231821143056
498 0.31776111047827627
499 0.30716650407874013
500 0.3039116136368456
501 0.3007694951828661
502 0.29755942743384267
503 0.29375808160864736
504 0.28733055513464834
505 0.28340809267126943
506 0.2814077607926073
507 0.2777694932755175
508 0.27282469194495107
509 0.27127520959937
510 0.2664014570053759
511 0.26212327402197744
512 0.25954763811194326
513 0.25399272363745595
514 0.34012787263953115
515 0.41990344446265127
516 0.47480432909094716
517 0.43105666559302236
518 0.2959148160752001
519 0.23090760629736806
520 0.22822444360815908
521 0.30518309991919423
522 0.25308005731665517
523 0.23076884668433095
524 0.21357314508520986
525 0.2116715184982958
526 0.2063462011154833
527 0.20220248621069814
528 0.2000281087692919
529 0.19628493707739736
530 0.19231860559546377
531 0.18763225000464345
532 0.18443982523047353
533 0.17899672906958486
534 0.21710030954443837
535 0.24754302423560048
536 0.17806785028540517
537 0.16658465784155752
538 0.16360919397437002
539 0.15843884866797353
540 0.15250365655981923
541 0.15135924738013173
542 0.19597928445898916
543 0.14522330682837392
544 0.13715808313452627
545 0.13598363321387197
546 0.1312119237717333
547 0.12930171411597158
548 0.1248332731064501
549 0.1209284536179247
550 0.11646335046851064
551 0.11227147501074697
552 0.10974900644385244
553 0.10467498224341298
554 0.1010448209580126
555 0.09743516367041494
556 0.09487502496802236
557 0.09030978601538564
558 0.08763091486060048
559 0.08245341699683095
560 0.07917516153418447
561 0.07553880136572744
562 0.07327668588721181
563 0.06897799890601064
564 0.062158273869389546
565 0.059511350804204
566 0.05750338953101064
567 0.05338923853003408
568 0.04962031763159658
569 0.04353873651587392
570 0.03994004648291494
571 0.03855674188696767
572 0.05773417871558095
573 0.03392856042944814
574 0.027189420872563375
575 0.09226338785254384
576 0.09451072137915517
577 0.049203561955327046
578 0.024866747074955953
579 0.043313669377202046
580 0.016646074467534078
581 0.0032970182236375933
582 -0.0018323190871534223
583 -0.007292581385737407
584 -0.011531186885004985
585 -0.012858701533442485
586 -0.016387773341303813
587 -0.021452260798579204
588 -0.027760816401606547
589 -0.03159220296776866
590 -0.034536672419672954
591 -0.036982847041254985
592 -0.04259474355614756
593 -0.045654607600337016
594 -0.050341916865473735
595 -0.051842046565180766
596 -0.05598051626122569
597 -0.05835230428612803
598 -0.06288464147484873
599 -0.06731684286034678
600 -0.07256157476342295
601 -0.07574398595727061
602 -0.0772994287673292
603 -0.08031685430443858
604 -0.08546526510155772
605 -0.0903304346267042
606 -0.09520943242943858
607 -0.0989807375136671
608 -0.102842164820796
609 -0.07177860814965342
610 -0.11034185964501475
611 -0.11232168752587413
612 -0.11428196508324717
613 -0.11893208105004405
614 -0.12305529195702647
615 -0.1267693765822706
616 -0.13269360143578623
617 -0.1064275034133253
618 -0.11560137349999522
619 -0.09093172628319834
620 -0.1434920557204542
621 -0.14796669561303233
622 -0.15450079519188975
623 -0.15565903264916514
624 -0.15823824483788584
625 -0.16327889043725108
626 -0.16812594015038584
627 -0.17138798314965342
628 -0.17486746389306163
629 -0.1777776010695753
630 -0.18297512609398936
631 -0.18709118444359873
632 -0.19074184972680186
633 -0.19633896428979014
634 -0.14576942998803233
635 -0.18152840215600108
636 -0.20519478399193858
637 -0.2094100244704542
638 -0.2114394434157667
639 -0.2180603273574171
640 -0.22077114660180186
641 -0.22038824636376475
642 -0.22606642324364756
643 -0.2313054331008253
644 -0.23505528051293467
645 -0.2402947672072706
646 -0.24090845662987803
647 -0.24738056737816905
648 -0.25047524053490733
649 -0.2548168428603468
650 -0.2337029703322706
651 -0.22269375402367686
652 -0.1703484781447706
653 -0.2489307649794874
654 -0.26871330816186045
655 -0.276792360133296
656 -0.2809565790358839
657 -0.2835224397841749
658 -0.24458916265404795
659 -0.2649396188918409
660 -0.28361971456444834
661 -0.2926643617812452
662 -0.3007033594313917
663 -0.3057554491225538
664 -0.274808717555171
665 -0.2988432176772413
666 -0.2776168115798292
667 -0.3061025865737257
668 -0.3200166948500929
669 -0.26941568929589366
670 -0.3307336099807081
671 -0.3361662157241163
672 -0.34088976461327647
673 -0.342923951930171
674 -0.34726173955834483
675 -0.3540285356704054
676 -0.3562873132888136
677 -0.3595221765700636
678 -0.3024237878981886
679 -0.3644955881301222
680 -0.369718385523921
681 -0.37393887121117686
682 -0.3802893884841261
683 -0.2927392252150831
684 -0.38336784917748545
685 -0.3895099886122999
686 -0.39469130117333506
687 -0.3957675226393995
688 -0.40030748922265147
689 -0.40576775152123545
690 -0.40727455694115733
691 -0.4118779428664503
692 -0.4162076242629347
693 -0.41894943792260264
694 -0.42393953878319834
695 -0.4250763185683546
696 -0.428769899195796
697 -0.38387615758813
698 -0.43033535558617686
699 -0.44069750387108897
700 -0.44618733007348155
701 -0.4507878549758253
702 -0.4522870310012159
703 -0.4572842844191847
704 -0.3742163904372511
705 -0.39436848241723155
706 -0.39732868749535655
707 -0.46517117101586436
708 -0.3861020334426222
709 -0.4090512521926222
710 -0.33307678777611827
711 -0.42035133916771983
712 -0.4896534212294874
713 -0.4945190675917921
714 -0.4669898279372511
715 -0.47017557699120616
716 -0.45723660070336436
717 -0.49499971944726084
718 -0.5093663461867628
719 -0.42796976644433116
720 -0.4146536119643507
721 -0.4788668878737745
722 -0.4430707224074659
723 -0.4271491296950636
724 -0.4250038393203077
725 -0.45577128011620616
726 -0.3940242059890089
727 -0.3787997492018995
728 -0.3960083254042921
729 -0.4833820589247999
730 -0.5396679170790968
731 -0.5524776704970655
732 -0.5600360162917433
733 -0.5676801927748976
734 -0.5704973467055616
735 -0.5771830805007276
736 -0.5792086847487745
737 -0.5553162820998487
738 -0.5903418787185011
739 -0.5924857385817823
740 -0.5951612718764601
741 -0.5679801233474073
742 -0.585294557398921
743 -0.5402014978591261
744 -0.6128414400283155
745 -0.6137936838332472
746 -0.6182330377761183
747 -0.622225595301753
748 -0.6249612100783644
749 -0.6302874811354933
750 -0.6326325662795362
751 -0.6390918024245558
752 -0.6404054887954054
753 -0.6048110254470167
754 -0.643033815211421
755 -0.6512788065139112
756 -0.6537044771376905
757 -0.6584294565383253
758 -0.6613047846022901
759 -0.6656597383681593
760 -0.6424673326674757
761 -0.581271005458003
762 -0.5626118906203565
763 -0.6338885553542433
764 -0.6839993723098097
765 -0.6875756509963331
766 -0.6894171961013136
767 -0.6941774614516554
768 -0.6980021722976026
769 -0.7014477976027784
770 -0.6206072099868116
771 -0.5998709924880323
772 -0.6748507745925245
773 -0.6125567682448683
774 -0.5806782968703565
775 -0.5248058565322218
776 -0.5352519281569776
777 -0.6127856500808058
778 -0.7121752031508741
779 -0.7440913446608839
780 -0.7462609537307081
781 -0.6934054620925245
782 -0.7116802461806593
783 -0.7196620233718214
784 -0.7410381563369093
785 -0.735349489039546
786 -0.7584155328933058
787 -0.7709754236403761
788 -0.7748521097365675
789 -0.7793648966018019
790 -0.78090984899438
791 -0.7877138384047804
792 -0.7928417452040968
793 -0.7940085657302198
794 -0.7720235117141065
795 -0.7100613840285597
796 -0.7570250757399855
797 -0.8115914591018019
798 -0.8137543924514112
799 -0.8173182733718214
800 -0.7979148157302198
801 -0.8265918024245558
802 -0.828644109553462
803 -0.8314584024611769
804 -0.8347566850844679
805 -0.8378475435439405
806 -0.8424447305861769
807 -0.8464444406691847
808 -0.848907781428462
809 -0.8512075670424757
810 -0.8547781236831007
811 -0.8589552171889601
812 -0.8663905389968214
813 -0.8698552377883253
814 -0.8753417261306105
815 -0.8777464159194288
816 -0.8787849672499952
817 -0.8821376093093214
818 -0.8858721979323683
819 -0.8887089021865187
820 -0.8953569658461866
821 -0.859708619898921
822 -0.8903444536391554
823 -0.9033382662001905
824 -0.9093187578383741
825 -0.9124525316420851
826 -0.9159186609450636
827 -0.9240921266738233
828 -0.9240539797011671
829 -0.925809694117671
830 -0.9335416086379347
831 -0.9379165895644483
832 -0.9392669923964796
833 -0.9411662347976026
834 -0.9454119928542433
835 -0.9517534502211866
836 -0.9535797365371046
837 -0.9560192354384718
838 -0.9611833818618116
839 -0.9690922029677687
840 -0.9692705400649366
841 -0.9733718164626417
842 -0.9786985643569288
843 -0.9809211023513136
844 -0.9837325342360792
845 -0.987020803279048
846 -0.9925339945021925
847 -0.9931815393630323
848 -0.9958117731276808
849 -1.0026119478408155
850 -0.9154961832228956
851 -0.9232357271376905
852 -0.9237364061538038
853 -0.9313109644118605
854 -0.9778846033278761
855 -0.9311264284316358
856 -0.9285557993117628
857 -0.9515631921950636
858 -0.9363892801467237
859 -1.003237558192378
860 -0.9968541391555128
861 -1.028170419520503
862 -1.0553420313063917
863 -1.056014371699458
864 -1.059157682246333
865 -1.0641244180861769
866 -1.0552428491774855
867 -1.0694669016066847
868 -1.07186443883813
869 -1.0499938257399855
870 -1.0727780588332472
871 -1.0412948854628858
872 -1.0395258196059523
873 -1.0965922601882276
874 -1.0829041727248487
875 -1.0963109262648878
876 -1.1021860368911085
877 -1.1115921266738233
878 -1.112349820918208
879 -1.1152904756728468
880 -1.1201771028701124
881 -1.1235950716201124
882 -1.0963762529555616
883 -1.0706008203688917
884 -1.0642169244948683
885 -1.1056960352126417
886 -1.137078119105464
887 -1.0980385072890577
888 -1.1215694673720655
889 -1.0925706155959425
890 -1.0673468836013136
891 -1.1408327348891554
892 -1.0947497614089308
893 -1.0731662042800245
894 -1.140695882624751
895 -1.0922864206496534
896 -1.1462481744948683
897 -1.1783040292922315
898 -1.1624859102431593
899 -1.1781800516310987
900 -1.190282178706294
901 -1.1954668291274366
902 -1.1988051660720167
903 -1.2064712770644483
904 -1.2095688112441358
905 -1.2144177683059034
906 -1.2202380426589308
907 -1.2201250322524366
908 -1.2247184045974073
909 -1.229386640376216
910 -1.2316807039443312
911 -1.23726971227563
912 -1.239189935511714
913 -1.2422483690444288
914 -1.2473634012404737
915 -1.2509001024428663
916 -1.2107651956740675
917 -1.2289579637709913
918 -1.2523673303786573
919 -1.2631810434523878
920 -1.2703269251052198
921 -1.2735369928542433
922 -1.274759603327876
923 -1.2798798807326612
924 -1.2830270059768019
925 -1.2860215433303175
926 -1.2929929025832472
927 -1.2958267458144483
928 -1.298149896449214
929 -1.3013718851271925
