# reward.txt contains number of transitions:cumulative reward
998 -200.29037439567333
1069 -99.47625867857039
1164 -97.73046182084495
1222 -106.35538560612966
2822 -108.31827871158659
2859 -107.56932347670818
2921 -100.9306662650695
3008 -121.08484454672877
4608 -120.01104969334081
4664 -108.0313823841922
6264 -129.003391595554
6307 -109.19420155920305
6367 -110.36730895038384
6429 -106.47197223952816
6476 -115.37598314191153
8076 -109.08424741961186
8165 -118.94486930620485
9765 -121.19613743270806
9817 -111.04321206658551
9917 -118.13255637989442
11517 -100.05490573426586
13117 -109.0564014804396
14717 -124.14389821806496
14801 -118.4978463804697
14879 -104.72687223553037
15886 -186.59655303360938
15937 -107.91949857180565
16044 -115.19726447493211
17644 -108.79903077176579
17708 -114.27119055176091
17782 -116.35034758916497
17858 -114.83201838528178
19458 -116.62987706287707
21058 -110.93853134322852
22658 -106.91049383263496
24258 -98.28395708805667
24335 -121.11452404493652
24415 -120.20707364536574
24511 -102.33982956022226
24604 -125.01007910421865
24745 -104.02478538203862
26345 -91.6328834042971
26420 -101.01659721720468
26490 -104.0709744318643
28090 -92.58756133473287
29690 -99.42229767288286
31290 -109.51405023729465
31378 -122.24761754984547
32978 -103.86840013735443
33080 -97.12655124510701
33166 -119.69773420076942
33307 -103.44233968892196
34907 -97.16714974253581
34966 -99.8677742559084
35068 -105.02848063204422
35143 -107.68071677304805
35223 -101.2324782516143
36823 -105.48164257268363
36864 -105.37605480909502
38464 -86.46087071569137
38539 -101.34042867424091
38584 -108.10602895890301
40184 -94.65147129182117
41784 -86.02228043811456
43384 -108.78184196452175
43448 -107.51209603738164
43541 -117.89654897083652
43614 -106.7754725753727
43675 -109.81966849454027
45275 -96.89752845703678
45346 -101.61037413003048
45421 -110.84670334720363
47021 -90.07021645498689
48621 -96.72041858019433
48723 -120.4510425355093
50323 -93.08856580411833
50374 -114.5392203792967
50443 -99.24177211336047
50527 -101.75686678993763
50634 -101.14473903745848
50711 -106.73678393681658
52311 -85.52647690498617
53911 -92.60986868044282
55511 -92.53820778544552
57111 -80.7214376180774
57164 -108.36045135923848
58764 -86.70029745408586
60364 -89.57606450539247
60404 -103.60199325539234
60481 -103.01313056964365
62081 -91.6628262626765
63681 -91.95751510790973
63759 -102.79624697556781
65359 -87.24472467949187
66959 -86.25085310852405
68559 -91.67665908209972
70159 -82.22340926523684
71759 -88.24479742012612
71812 -109.36749667062674
71905 -115.32919657199085
73505 -73.68759966874603
73575 -101.19636120957074
73638 -107.5517370390594
73687 -111.24883050562379
75287 -73.88809791107602
76887 -81.65631890777476
78487 -87.36664160401006
80087 -71.04087913663842
81687 -74.09950999343299
81770 -113.0206369660416
83370 -72.28397931794778
84970 -64.27863666705315
86570 -62.88702156045531
88170 -69.0413677591496
89770 -61.89002519981446
91370 -63.359898897460496
92970 -67.7137573197497
93058 -108.13901598369081
94658 -61.992404513492225
96258 -51.35324302555133
97858 -64.8767091892201
99458 -69.77567339436101
101058 -63.97227484776023
102658 -55.43251900136348
104258 -70.36277437703622
105858 -56.18980963197973
107458 -53.13398837127857
109058 -45.18240549493142
110658 -54.258394404959546
112258 -49.88199859849978
113858 -59.376373186979336
115458 -58.076680318192295
117058 -57.63749626359402
118658 -49.40291239347359
120258 -39.2519836467772
121858 -31.54756291998274
123458 -48.210302290613775
125058 -28.565814503251882
126658 -39.38506499072462
128258 -35.141534899896016
129858 -47.68693025538508
131458 -31.470904382181693
131534 -106.09306980291815
133134 -33.386207990974235
134734 -25.266139671729178
136334 -32.26278755025012
137934 -26.185517388152903
139534 -41.30603955123257
141134 -21.10508996322752
142734 -24.639473641524393
144334 -18.856764795855895
145934 -24.704516553450045
147534 -21.24103316310361
149134 -55.25533957024792
150729 -145.44704767587646
152329 -50.60894648494883
153929 -21.402974709698285
155529 -8.916042018925772
157129 -34.857918085378834
158729 -24.482921859363085
160329 -2.00025898364559
161929 -22.031014777728114
163529 -17.072556151878114
165129 -1.8887934000633495
166729 -2.620959186343474
168329 10.459239089225091
169929 -8.610889272174488
171249 -118.99243226640297
172849 0.8146883856486478
174449 2.837021347810816
176049 -12.798174177003421
176534 -108.56285466035393
177206 -111.58111828740748
177334 -105.69673274601065
178934 -12.968005097508431
180534 21.716973272145445
180613 -111.10963756024216
182213 3.265954289249439
183813 -0.9999578889831985
185413 25.556580249491436
186442 -111.8622646504355
188042 -8.40268526402211
189642 0.9080881312322027
189800 -113.29286227956848
191400 -9.777246178386097
192935 -102.73450469420541
194535 -2.2451657975129766
196135 19.55637369152438
197735 -7.117553678485886
199335 6.187955848109587
200935 7.987438988923407
202535 10.61100236892016
203339 -130.02918970018686
204939 28.64307600771572
206539 26.39924238966096
208139 13.628571018081145
209739 6.818238439025372
210499 -93.78341876208968
212099 40.557883672619575
212893 -98.97815892784112
213177 -107.13476305438826
214777 19.58511845976179
216377 1.3412667536130207
217626 -89.52244013013627
219226 13.10712058694753
220826 25.913182028767363
222426 29.693248674479563
224026 13.915235617534863
225626 29.33198539293935
227226 33.39789325664747
228826 28.489052382781452
230426 30.17204127410398
232026 35.72489837961525
233626 33.750994971318136
235226 34.72580866217551
235800 -81.58944844035491
237400 38.69094176399148
239000 43.670370197807145
240600 58.20226824144172
242200 49.90001159100111
243800 22.92724324262267
245400 49.43279448270608
247000 53.99061815313928
248600 47.893719510528875
250200 66.94470373744811
251800 36.041153747241886
252364 -106.26327585520907
252671 -95.89414043701377
253278 -80.68376180997305
254803 -49.924610624540456
256403 37.095032761874265
258003 28.573540021310894
258532 -98.074527607567
258982 -116.59612315144236
259121 -112.98040579117772
260721 22.62309234681355
262321 33.53482952609278
263921 33.02464157048364
265521 37.51827794893402
267121 35.48815415020286
267404 -102.57210857173739
267524 -107.01931854860982
269124 86.6449278910918
270724 48.471458675645685
272324 51.715225338822144
273924 57.80097745932951
275524 22.78414551229336
277124 46.24406094944593
278724 45.49384625326956
280324 38.984366522330774
281924 42.49542629027242
283524 46.49996749827823
285124 23.980643517916345
286724 75.340694451005
287180 -98.88720542307138
288551 -51.369863538993485
288915 -97.0056881572002
288965 -110.68513690870566
290244 -72.85118925815635
291844 34.686162935990865
293444 10.393796026565134
294311 -107.05213047222917
294369 -112.89820620847618
295969 32.03934659988403
297569 55.39549815397884
298509 -92.09982691841944
300109 53.090927128400715
301709 45.740520709358826
303309 44.60303305097478
304909 52.393752643853986
306509 62.55597419353201
308109 46.812270813260575
309709 46.065894154942896
310618 -72.89645596884877
311407 -72.62090288813226
313007 28.432497261985475
314607 40.31543336487885
316207 44.139512226765284
317807 45.104111945912834
319407 61.574962733110716
320540 -44.96650324476191
321082 -90.85490965235918
322682 41.031618218478286
324282 52.518342704444805
325882 51.477555193488755
327482 64.01239482164144
329082 42.10724953794543
330682 79.40098058999762
332282 66.56645269844621
332422 -110.55719373673946
334022 67.07545481808992
335622 66.34600821138692
336124 -90.7754577830409
337510 -34.871754110233155
338425 -65.03207653606965
340025 58.1427978101795
341625 45.10409187389602
342034 -97.5183711625111
343634 70.9106823491068
344387 -82.07588666292514
345987 58.247991690354986
347587 47.939586098003836
349187 53.446630575131564
350787 57.703740290061546
351890 -50.77554930819044
353490 55.2445529787578
355090 46.66169733566543
356690 50.07705003538282
358290 50.98157794956771
359890 63.00339705218379
360332 -93.16070243130625
361932 70.2353045390456
363532 53.97824452420083
365132 74.26067522461099
366732 75.46603774497297
368332 53.17959769921568
369932 62.697479314527634
371532 45.02923766994909
373132 43.066368548928786
374732 53.52053217319334
376332 57.973746854886436
377932 56.36664610605743
379532 48.8527941496856
379595 -111.86359321259211
379721 -107.15018144573395
381321 88.1985047036559
382921 61.06862611089903
384521 57.049451633467626
386121 57.7794913606585
387721 64.8546607214523
389321 57.175818105890755
390921 55.16045212133185
392521 56.44742361799385
394121 55.65491327552988
395721 56.33841791684359
397321 67.51588609335764
398921 53.56933941008033
400521 65.98649904446981
400668 -99.55522998888169
402268 67.25977101967975
403868 52.44194958675951
405468 70.91873303176503
407068 52.71741174347885
408668 55.779095211869404
410268 53.4973458293301
411868 59.150219044573944
413468 52.72407910647304
415068 62.08296765344091
415979 -97.53598788455996
417579 76.95717790236951
419179 74.52443889719925
420779 76.56812708588846
422379 81.14590410652896
423979 69.39266655675144
425579 83.8209166141556
427179 59.081139882016956
428779 28.15362603401575
430379 50.56862138507079
431979 64.26010215888695
433579 39.33962620163406
435179 84.0465894692826
436779 73.9139538816884
438379 77.00571252669337
439979 82.96226699784106
441579 73.20647196216504
443179 88.73173167865545
443278 -109.27963457724017
444878 82.57747966890054
446478 71.6482958806357
448078 64.62081388059471
449678 58.5111597037483
450557 -69.81053542638257
452157 78.20988673595893
453757 78.75267410630609
455357 69.93316041205273
456957 87.69919382722053
458557 73.0683484819655
460157 76.69344650561538
461757 74.53731178066029
463357 36.4622363807562
464957 30.531880075280565
466557 82.22926561012362
467709 -68.5733107234419
469309 66.47957811612066
469372 -112.40779011479393
470972 94.53169158515631
472459 -41.47896496816853
474059 85.08639036720177
475659 60.45027173998823
477259 82.76175735446569
478859 76.90325444441224
479768 -58.971625514025476
481368 80.55919121578086
482968 61.3698342900468
484568 67.35340752483597
486168 76.45583995990397
487768 94.36793286141628
489368 93.6797693599426
489634 -91.17461342255646
491234 83.15118783704436
492834 94.69400883522961
494434 72.84891364144968
495148 -83.8914452859337
496748 63.47968665971049
498348 62.39240405223981
499948 69.563237501294
500981 -81.57787953144316
502581 104.25149838275227
504181 94.60545099780452
505781 84.51660865283573
507381 90.54781099984923
508981 80.16711626270057
510581 70.28648533914176
512181 90.0714777701353
513781 24.99985202779249
515381 76.340491591348
515489 -103.99655739012485
517089 61.39832734764244
518689 64.78376080844424
520289 69.65742954277307
521889 74.39105522400826
523489 57.63984037674275
525089 69.57418351592
526689 72.81404204917689
528289 77.3571474288613
529889 73.20559125517546
530229 -80.11502160219725
531829 44.03891058627704
533429 91.8126986782663
535029 94.39164689691349
536629 32.35577416823247
536732 -120.30479698853148
538332 88.90431985704848
539932 66.72609175557334
541532 90.18023362910004
543132 87.78606588345144
544732 57.72930217815878
546332 78.47050065894678
547932 91.56099300355766
547995 -112.31336268225436
548404 -86.5549136039
550004 82.28210134367214
551604 90.2014098965658
553204 74.61403330197366
554804 74.91167476498826
556404 86.09407348788835
556465 -113.40935030442849
556537 -116.4416350519862
557797 -70.26823788783328
559397 86.38396222578054
560997 74.94119953698552
562362 -56.080715348352406
563962 91.33140625586296
565562 90.2768966545559
567162 78.7712633709315
568762 72.61985400061612
570362 69.6887655281493
571962 65.71803780462082
573562 70.60678987090846
575162 76.21763868910698
576762 55.96755376196412
578362 88.12556343650822
579962 107.7354868956178
580932 -70.09735745259619
582532 71.36791429402986
584132 81.5452700495542
585732 65.8533934650244
587250 -14.297096430898137
588850 87.69766620592408
588914 -112.50548430907044
590069 -52.720356218743554
591669 85.21948835542271
593269 69.08538067965834
594869 77.1853168689248
596469 56.58171887295004
598069 63.71551725350679
599669 66.33527391280143
601269 71.76512040660653
602869 63.475990656660976
602995 -109.90467161335486
604595 77.76989578857524
606195 71.20614718602116
607795 82.80010874978713
607924 -116.0728012464475
609524 74.32991980983839
611124 77.37045553010827
612724 61.864425207652445
614324 85.42694103447405
615924 80.53128834066912
617524 56.15164854416624
619124 82.30563863164994
619179 -112.13063650751735
620779 83.4109025289563
620864 -114.97309317511258
621809 -87.29841064799359
623409 94.71955344969626
625009 74.90559834864233
626609 74.69196254610524
628209 82.47177830422545
629809 93.07326365855468
631409 90.16021023665675
633009 87.8053376049989
634609 71.9285051608205
636209 103.18529158747093
636265 -111.7379089676446
637865 85.57553463972742
639465 78.59799337268379
639544 -115.18836600017981
641144 92.73838707042263
642744 90.82504375844627
644344 84.28680737851423
645944 56.86772636448283
647544 93.11925770345833
649144 76.57968440339751
650744 93.39488472099049
652344 72.61431168914835
653944 83.13340260432284
655544 57.49050280648534
657144 82.88139771718035
658744 74.47924840605289
660344 81.72695373335613
661944 77.68424808210753
663544 88.92110455194026
665144 94.40054875478567
666744 80.9070036890482
668344 93.67148926917501
669026 -68.75521207496679
669238 -137.84475641206205
670711 -30.76412465160037
672132 -41.34143806902938
673732 79.6565961651299
675332 92.61270988403184
676932 88.60068215471898
678532 82.5898215808323
678593 -111.20126434906075
680193 98.98813801333807
680250 -112.24637391735675
681850 110.9856554447724
683450 73.85356089205045
685050 84.55955992358487
685244 -111.28310281749256
686844 95.73412879104461
688444 92.83457924233372
690044 82.60580134651498
691644 66.60465065044907
693244 76.15144475108535
694234 -51.13358594572046
695834 93.98178335023557
695905 -113.73134432530837
696905 -48.60329069576598
698505 92.52281118961629
699674 -42.28498420457415
701274 88.00044743220333
702874 77.89690089092934
704474 93.93252579174944
706074 69.15430606547824
707674 72.24204962293108
709274 83.73977430824884
710874 70.50884739020954
712474 84.69911075675991
714074 88.71759496242247
715674 75.62789546215117
717274 94.71792958826921
717410 -127.6193998157351
718313 -83.2125207219155
719913 74.58073514538815
721513 76.7618925894294
722476 -59.145831673972324
724076 100.10989227674644
725676 60.30112898056023
727276 106.20293686862354
728876 86.86864739651602
730476 78.66472608742956
732076 87.72649917167917
733676 81.35093683773097
735276 86.06705600631406
736876 85.6976530265796
736958 -112.69937274429886
738558 83.87083885424946
740158 76.76814559266158
741758 67.59143899759395
743358 86.39395683581947
744958 63.23224997157786
746558 76.44305920176801
748158 84.24843547051553
749758 62.974030691838514
751358 98.79283445206894
752958 94.19127691233031
754558 77.5039128364776
756158 104.67894026914803
756338 -93.26486600863251
757938 94.83033775924767
758061 -106.23928282259156
759661 88.75629669289083
759725 -113.35556552376536
760494 -68.74812475168639
760824 -94.66016728320656
762424 83.43313304790341
762482 -112.51244271497491
764082 86.347477492211
765682 100.49613733910387
765739 -111.15622114528963
767339 83.33932834497641
768939 77.97576065174806
770539 91.86733613232896
772139 77.37154969630988
772317 -109.35044857818882
773917 101.29153255420243
775517 88.50103489794485
777117 92.0619932968656
778717 105.615304525771
780317 77.13660809583838
781917 92.57253577090795
783517 74.49906322788095
785117 87.7867208396732
786717 70.35674590327092
787748 -63.380362808551
789348 100.3656285963781
790948 75.68393041922963
791781 -52.6293947370235
793381 109.40215922216004
794981 103.88702365701585
796569 9.734925066317729
798169 114.91068877531838
799769 96.57191445781348
801369 95.77697665342998
802969 104.96142768137405
804569 95.71614336688512
805237 -77.21426912956125
806837 69.45545000594551
808437 113.99664235532708
810037 90.46825811612419
811637 95.72658204056569
813237 123.15909502128626
814837 108.92102024810835
816437 94.23934782364243
817633 -35.20078192220251
819233 88.45605444763295
820833 101.67969199912564
822433 98.94899980339996
823098 -70.67648593418131
824698 100.93559572800744
826298 106.01390323998346
827898 97.89643765765301
829498 96.24969731975588
831098 81.8883717080671
832698 65.85110710897534
834298 89.3906205029623
835898 91.00585343568636
837498 76.4425785017285
839098 99.13162737804416
840698 95.42883353765912
842298 91.27991725252814
842548 -110.7333681855655
844148 108.44768906700126
845748 96.34318822569651
847348 77.49445410189459
848948 78.21115032027147
850548 104.70228934436498
852148 96.68577537731353
852211 -113.0060044675426
852798 -100.58311888968137
853061 -92.29645736226658
853131 -112.01078791191739
854731 91.20664910745585
855800 -62.00289168467686
857400 52.94666739421462
859000 95.22806402175124
860600 101.71531427807567
862200 100.44317758098013
863063 -58.083495026478545
863808 -64.96175889933048
865408 86.8128761546412
867008 96.8554483456427
867240 -99.59765431691768
867300 -112.20418355402848
868900 110.0788890005959
870500 111.26339083872428
872100 77.87146611858124
873700 97.24928040062247
875300 119.11001101103851
876900 99.94078139471128
878500 104.46514570207509
880100 95.94993590171684
880915 -65.72564806291709
881602 -108.11492633689755
883202 109.87235630093129
884802 82.5685238146639
886402 87.96732830523507
888002 94.78578774698265
889602 91.1784766538403
891202 76.05828730852836
892802 96.03675905808323
894402 100.51716173141442
896002 96.31764137340139
897602 73.19457033276149
899202 86.77568767596836
900802 112.09361090880085
902402 76.26297001415794
904002 108.386959476082
905602 117.9597452576757
907202 119.29171438069271
908802 78.54287185680126
910402 118.229602349244
912002 96.57886291544473
912477 -72.32679425928274
914077 87.27136607657508
915677 104.48028052051608
917277 101.24744156711708
918877 107.56695294187591
920477 87.37855964120914
922077 77.30022394648044
923677 109.96898981399394
925185 -4.451819351828632
926785 99.47992885040566
926913 -99.47460383126388
927899 -71.51322746107853
928479 -72.00164816961934
930079 83.69345193091038
930176 -112.08239213697487
931776 113.82991945818316
932945 -25.882867217855505
934545 119.77667933686453
936145 111.62300888830424
936285 -105.02529998641586
937885 115.50214124220737
939485 84.67506225609104
941085 74.10256763057535
942685 86.59649901723033
944285 131.82122080767522
945885 85.98022224388765
947485 112.38616196092639
949085 121.44888539860746
949217 -115.47574437684256
950817 115.54938519713164
950940 -106.03387566477247
952540 82.7842423293584
954140 108.53835541883316
955740 73.95912608465238
957340 119.29220070205734
957843 -71.23342728671432
959443 96.8757438364269
961043 98.37110029510451
962643 94.63358546906694
964243 84.08380798783021
965843 100.23294931429572
967443 106.97219205711014
969043 104.45841104081326
970643 82.20603154177593
972243 97.81956634294289
973843 106.15418663757293
975443 102.05274262690354
977043 99.50894638688281
978643 104.97894287662393
980243 81.24729867973095
981843 106.7653490880369
983443 116.1238104813796
984387 -60.61974338356343
985987 95.41770641380978
986107 -120.23260809834798
987707 104.20336328843925
989307 104.09722417889697
990907 71.43191519495659
992507 109.36600911777779
994107 98.256354826654
994190 -115.04876566434156
995790 122.43889269233455
997390 132.67634054593842
998990 96.44304961922747
999353 -80.83278105453496
1000030 -65.58908864650377
1000406 -89.2417237155897
1002006 115.39419361008103
1003606 81.58514208054169
1005206 105.46469843231417
1006806 124.19987022597718
1008406 92.45208623558744
1010006 120.02935870602504
1011606 109.4494424768718
1013206 117.54336264891276
1014806 96.92005877353137
1016406 109.4793831833564
1018006 119.50868468524078
1019606 120.98356885435263
1021206 112.36163346342693
1022806 123.44512632325913
1024406 93.62425322958082
1026006 113.15639093450761
1026383 -99.11749929952
1027983 111.76793474300014
1028153 -109.66786103861779
1029753 108.48026752136626
1029849 -115.88992953334501
1031377 -6.8049278431256255
1032517 -29.75454773948998
1033756 -14.882560747740214
1035356 65.24219258871919
1036956 126.33355205415117
1038055 -62.04260711448644
1039208 -22.00801414803732
1040808 106.21960045173344
1042408 121.26698318829574
1044008 74.77377830582004
1045608 103.30015318077993
1047208 108.33252443777342
1048808 98.94292670951235
1050408 121.96252604198956
1052008 91.4202654013845
1053608 103.96036956488042
1055208 94.1619836935225
1056808 107.47279271154112
1058408 101.88758132359577
1060008 98.08639827160948
1061608 137.48070032094208
1063208 123.62330366452333
1064680 -3.5450118758579094
1066280 104.7198792516638
1067262 -26.942184780904654
1068862 131.2305498582995
1069599 -84.07786080661292
1071199 100.32933045878256
1072799 93.62520024674863
1072880 -114.8907035382123
1074480 96.02916786883142
1076080 115.50111867073284
1077680 133.85403572399048
1079280 119.50640073139284
1080880 126.57946187306337
1082480 113.69629360356893
1084080 109.15050589453246
1085680 99.5024776737365
1087280 90.29671178609196
1088880 116.33825222454387
1090480 120.57077947109403
1092080 127.02073373205204
1093680 129.5200710151601
1095280 121.14645791359554
1096880 138.610650317471
1098480 121.24753459601678
1100080 116.36120245942269
1101680 117.11386237263913
1103280 143.124690985135
1104880 129.03546839859257
1106480 86.26638075358143
1107683 -18.46832979370714
1109283 108.10007659695334
1110883 131.97211963407693
1112483 116.01123516699462
1112698 -92.35386374519486
1112913 -88.78557459787001
1114513 128.54136328904022
1116113 109.34761288939045
1117713 130.33663277322222
1119313 118.70660640628195
1120913 101.47352775994318
1122513 123.92783211421455
1124113 106.12648820696218
1125713 114.71381604874148
1127228 -32.38008996195096
1128828 120.26217411044742
1130428 122.29204683021203
1131091 -51.51931596045742
1132691 137.83087246201129
1133615 -31.442641344468512
1135215 127.26636420692151
1135315 -122.99131935517832
1136915 131.5044583476753
1138515 127.33518148814082
1140115 126.8039158007075
1141662 17.44569019906905
1143262 98.50033573052612
1144862 93.34872992536471
1146462 106.78720000754183
1148062 123.66688578323455
1149662 114.6070627540792
1151262 140.20558453415495
1152862 116.32698594038997
1154462 132.45773411859497
1156062 117.34329988791669
1156628 -83.86704664630753
1157148 -84.91456999790854
1157676 -68.8110215164507
1157902 -86.21709739851704
1159502 96.84128333925877
1161102 122.88301990278747
1162702 141.9801411978423
1164302 108.30606873299112
1165614 -3.1891733360634333
1167214 133.89595187721488
1168814 115.15210359760536
1170414 93.63311459352843
1172014 113.26592654125898
1173614 120.10479396732767
1175214 127.59611388230414
1175701 -77.4656539779287
1177301 116.65017654946631
1178901 136.58160150252394
1180501 130.83655959817875
1182101 110.19325000425862
1183701 115.56936064152553
1185301 111.14580338980852
1186824 26.424230783273003
1188424 108.66521247335281
1190024 129.67476793533336
1191624 91.8378011802565
1193224 123.74751219191677
1194824 107.34817397097132
1196424 96.36379808974351
1198024 101.94733979806162
1199624 132.29759431894294
1199933 -91.6938937186841
1201533 116.60582681175312
1203133 130.67702929814683
1204733 125.43548827451023
1206333 127.37609115367403
1207933 135.720412319944
1209533 99.73656055338991
1211133 110.83691371671685
1212733 140.30671818714274
1214333 134.70614928827752
1215933 115.3684814267526
1217533 118.91992057959459
1219133 137.53598162909122
1220733 154.30590329429944
1222333 123.79175808239566
1223933 137.5551067783619
1225533 83.37437673361107
1227133 161.27275370563703
1228733 94.91524238114646
1230333 122.76536861761399
1231707 9.843909137893505
1233307 137.1882254936184
1234450 -15.344240230374467
1236050 111.94476419106675
1237650 82.15296838283605
1238992 -47.619913508464265
1240592 128.51790026393775
1242192 130.0371712680506
1243792 127.27521165475676
1245392 130.30467795119296
1246118 -71.93079943590918
1247718 118.3669327471796
1249318 135.70136812013226
1250918 138.74206467675083
1252518 125.68344413416338
1254118 125.72488075172448
1255718 139.83109215441488
1257318 118.17151839572018
1258384 -67.01579312185572
1258483 -116.12858353287106
1259903 28.94894138387218
1261503 114.07517605576068
1263103 120.66061810062992
1264703 123.2267644138164
1266303 129.49737630110224
1267903 143.41740729661896
1269503 125.78512972495069
1271103 120.40996570000105
1272703 136.98257265894372
1274303 115.22393932192068
1275903 137.22682121646469
1277503 140.61922961464526
1278744 -52.17732974136621
1280344 154.12486824948286
1281944 130.9005666726504
1283544 131.69027947857853
1285144 134.97548036928922
1286422 -16.393447169375463
1288022 129.61833640872405
1289622 152.5691684441424
1291222 138.79952905092517
1291362 -104.02184106589482
1292962 123.11688224285416
1294562 128.37764101151862
1296162 110.93614771968207
1297762 113.37856966421398
1299362 135.04019753620625
1300962 134.01331170389534
1302562 141.52544390270594
1304162 127.03873945903473
1305762 110.41259681830064
1307362 143.53762438926896
1308962 112.97255250094561
1310562 120.6776363972535
1312162 141.49392007361072
1313762 148.1475467658767
1315362 133.27275699636812
1316962 148.9480130477517
1318562 100.15349244850243
1320162 133.88906150435702
1321762 140.4961995188787
1323362 114.56157508450416
1324962 124.51744616343684
1326042 -43.57367114992417
1327592 -13.588644928458038
1329192 92.30956147604053
1330792 134.11030983575
1332392 131.06150047195374
1333992 129.34879308161717
1335592 93.5542917845121
1337192 117.45526160166428
1338792 137.03640261097752
1340392 138.68131581305565
1341992 110.50947891156551
1343592 115.86116787639807
1345192 129.4359596369211
1346792 135.18863859348386
1348392 145.24301658831112
1349992 131.7388775116651
1350094 -123.13796935073844
1351694 151.11537675132985
1353227 43.18702549372608
1354827 157.32461527997705
1356427 118.23865621208371
1358027 156.86897714647876
1359627 99.5588553622658
1361227 124.98689222774412
1362827 125.79753344357432
1363976 8.530842283564397
1365576 138.57348815685936
1367176 134.464826924837
1368776 150.84623070391856
1370376 132.45681908564964
1370456 -116.52616124705847
1372056 139.6061198443908
1373656 148.6781698192322
1375256 132.07995903697005
1376856 123.01661018984278
1378456 124.5048295175214
1380056 132.16834834355964
1381656 125.11256636434113
1383256 113.81407678438458
1384856 120.30077738317243
1386456 132.4224347716282
1388056 146.61001862058637
1389656 156.01007406073188
1391256 155.3439209729994
1392856 148.11109281688465
1393636 -44.14042090235338
1395236 148.96928098635752
1396836 154.00669477902036
1398436 175.5959572197651
1400036 166.09753888930007
1400335 -85.0881502354617
1401868 19.895072635494472
1403468 123.77613273867466
1405068 128.82992133570275
1406168 -34.0821994430939
1407768 152.33357256337916
1407934 -98.3126659975263
1409534 126.60554612525863
1411134 155.92648404370212
1412734 102.05900471272108
1414334 153.83008421417856
1415934 132.18050749706845
1417534 133.94327189836045
1419134 135.94068710539247
1420734 134.03865429120393
1422334 161.2842446044874
1423934 126.08284289861194
1425534 151.81280747081888
1427134 184.54803389858776
1428312 4.567991478126942
1429912 124.83434845180622
1431512 111.44675955420502
1433112 164.38330563996513
1434712 138.11712672291762
1436312 167.94993678300037
1437912 142.66111425367606
1439512 124.27775853073852
1441112 129.4205498752492
1442712 143.4300605889961
1444312 135.3923739155178
1445912 132.81539950313046
1447512 104.92555078907499
1449112 148.83389529994312
1449549 -70.25173436248926
1451149 126.9993958527483
1452749 135.7358201794111
1454349 135.5431212150453
1455949 118.82118554358055
1457549 141.29945742022662
1459149 134.90338789219004
1460749 135.16088016305974
1462349 176.50421235066403
1463625 17.71645818131431
1465225 136.14432636387292
1466825 122.72303293750079
1468425 174.6258863586933
1470025 161.0886929690241
1471625 141.37586271331497
1473225 123.89226718430706
1474825 141.47878002333366
1475586 -42.04646879316802
1477186 148.55396420599592
1478786 161.3880871464245
1480386 155.51133221326953
1481986 158.19356296058606
1483586 156.88750975987838
1485186 140.529916911084
1486786 138.4537033059035
1488386 154.3904539961667
1489986 138.43543307564335
1491586 151.6736617911146
1493186 126.07308374507953
1494036 -23.388055015488078
1495636 119.43558450275611
1497236 172.03280934388633
1498823 50.77048373640122
1500423 153.7311538670137
1502023 161.21168773663723
1503623 159.587805557373
1505223 157.6189131151763
1506823 154.56672745503835
1507758 -14.837548159129327
1509358 162.84283737282405
1510958 149.58397378017565
1512558 137.60885056727605
1514158 142.7821679317638
1515758 133.6910555212127
1517358 133.01119266362954
1518958 146.72248937910817
1520558 153.28936524378955
1522158 139.6680588441572
1523758 135.16779402038583
1525358 140.05710650348323
1526958 130.11051161474737
1528535 69.19161730602485
1530135 121.98013435855036
1531735 148.45096289111655
1533335 145.66821791965742
1534935 141.174401854323
1536535 147.0277127968649
1537100 -67.0728675773007
1538700 157.55033549672206
1540300 153.19251201609006
1541900 144.4318713707844
1543500 142.59934192153167
1545100 150.50715796641202
1546700 145.56310668644932
1548300 148.56839448449452
1549900 147.2268739363049
1551500 180.97928400236458
1553100 150.32764394696352
1554700 119.78874416276254
1556065 -1.2406239698194526
1557477 32.589777755081116
1558651 -22.106906132905465
1560251 101.3739324199535
1561851 149.14725057617338
1563451 164.14035620841526
1565014 6.963650960212817
1566614 147.48433976391559
1568214 167.30336421497879
1569814 140.3372526962583
1571414 132.06615036334142
1573014 164.19252680062232
1574614 156.08573845617525
1576214 164.947926071561
1577814 143.7240479246075
1579414 156.16537634457538
1581014 165.09898081034999
1581342 -80.32523285036567
1582942 158.1130266778758
1584542 111.40455406929055
1586142 129.96530277088806
1587689 26.64629549312778
1589289 123.54191083129692
1590889 146.60602153818147
1592489 156.9266301394408
1594089 127.37150029292671
1594816 -45.325130728742174
1596416 163.97955461583888
1598016 144.50169573121272
1599616 149.16008216595523
1601216 141.2296568578208
1602816 133.864508201737
1604416 159.77731291539797
1606016 140.06575398851345
1607616 165.94659216170015
1609216 157.82350177087437
1610816 180.57734394133072
1612416 156.3197085254202
1614016 172.2550487063868
1615616 174.39601895931932
1617216 189.43751864301282
1618032 -20.34936701214589
1618233 -100.8550839621642
1619833 138.5151805495423
1621433 136.2430616150553
1623033 137.6931774379516
1624633 164.43648879437265
1626233 167.0497269353391
1627833 151.7835837215226
1629433 171.41425002848823
1631033 148.18645040796773
1632633 151.47120313327153
1634233 152.15216700783273
1635833 173.11758675867847
1637433 153.4711900024984
1638274 -49.57329509005139
1639874 157.08155318368944
1641474 145.99156780425486
1643074 156.23853058983627
1643404 -72.02185551799461
1645004 160.3460593680337
1645627 -46.97848489201382
1647227 161.116460584436
1648827 164.99727030398208
1650427 127.27773120617748
1651061 -41.98381787615486
1652661 185.36688248254902
1654261 157.4498974129636
1655861 147.4798962493864
1657461 158.32793586672494
1659061 148.73771164350845
1660661 130.50731712784372
1662261 123.55894910698733
1663861 131.02662861293902
1663949 -96.30791627619477
1665549 187.42389846389415
1667149 134.47010384446008
1668093 -35.128608311559944
1669693 146.8886704786283
1671293 161.68028686227177
1672893 162.00401443838177
1674493 157.6297912401008
1676093 163.2016300242692
1677693 160.86705162674494
1679293 149.5413072593731
1680893 166.09616910610194
1682493 183.43838945258892
1682940 -66.84035594945368
1683737 -36.02507964993453
1685337 177.071875699592
1686937 165.7474334868635
1688537 142.53092129607396
1690137 168.2592466703583
1691737 165.94031336856415
1692041 -70.67716622021857
1693641 160.31379919124512
1695241 131.70548191126375
1696841 109.84268727150977
1698441 153.09167216937306
1700041 174.36388292617085
1701641 153.42995229402885
1703241 99.70151028551481
1704841 167.3950356022393
1706441 160.05169612545023
1708041 139.71879588584696
1709641 137.96361993657294
1711241 150.64811238847133
1712841 167.85350148037696
1714441 163.3750041368403
1716041 165.12125892482604
1717482 40.12796936403467
1719082 110.6793641522935
1719732 -38.043532784704674
1721332 161.07817456463493
1722932 171.70879268079892
1724532 151.16470816649
1726132 172.7610705120962
1727470 30.611721013453717
1729070 159.61879770887913
1730670 182.39114101081267
1732270 159.38947080883455
1733870 183.35207981218736
1735470 138.21337852510285
1737070 148.82433581758073
1738670 127.5921435173271
1740270 185.53633803906354
1741870 153.16184285828115
1743470 148.6532801087337
1745070 161.47072000933295
1746670 167.69153900912286
1748270 160.20172623525457
1749870 171.76246816839074
1751470 166.36391578130375
1753070 130.61456003226763
1754670 164.84836630928578
1756270 181.57888545187558
1757870 166.55526455335328
1759470 161.54153065274278
1761070 147.92045526403496
1762670 138.86268267510815
1763968 38.3557215261213
1765568 172.01436249451976
1767168 152.73305458387776
1768768 152.064151224875
1770368 167.94960055146024
1771404 6.079389032492415
1773004 169.5914307748111
1774604 167.76811529718745
1776204 174.32210342723317
1777804 152.5429601583283
1779404 162.57974970161436
1781004 184.4934295766702
1781344 -104.33490635261455
1781716 -77.88642481458561
1782386 -32.66983431131574
1783986 170.34300229197015
1785586 121.97093931757675
1786246 -30.77310603725043
1787846 182.50744023244948
1789446 141.07004177591438
1791046 171.83484922979787
1792646 168.94452067314148
1794246 136.56155990078915
1795846 156.14817409052318
1797446 154.70779710804104
1798738 24.52878040553638
1800338 169.1015314860346
1801938 179.4650229606117
1803538 165.36115084731634
1805138 174.7398164351968
1806738 176.88648437962675
1808338 147.73290502024028
1809938 161.00251792213245
1811538 189.1043380095526
1813138 161.05182333288514
1814738 170.7306343319362
1816338 190.6004379904572
1817938 152.91837132639586
1819538 175.728889477991
1819871 -77.62856910527076
1821471 146.32940289292844
1823071 159.2114064993066
1824671 156.65787063412216
1826271 163.6430778883452
1827871 167.69730058795722
1829471 184.2973791740952
1831071 131.16956516041884
1831270 -98.59631596209108
1832460 13.469496076048188
1834060 164.58787525121647
1834607 -47.35252888884643
1835201 -74.60619533261223
1835593 -76.240077161309
1837193 174.88942261298754
1838100 -37.71589543387174
1839555 35.46080375736304
1841155 190.01171049306097
1842755 182.58916315992687
1844355 190.27175476136898
1845955 154.33035546742354
1847555 144.2594816117513
1849155 169.0108666310486
1850755 181.7911334027909
1852355 138.24694120137903
1853955 177.16807937111068
1855555 173.22989887267593
1857155 79.54572034547589
1858755 183.43571945418623
1859353 -57.194627145073355
1860953 156.48966645433225
1862553 185.30474698810355
1864153 179.95789337806784
1865753 170.95279848371433
1867353 158.87480811683696
1868953 159.5510680315487
1870553 173.85033217103805
1872153 148.80576751362338
1873753 179.94598584345022
1875353 178.25670667510224
1876953 184.83234042431584
1878553 155.42191545536681
1880153 165.60102536721402
1880710 -56.01123881285947
1882310 175.42143205558637
1883910 179.92070373638666
1884143 -80.14800384276111
1885743 170.09707262984713
1887343 108.14229647187535
1888943 186.27344897123044
1890543 176.21117268559905
1892143 185.98100140155796
1893743 161.9344576770374
1895343 187.3789525638407
1895909 -38.85287702566506
1897509 149.6655066931493
1899109 178.90070885016274
1900709 167.99563211108892
1902309 136.85120250342675
1903909 144.4871414054014
1905509 183.48184035479798
1907109 189.27310317998064
1908709 164.6353257506383
1910309 174.75325245737986
1911909 162.87096647130056
1913509 140.53831324786034
1915109 153.26220875395393
1916709 145.6017482350326
1916923 -109.5267778304584
1918523 185.9694364976455
1920123 184.15387227427289
1921723 196.85066347642604
1923323 147.27938061005918
1924733 57.60871571593222
1925274 -40.991624305236066
1926874 163.4013646878815
1928060 -38.441999840416436
1929660 173.73971324978868
1931260 187.19893346200337
1932860 191.3553561714573
1934460 175.9127132186229
1936060 166.9222621403919
1937660 183.53695033327634
1939260 154.1443777792255
1940860 140.1967252993079
1941303 -52.77020357324745
1942659 33.00277933874605
1943187 -51.70178211230692
1944787 184.89689866821752
1946387 181.40462078719176
1946561 -88.55760256674513
1948161 184.2915575635752
1949761 172.75220533421256
1950205 -66.57016728230754
1951805 168.3214082305446
1953405 151.9238642435616
1955005 178.12251720619014
1956605 181.01500638212195
1958205 178.82783048612447
1959805 177.23207656801526
1961405 171.90215433399013
1963005 167.9671294808607
1964605 188.53889485469787
1966205 168.88254540974145
1967805 158.84231401415857
1969405 181.63129557985442
1971005 194.75818803161
1972605 165.54239217874235
1974205 164.80026020434354
1974614 -67.96495546150392
1976214 188.38517615392666
1977814 165.21973019839788
1979414 183.71757904096472
1981014 124.61847972695972
1982614 179.1028623514042
1984214 181.8940874335128
1985814 203.52877488393995
1987414 169.22982542564347
1989014 198.8188804760706
1990614 168.99916495361182
1992214 197.83585987446966
1993814 184.3467847885202
1995414 183.0996373593466
1997014 151.5548683712728
1998386 46.949780224237
1999986 184.88849832989337
2001015 -0.36632283720302894
2002615 181.8983356158512
2002830 -112.2203691752314
2004430 190.4092946812233
2006030 164.02347399961698
2007630 170.64071471926084
2009230 130.78771702039663
2010830 181.10674571432725
2012430 196.63862494022774
2014030 187.2930220357948
2015630 183.9068918896286
2017230 162.77366699650128
2018830 172.55079729975253
2018932 -122.99020975984757
2020532 196.95916951220087
2022132 187.98066500042458
2023732 153.84565389907698
2025332 181.65720374597967
2026932 187.64635764808529
2028532 192.85829663053067
2030132 195.21438223504683
2031732 174.03656103606497
2033332 178.30596676628184
2034932 180.90983250938274
2036459 57.24753286600446
2038059 187.26145234291758
2039659 197.36500785301604
2041099 28.365729152215692
2042699 158.89905016726448
2044299 180.75839264010062
2045899 162.83086355262049
2047499 182.90768162147918
2048798 37.763265021991174
2049860 7.492326401228837
2051460 159.13944247843972
2053060 191.78171773716394
2054660 190.62021151384226
2056260 184.77205539993145
2057860 175.84865898481578
2059460 178.98238708273905
2061060 164.00028632965748
2062660 175.47829373483393
2064260 187.33673745370118
2065860 172.21518950636647
2067460 189.78565434219564
2069060 190.97598635019102
2070660 201.353968938664
2072260 157.00383538467938
2073860 194.46363311084244
2075460 168.6163582200628
2077060 199.92947883604805
2078660 179.54785595448732
2080260 181.5042337465309
2081860 178.8541157065159
2083460 195.55534613605744
2085060 168.4014215544657
2086660 185.87285810049065
2088260 193.52198812456822
2089860 190.54198898219562
2091460 198.04574409215968
2093060 179.15591575012218
2094660 187.92757947448237
2096260 139.16360223265067
2097860 183.84895396722538
2099460 179.00825444377003
2101060 196.42364373050415
2102660 198.9924803826178
2104260 206.76070569727267
2105860 186.27286696790503
2107460 199.20089513380734
2109060 182.03598372820193
2110660 164.3037695150236
2112260 202.20706213745072
2113065 -10.340288052249889
2114665 204.2729261637312
2116265 191.13573482789934
2117865 166.11588151131073
2119465 196.99406633208034
2121065 201.4851035455279
2122665 175.25528896211466
2124265 201.95136113913298
2125865 154.92833618267102
2127465 208.81928246659453
2129065 186.6461295010474
2130665 190.72102089702526
2132265 176.98566598586254
2133865 175.81333766864688
2135465 199.70230193934935
2137065 181.672495065132
2138665 185.88626350949707
2140265 187.41757586641967
2141865 200.212170399192
2143465 183.80791474487972
2145065 193.76020837584963
2146665 197.85220323654116
2147480 -14.132849981532061
2149080 188.2596327449262
2150680 189.68706496755212
2152280 198.141902282589
2153880 156.2900600375091
2155480 203.22914678222878
2157080 181.65845480892264
2158680 186.9647566522575
2160280 193.37149993997934
2161880 179.97129559855335
2163480 199.9643465615584
2165080 196.27863356188965
2166680 191.81764148921025
2168280 165.90100613727353
2169880 196.69400288723838
2171480 178.50352406123378
2173080 207.51622895805326
2174680 198.727976139121
2176280 191.14757909423832
2177880 171.02676217355418
2179480 194.25743803309655
2181080 204.98409171786125
2182680 198.67691457755086
2184280 203.57862518418415
2185880 200.60085576454335
2187480 184.13226793639447
2189080 203.04377670976646
2190680 193.57573153815778
2192280 192.94218831957198
2193880 167.2290787201551
2195480 188.9325477556172
2197080 199.14369162057767
2197903 -22.03129260447757
2199503 201.59100996330085
2201103 189.90848273544535
2202703 207.55743823510383
2204303 199.65932027327202
2205903 198.273044354684
2207503 199.74834048498485
2209103 187.43069734802157
2210703 191.65754256247064
2212303 188.51425454684008
2213903 160.25884261118884
2215503 189.12233194016403
2217103 166.74437064328367
2218703 185.06830142496017
2220303 195.61764547947533
2221903 205.41209697237525
2223503 177.85775939905923
2225103 204.5226331940543
2226703 208.16227208510142
2228303 189.53271214632832
2229903 202.64951710311405
2231503 123.82499033897325
2233103 181.62051606917288
2234703 189.348996051013
2236303 195.25188482674727
2237903 182.62341715312826
2239503 189.61753036653337
2241103 182.9110636519505
2242703 193.95284366866545
2244303 180.13677221906335
2245903 183.32287156211967
2247503 177.352323422103
2249103 190.32040003452556
2250703 191.58315932088587
2252303 195.76484364408086
2253903 192.49085893793355
2255503 179.63368558799598
2257103 163.80334776010184
2258703 215.6848226037038
2260303 192.03511049329373
2261903 197.13988410012016
2263503 211.32214461855736
2265103 171.2672751763801
2266703 214.5513461749665
2268303 198.59926242080786
2269903 206.48637366222817
2271503 194.8037667117277
2272657 27.958357267733717
2274257 203.02372192519104
2275857 171.33267242179744
2277457 198.90316934736427
2278694 26.02696205876734
2280294 212.57772095591693
2281894 202.42883689369037
2283382 85.14034597218753
2284663 35.78844256789836
2286263 200.64522945522424
2287863 189.71912954501403
2289463 198.07136044812663
2291063 207.88484318769724
2292663 199.21510486849368
2293162 -59.235356325033756
2294762 198.88394405749352
2296362 209.6513214186372
2297962 192.00974908734443
2299562 161.02131845154804
2301162 206.966740659038
2301836 -28.495034176628764
2303436 200.43838890527752
2304766 53.927172491551346
2306260 85.53337491514856
2307860 204.9190509122287
2309460 212.74099432807543
2311060 165.45610219771316
2312147 11.165343681795107
2313747 192.52333197192564
2315347 185.8441599617263
2316947 205.98475361267302
2318071 48.611532931369396
2318914 -25.242081571703793
2320514 204.41765564576883
2322114 210.2395433682217
2323714 212.54348867932453
2325314 201.38960399047096
2326688 70.91918105780482
2328288 151.5249081500771
2329888 204.10139913759818
2331488 193.50935227710585
2333088 202.8972698642862
2334688 206.76579985146287
2336288 190.31679169952406
2337888 196.0166868218791
2339488 208.7253484023128
2341088 205.75117317407847
2342688 180.8809890448744
2344288 198.93066114612927
2345888 193.1662159978529
2347420 63.62389937354416
2349020 208.87353052794262
2350620 205.85273887458868
2352220 204.31865409550377
2353673 82.94550099099064
2355273 174.4830471288029
2356873 174.88528685380555
2358473 172.2893363028942
2360073 170.2197943007643
2361673 207.00687624334245
2363273 188.92874032077253
2364873 198.342054106134
2366332 74.12470622364717
2367932 197.03530991049774
2369532 187.99825555879693
2371132 188.6216750054369
2372732 192.3071265554179
2374332 180.40230965390296
2375932 214.64731489016017
2377532 208.15356229917595
2379132 186.61922527790443
2380008 9.877269805747375
2381608 184.97777622294876
2383208 207.8152007952269
2384297 26.241345817952023
2385897 203.74769089083645
2387497 201.8979665962765
2389097 204.96353073349107
2390697 178.21755557490854
2391893 35.814967718454795
2393493 204.26445004457213
2395093 181.68689812255906
2396693 194.75350020460544
2398293 198.95293040566384
2399893 181.28438588602413
2401493 195.71379679435574
2403093 204.4712316280604
2404693 191.91287831612303
2406293 162.55810228874847
2407893 196.15928231227562
2409493 178.78279453437082
2411093 182.86291213153302
2412693 189.07780372597733
2414293 207.77175401967364
2415767 77.810830295843
2417367 193.35370044219025
2418967 189.89537040677953
2420567 188.26766079645648
2422167 208.25461191366497
2423767 192.74177881478963
2425367 198.58759653525348
2426967 186.62857380541502
2428567 213.33050147964298
2430167 194.08151995132218
2431767 186.85215416654842
2433367 210.96227277140886
2434967 194.3665352353598
2436567 189.75455654038788
2438167 195.8122390286139
2439767 203.69352949798818
2441367 202.983158340628
2442967 199.83619080779488
2444567 194.30910739642297
2446167 223.7427578520322
2447767 184.69384374375042
2449367 203.51936284693494
2450967 156.57629594921212
2452567 211.01495215536255
2453155 -35.703654213628084
2454755 177.95115895673246
2456355 188.5677317947461
2457955 196.54053048607426
2459555 184.06291701455336
2461155 201.81502081076877
2462755 204.7466534808855
2464355 201.49011717562243
2465955 192.21655729190138
2467555 194.7592475112177
2468412 9.805557686321109
2469339 8.453903879716961
2470939 210.5569075719557
2471229 -77.8366660919357
2472829 153.51198539009073
2474429 197.6683802504086
2476029 218.38767648281913
2477629 202.48246631590482
2479229 189.07143021686312
2480829 205.43960454404123
2482429 210.346552160252
2484029 160.90933406850658
2485629 186.8248305821841
2487229 171.15626151860147
2488829 201.2181053016663
2490429 207.73552687709002
2492029 195.95369926206507
2493629 191.08208619969278
2495229 197.9794259617113
2496829 212.44796642851935
2498429 185.0997556299437
2500029 217.30956470314507
2501607 92.8800150131485
2503207 211.38311199060382
2504807 196.58645903315278
2506407 216.10771096247544
2508007 179.7148179521191
2509607 197.97690092008622
2511207 195.7850723280095
2512807 210.62469055129955
2514407 137.06924413359232
2516007 198.45544805425993
2517607 208.21785383178556
2519207 206.30187429625923
2520807 177.79810840093728
2522407 216.1899034641102
2524007 215.39584587213793
2525607 191.47330064525983
2527207 217.37620855101923
2528807 210.92527198052073
2530407 211.50767948267068
2532007 222.7743354496157
2533607 208.5281670898791
2535207 212.00764145773766
2536807 215.96799493622783
2538407 211.69053962985794
2540007 210.79830681845866
2541607 190.50388314996812
2543207 209.89873771382412
2544807 204.42777037570227
2546407 217.80664265520593
2548007 203.12074593348052
2549607 212.1379027199984
2551207 190.83481946337872
2552807 224.76683796384404
2554407 185.44931260493985
2554981 -34.140725853925574
2556581 218.4888988105758
2558181 185.17722759248227
2559781 192.05943274474828
2561381 201.06552385591468
2562981 215.854387214625
2564581 217.16844065207565
2566181 216.067166932609
2567781 192.27032689285923
2569381 210.4708983367698
2570981 196.68972715087892
2572581 223.29304298303464
2574181 171.38211608827095
2575781 215.84486100839752
2577381 190.2403886671077
2578981 228.44022446126297
2580581 207.83239987383445
2582181 220.10872543189157
2583781 217.13485018930106
2585381 213.25693609770707
2586981 188.94042602676714
2588352 68.130259469376
2589952 149.03094685139234
2591552 222.44486284564945
2593152 220.5394077523856
2594500 69.74564885654496
2596100 208.83046689665144
2597700 212.91768013262342
2599300 205.65999957192994
2600900 216.98738200391898
2602500 204.48680841102916
2604100 180.6742284306399
2605700 200.58698823273872
2607300 211.32765662521524
2608900 202.0910701856681
2610500 175.1424346871991
2612100 199.84083419317696
2613700 177.86357073751608
2615300 216.9341350896284
2616900 198.24421950755354
2618500 208.1954718736529
2620100 159.66078801985128
2621700 221.50354439868008
2623300 225.15849632250033
2624900 194.87513772468907
2626500 208.0890847084621
2628100 191.83326382406972
2629700 150.31978951371946
2631300 200.15030138090663
2632900 176.38938939248206
2634500 209.90057248680702
2636100 218.25788807274432
2637700 189.11160960606193
2639300 215.7773641525052
2640900 199.51378655645007
2642500 217.4010641326257
2644100 221.31477960120935
2645700 205.73385191729767
2647300 195.97617662819587
2648854 77.79592343022782
2650454 208.8484313995174
2652054 210.15749343138265
2653654 195.83497723352352
2655254 182.6172477498281
2656488 48.006887746303505
2658088 204.6219753106252
2659688 216.23159954531377
2661288 208.59503597307503
2662888 218.61151425685148
2664488 202.68520448719022
2666088 222.88358002288788
2667688 210.08300783003799
2669288 215.75441743732233
2670888 197.3898710259988
2672488 188.47039689398764
2674088 170.67924512851704
2675688 221.65851513328428
2677288 203.93195821645287
2678888 189.09266715306745
2680488 177.90716645479614
2682088 202.92606886421197
2683688 221.55056317787663
2685288 176.77524611601146
2686888 185.3538022204494
2688488 213.67480452466228
2690088 204.25855496499543
2691688 185.0776511370534
2693288 209.03686220815771
2694888 215.04272562461705
2696488 193.40844044521884
2698088 214.10410443391885
2699688 158.4185550239267
2701219 96.29120621669702
2702819 185.3038368929915
2704419 193.1076592533249
2706019 216.03845840795293
2707619 197.7363365706153
2709219 219.1895340816556
2710819 218.77968395516646
2712419 208.2265424985671
2714019 204.72614467148225
2715619 158.29363448553875
2717219 201.76935035753877
2718819 206.3812263425076
2720419 175.8642474218668
2722019 211.54629680123443
2723619 220.32827461771222
2725219 210.13391040743218
2726819 183.1332453734748
2728419 205.44485250857622
2730019 198.65100931540212
2731619 196.54303122440146
2733219 186.3786964136909
2734819 151.55635003677247
2736419 209.72345336371782
2738019 142.033066390602
2739619 119.92350631606479
2741219 204.4214474434285
2742819 214.44622120967878
2744419 191.22412894888387
2746019 168.72201689083053
2747619 206.77755413638832
2749219 219.334701053866
2750819 196.66886806364812
2752419 213.66193148507674
2754019 188.0599925196495
2755619 114.58842502706894
2757219 204.58090220202888
2758819 198.84660394573646
2760419 169.75335578458234
2762019 198.6005705712098
2763619 198.80109960730076
2765219 214.36337468704417
2766436 24.731061003183612
2768036 169.63520746525705
2769636 198.51174194461396
2771236 218.17564078621515
2772836 192.5130564776637
2774436 217.6291431358945
2776036 199.22984303670088
2777636 212.3745711813193
2779236 219.24609236792037
2780836 217.20188959620668
2782436 212.13617794790562
2784036 217.74948443753
2785636 191.94601058379132
2787236 162.68472843872772
2788836 226.68072451146762
2789921 34.029656733159015
2791521 208.42646168277082
2793121 170.46771635620917
2794721 191.0203075209974
2795800 24.22676879517931
2797400 198.83796798193563
2799000 214.44570136653726
2800600 155.3072701207859
2801828 56.79992888923141
2803428 207.93948719755616
2805028 199.5670474156256
2806628 212.3701560198437
2808228 216.7383549189053
2809828 181.8131053511022
2811428 212.4551950818843
2813028 203.80580711302252
2814628 210.45777418824505
2816228 200.88474022733743
2817828 221.30291205601637
2818834 20.44329071021275
2820434 186.35930034493416
2822034 191.07411831703538
2823634 227.2380907361894
2825234 218.30867249103258
2826834 200.40098978112533
2828434 219.50857857789904
2830034 213.87142622795582
2831634 219.52907976958423
2833234 212.75203993025417
2834014 -9.951446364106701
2835614 221.29825228537473
2837214 212.99691753660744
2838814 171.26230646148545
2840414 209.39215115056672
2842014 219.588546601012
2843614 206.93767470360848
2845214 210.6106820584459
2846814 186.06362431954378
2848414 221.75686562768823
2850014 221.64780549100715
2851614 193.94755858819798
2853214 178.31295821650502
2854814 191.72356350750871
2856414 209.94573824376974
2858014 218.22932311224207
2859614 204.75284116700902
2861214 205.69901644767623
2862814 196.31790508559456
2864414 212.04435882228537
2866014 221.22401223676385
2867614 200.3602128844937
2869214 212.78582246720413
2870814 201.67025866557123
2872414 208.4992517964548
2874014 178.95323515908873
2875614 190.1153700090019
2877214 196.54134447256584
2878814 223.37550847904035
2880414 199.8441966761215
2882014 211.59319846450396
2883614 213.96708830323854
2885214 203.94270087418423
2886814 214.72284600494328
2888414 199.72885506669797
2890014 214.4365272690487
2891614 199.69149942200187
2892381 -9.58642529328037
2893243 -0.8880826125262473
2894843 209.753645100568
2896443 200.55769906014035
2898043 224.082731080676
2898620 -61.076501079385494
2900220 210.58129919729691
2901820 212.81505505370436
2903420 181.05136168181576
2904693 65.85755873724764
2906293 217.90142145903903
2907893 227.14404970043637
2909493 221.4344723020907
2911093 220.3844241187153
2912693 210.696653116698
2914293 212.4612852797291
2914615 -77.09637070109136
2916215 224.62371345796626
2917815 195.7100414174021
2919415 194.59874416089895
2921015 202.84751365347032
2922615 212.51865154792736
2924215 217.1607568277493
2925815 216.97761744818922
2927415 202.46181737802596
2929015 226.98853833079824
2930615 218.9213279842746
2932215 221.04161222756866
2933815 218.16536012847808
2935415 226.6490493150839
2937015 199.15031820264272
2938615 207.84061645819614
2940215 210.13572114587456
2941815 202.74160948875445
2943415 219.26298650755896
2945015 214.6247845126246
2946615 192.85034876979518
2948215 217.73882361625095
2949815 216.6080008038156
2951415 213.90947684560766
2953015 209.88430067850413
2954615 201.70105448821508
2956215 213.12777385950292
2957815 221.05566268020894
2959415 198.9290051742689
2961015 208.96063983613166
2962615 211.6811343639437
2964215 215.90497899311973
2965815 168.52908708955204
2967415 218.88185375690816
2969015 191.761696829745
2970615 211.04050497695707
2972215 225.24930297285042
2973815 212.6902074247967
2975415 221.93219186597716
2977015 202.68165550322678
2978615 211.7081841931069
2980215 194.44563676464838
2981815 224.26768380899156
2983415 208.86997969225197
2985015 225.73505685706922
2986219 26.624832153195754
2987819 193.686165532965
2989211 91.42759583486193
2990811 225.95123816766622
2992411 219.15372680565022
2994011 217.27455129046857
2995611 221.61855022146034
2997211 224.461949899814
2998811 213.495995109864
3000411 221.61822963827802
3002011 234.13879688492293
